500 4621
489 494
133 400
42 356
29 106
150 84
96 68
112 173
245 90
393 8
90 432
422 161
311 23
395 283
190 334
214 109
391 291
452 45
276 371
216 393
420 38
84 388
426 338
172 298
202 136
363 273
442 128
177 212
302 21
373 318
210 476
306 342
345 485
170 318
441 403
318 464
229 402
396 498
114 318
459 249
417 74
342 277
434 308
376 8
176 57
76 381
254 189
91 130
348 336
490 38
356 167
259 277
269 424
118 81
402 307
413 62
304 51
403 323
359 472
30 140
381 491
145 340
62 66
438 459
487 394
19 179
102 382
451 146
45 242
348 459
305 353
204 171
400 480
384 15
313 290
411 93
459 142
478 101
340 358
73 352
37 260
94 215
68 58
475 301
373 362
303 221
24 477
177 89
263 445
330 432
239 493
77 70
168 329
145 45
394 412
86 437
154 173
40 317
363 179
475 160
239 184
221 297
311 499
419 288
72 10
111 406
135 248
448 170
487 37
28 117
429 378
271 318
178 54
114 169
67 373
437 214
174 284
129 283
193 427
323 268
152 332
223 12
349 287
201 497
321 98
142 242
248 486
349 97
55 404
445 363
315 260
218 30
321 109
105 350
148 251
309 401
25 426
96 27
362 17
316 153
293 312
76 361
80 411
124 434
373 480
219 127
345 93
393 101
443 195
461 380
34 64
433 176
156 421
210 152
134 478
379 143
308 271
340 437
171 325
132 372
254 359
365 344
99 471
335 4
396 364
363 165
58 358
347 215
303 408
201 267
8 233
211 37
253 3
443 494
477 80
291 241
147 300
319 33
78 140
47 492
180 318
242 271
34 495
140 155
214 157
369 126
316 159
177 44
313 411
144 242
371 493
18 492
382 377
361 221
139 123
458 232
206 333
321 160
53 312
60 306
87 157
299 103
142 285
280 488
496 381
456 469
239 188
464 296
279 195
305 367
124 19
195 232
62 286
383 362
31 295
364 152
332 266
151 270
171 261
161 287
451 211
75 296
389 409
149 141
418 254
470 382
369 444
392 195
260 248
422 14
417 342
310 483
323 479
184 399
155 71
66 101
328 119
53 21
182 326
429 12
163 75
230 390
427 174
402 255
252 19
412 7
184 266
322 259
198 129
4 314
155 181
414 257
152 269
432 236
137 481
265 274
21 107
476 314
106 219
402 54
194 37
95 334
398 19
426 398
367 19
180 463
175 336
69 268
298 375
112 169
8 111
253 212
156 445
22 157
157 360
474 318
284 330
443 478
104 34
209 70
21 301
236 189
47 168
291 87
236 283
374 253
451 494
309 102
233 290
72 237
158 93
424 368
347 340
204 251
134 481
318 125
141 356
81 29
294 202
203 14
251 334
328 26
312 174
187 292
488 410
485 431
422 378
233 103
252 102
42 31
119 195
492 410
152 177
410 399
110 250
374 57
396 368
262 474
130 479
415 351
433 195
41 241
319 238
161 231
500 211
132 142
203 121
117 347
410 216
465 253
358 64
295 418
496 441
401 224
235 209
424 15
431 458
347 320
325 210
323 76
45 416
189 224
47 346
103 70
326 252
176 395
33 128
412 178
52 127
362 332
280 36
428 480
495 110
446 190
428 195
83 287
56 324
412 136
273 124
100 378
87 255
301 333
446 263
175 335
400 419
97 201
273 186
398 427
25 387
446 411
436 352
2 230
218 271
132 416
282 53
155 207
248 175
340 180
377 164
167 124
404 442
110 450
204 140
105 322
354 291
442 448
472 98
294 197
378 382
201 134
298 3
274 300
475 224
421 25
326 140
274 29
3 131
204 81
332 212
192 411
420 14
153 7
355 138
416 149
397 8
178 345
169 110
275 470
363 429
158 298
114 210
227 270
306 351
121 255
361 222
448 261
65 145
446 29
53 236
371 325
205 253
174 266
299 184
348 201
433 45
461 29
395 153
452 17
204 255
125 206
160 193
71 249
470 208
246 184
453 408
477 475
450 101
244 91
149 101
49 109
98 410
323 443
25 400
428 280
26 234
232 421
173 371
181 34
344 186
262 229
220 218
390 1
58 464
387 386
255 315
449 402
349 482
42 160
461 342
335 419
52 491
96 282
51 474
245 399
341 493
57 179
308 337
380 60
476 272
70 380
308 417
476 183
8 307
117 85
496 127
74 193
179 326
168 492
433 488
324 359
185 478
320 69
37 228
375 338
172 359
374 319
6 129
200 394
34 66
77 383
199 160
279 132
185 356
319 477
102 410
49 294
440 376
22 291
343 351
486 28
386 279
185 494
353 471
398 108
102 182
349 83
316 482
323 191
44 280
310 252
4 396
190 125
30 301
472 403
56 205
114 316
374 201
28 169
49 59
187 263
430 267
359 440
443 422
174 240
153 54
54 299
269 379
395 337
346 234
169 412
416 305
254 426
148 400
342 3
111 387
205 157
52 265
252 3
345 405
346 481
415 458
477 136
475 418
168 316
359 62
430 203
269 281
62 158
368 118
322 468
299 116
465 86
254 290
410 373
330 55
340 57
102 222
336 42
37 190
390 306
450 137
139 323
334 388
175 24
464 241
277 83
406 412
318 54
290 239
213 41
210 68
363 296
391 404
255 210
94 101
111 263
179 282
340 429
93 500
350 145
5 96
292 412
235 447
93 269
57 351
183 222
113 395
247 443
230 127
259 99
188 193
31 257
87 467
334 235
99 421
209 442
326 126
256 440
283 482
319 245
25 46
311 57
407 283
189 204
366 478
209 152
359 428
392 416
219 305
475 56
174 403
61 314
466 280
67 352
11 216
173 132
147 282
477 121
64 424
457 376
418 28
246 258
205 275
33 220
282 308
479 241
462 304
197 411
2 249
420 485
226 48
6 30
86 484
113 478
370 180
317 202
406 479
197 246
233 124
284 383
361 237
26 244
481 225
316 116
184 447
403 73
435 181
439 326
351 155
48 378
247 261
246 242
351 53
259 183
55 200
480 316
27 442
59 91
263 195
245 349
277 30
332 342
220 267
96 58
395 497
235 430
381 94
476 276
332 74
265 277
310 94
453 125
171 481
483 199
164 361
185 194
433 19
450 145
311 129
368 73
322 47
281 333
458 447
122 74
471 149
429 490
116 61
291 100
319 81
131 184
430 388
38 381
400 204
33 173
287 426
279 38
143 307
401 351
49 446
116 329
7 127
102 367
94 438
394 198
65 117
425 148
198 177
467 82
422 22
360 387
444 343
55 138
500 295
100 202
258 133
288 478
280 491
371 426
264 240
52 171
395 288
296 17
195 438
88 499
462 73
474 254
417 375
328 216
138 322
271 264
471 139
183 48
75 493
213 279
170 367
387 289
278 114
224 14
486 408
453 96
334 12
331 423
380 377
318 498
329 201
19 334
146 97
11 136
280 150
239 52
64 294
212 226
252 214
110 357
331 302
199 241
248 83
372 295
207 376
467 77
160 411
123 432
153 149
18 252
480 341
86 477
483 56
326 155
149 121
464 390
96 142
193 274
104 24
97 24
366 62
266 181
213 397
127 455
168 187
269 46
405 276
186 247
101 142
219 142
242 115
10 292
76 300
435 437
490 186
243 305
34 15
249 6
495 308
339 477
144 449
486 379
289 20
258 239
421 85
384 319
36 395
189 384
310 363
363 399
94 10
264 328
64 63
458 365
388 71
391 226
149 343
229 175
273 430
468 183
383 66
436 117
44 295
238 209
326 297
336 218
493 89
188 262
454 378
247 214
188 407
352 19
316 325
9 82
268 348
14 429
242 267
448 199
238 445
335 143
201 355
257 222
338 457
9 422
244 132
120 308
464 71
74 241
197 85
234 462
472 449
457 33
33 36
55 133
482 116
176 34
296 77
452 19
199 65
56 178
388 288
412 484
169 316
441 333
365 406
163 421
474 132
389 72
187 69
128 191
455 211
201 432
460 371
486 334
116 411
13 338
444 392
39 356
59 498
187 386
78 500
210 495
24 197
381 213
274 164
465 398
452 215
493 237
317 388
493 186
176 116
113 89
390 152
276 363
76 360
428 20
223 167
59 480
17 440
109 427
238 486
8 353
398 375
10 184
178 139
420 88
303 364
91 151
34 280
152 348
122 95
432 219
58 306
231 132
147 346
222 407
234 93
27 407
91 139
46 71
481 430
173 433
132 15
208 146
337 157
25 343
467 290
310 175
157 433
216 40
327 26
247 481
109 471
130 288
287 443
419 271
181 23
140 158
336 268
151 435
25 61
254 118
17 246
140 440
298 485
50 108
368 181
148 487
185 360
256 43
369 329
457 346
418 222
274 39
6 240
214 206
287 228
359 351
438 488
240 327
21 136
263 390
122 304
156 122
231 450
354 30
254 152
73 411
184 412
313 133
323 83
117 89
476 340
96 129
423 52
127 407
192 125
29 344
239 123
373 391
252 333
75 369
223 426
467 497
194 91
355 437
52 121
282 421
353 134
273 294
4 31
425 88
136 220
46 183
288 95
228 187
49 343
462 415
299 156
21 14
32 126
228 389
241 83
347 337
316 113
39 412
18 386
154 342
418 443
319 473
431 395
50 428
111 35
465 35
314 326
454 330
202 358
118 139
321 484
133 365
459 446
441 44
268 466
233 92
193 230
247 365
229 30
473 124
154 499
274 477
292 14
353 450
286 51
394 349
298 197
461 269
222 471
231 65
36 387
417 427
427 87
440 311
98 218
256 304
296 80
416 102
83 398
217 170
290 448
434 226
136 17
459 379
175 258
286 251
222 57
101 341
467 486
237 408
29 386
109 393
335 399
56 266
364 141
138 350
469 449
296 498
41 177
386 162
164 183
367 75
418 275
243 96
154 336
451 436
497 322
37 407
281 100
133 434
442 172
135 343
18 491
333 213
314 9
173 18
380 436
7 355
36 9
470 280
477 233
402 465
71 327
199 53
6 490
147 269
449 479
286 347
373 365
438 105
23 212
266 416
363 426
452 411
59 432
94 64
32 361
409 416
90 56
479 40
449 436
120 294
405 206
214 53
147 198
410 312
400 120
212 373
234 406
244 417
449 384
406 258
367 24
185 451
218 455
433 432
72 137
265 440
193 332
366 120
339 129
427 480
387 324
169 252
264 73
428 406
209 435
443 455
104 14
302 144
230 273
192 412
36 457
34 357
384 317
290 209
182 7
64 374
324 32
356 248
148 330
316 331
301 142
310 430
460 396
16 116
4 424
274 140
409 24
414 226
284 408
139 86
287 494
101 345
486 307
124 78
273 498
119 202
398 16
23 205
297 50
466 52
329 36
420 333
397 402
326 290
183 393
75 227
30 200
475 367
289 210
156 54
142 333
292 39
245 472
124 401
238 269
125 346
60 443
440 306
332 16
102 277
134 283
430 122
338 190
198 5
68 476
193 307
165 355
283 364
8 208
2 337
41 384
205 103
494 78
339 330
188 440
438 364
393 365
111 304
151 62
398 293
285 444
316 149
234 133
193 225
72 127
280 99
405 358
333 446
274 287
261 451
56 408
362 346
395 375
389 285
440 411
424 469
443 493
461 332
219 446
252 238
390 22
389 345
140 395
300 462
65 209
128 113
311 64
43 392
5 328
446 162
325 132
246 394
43 70
177 80
126 257
341 198
373 351
413 57
111 237
35 256
327 27
428 219
122 34
237 58
152 414
121 191
390 334
184 167
71 164
24 176
81 114
481 92
155 154
161 379
144 443
287 183
497 21
473 470
338 147
469 418
240 319
130 212
127 46
431 227
14 462
185 373
161 323
245 365
266 417
208 465
485 410
310 68
93 381
450 236
408 12
149 459
14 137
56 410
171 413
244 307
291 93
496 6
191 399
129 476
97 253
218 371
347 310
356 97
342 20
89 184
412 320
390 176
192 135
301 56
500 179
238 379
227 308
438 391
153 493
94 358
229 354
42 57
398 437
492 101
191 241
325 256
162 126
407 190
226 361
329 179
69 207
75 196
411 499
108 49
77 486
341 97
330 298
463 88
97 66
310 154
377 172
346 436
125 353
236 439
278 153
468 245
262 461
316 248
173 235
432 126
497 500
291 443
219 4
148 477
15 217
496 235
276 393
47 374
46 90
329 166
355 417
233 11
385 94
92 99
263 196
16 362
302 90
364 118
289 347
94 276
82 257
270 415
186 166
435 172
70 241
389 354
253 196
451 440
347 118
363 173
406 39
154 122
306 432
289 340
242 488
301 458
85 348
417 442
368 155
226 153
181 488
18 274
182 402
215 214
190 19
37 119
238 320
212 16
88 255
172 350
170 192
344 477
303 331
490 475
43 458
413 86
76 425
338 229
162 190
442 270
343 10
484 438
70 100
215 117
415 346
329 247
442 141
16 459
225 188
249 32
466 211
493 5
365 324
59 117
136 56
205 431
52 468
38 178
271 428
76 22
214 494
216 76
188 459
221 388
18 150
234 345
335 473
81 126
352 302
211 287
449 461
97 413
106 11
319 146
88 267
317 111
44 406
51 396
25 286
435 286
16 19
459 427
428 15
409 248
391 480
340 373
186 418
278 435
44 403
395 104
350 191
205 87
398 371
437 412
315 211
249 192
468 11
166 164
184 448
178 334
473 474
106 146
182 403
425 478
142 479
186 253
198 279
288 369
394 319
128 460
308 460
107 86
444 416
262 119
88 232
321 494
85 279
491 215
56 318
171 146
80 298
297 175
282 374
221 186
86 293
272 329
314 272
293 411
193 374
471 360
446 421
500 231
64 198
238 47
179 442
203 461
219 388
305 228
435 305
389 202
136 375
291 4
214 344
110 448
275 168
101 23
453 298
193 3
266 444
135 218
377 438
372 115
129 62
82 482
276 360
30 45
205 99
360 455
206 463
288 418
390 202
471 232
143 391
116 124
500 362
248 132
370 409
135 108
133 30
199 487
11 499
272 126
210 494
181 212
433 288
305 114
203 124
115 478
483 62
290 96
322 157
482 113
109 418
228 115
53 71
139 260
323 141
387 213
352 299
338 396
39 173
462 428
471 283
153 22
196 456
163 158
270 90
424 235
106 244
122 302
192 168
307 238
406 92
435 472
70 22
215 303
7 492
65 458
396 177
62 302
282 9
5 453
418 87
173 391
232 168
499 251
375 427
412 112
491 396
265 393
12 227
379 280
60 214
244 285
142 457
424 239
202 363
308 316
312 439
82 460
206 67
323 333
311 289
284 308
328 211
253 373
222 120
330 381
164 187
402 41
86 221
45 413
91 141
419 464
218 157
318 131
346 194
449 263
304 160
96 311
80 56
50 477
335 284
54 294
78 312
76 417
394 267
232 297
182 132
58 230
69 174
313 260
395 415
101 240
377 308
456 328
439 279
486 267
149 64
437 119
154 28
8 160
450 11
53 447
431 432
146 392
142 315
237 303
325 29
375 168
330 337
118 129
101 416
114 469
346 325
287 11
150 69
11 21
323 182
74 309
47 233
465 42
8 316
412 138
407 478
162 161
414 290
370 44
97 453
174 443
125 495
219 488
191 379
114 413
252 390
438 171
299 183
431 313
299 470
242 351
266 393
263 246
471 300
105 309
442 10
452 278
478 344
268 43
205 307
224 437
263 28
60 64
41 95
433 470
156 370
181 227
335 359
322 32
330 87
304 351
499 292
349 44
493 32
160 257
419 205
249 373
99 103
219 206
403 172
146 263
475 311
437 395
275 187
164 483
407 51
253 58
447 226
53 377
274 307
371 88
478 105
303 241
52 382
263 184
20 115
433 267
251 132
132 241
128 167
7 428
373 266
3 72
128 439
188 129
489 315
61 313
55 31
275 146
441 260
194 313
371 69
159 282
365 493
234 227
438 230
4 392
4 132
107 122
122 357
269 78
381 237
463 39
461 484
120 13
437 106
370 225
452 239
490 233
165 136
111 59
108 319
430 121
499 464
289 14
248 454
158 355
49 215
39 480
324 235
184 91
189 53
25 327
10 243
34 470
357 401
241 10
222 110
428 412
69 435
458 259
52 108
369 370
383 108
408 290
134 3
123 283
454 358
220 88
27 452
9 356
292 4
450 432
165 404
132 493
141 397
385 396
475 71
293 414
154 325
413 486
28 461
272 462
414 64
66 242
419 215
112 424
493 465
465 351
97 175
133 15
396 480
133 68
449 497
247 110
286 430
154 390
11 293
208 421
303 68
464 22
225 18
388 453
336 311
434 50
339 444
259 418
70 483
223 399
490 34
461 474
154 267
472 260
458 193
306 359
85 57
500 154
370 6
283 62
332 444
363 31
322 128
464 478
252 138
114 120
205 44
65 171
314 137
230 383
477 153
300 270
46 9
232 24
96 181
437 490
183 485
471 479
6 237
395 196
13 447
244 399
335 33
456 447
318 215
349 112
413 224
455 426
237 419
483 230
40 223
424 57
230 270
36 84
369 306
354 308
299 461
86 25
2 195
79 163
247 44
485 229
231 104
1 194
220 19
221 133
149 342
276 102
253 414
481 237
202 285
52 187
499 261
449 310
196 225
396 294
390 392
423 318
18 426
281 40
328 217
450 154
383 338
476 320
298 141
431 456
32 217
380 235
342 112
177 131
265 453
386 318
225 183
99 162
346 185
128 180
436 448
488 498
67 196
18 259
379 427
189 483
281 367
80 205
327 170
145 414
483 138
98 20
324 357
52 492
312 5
175 179
262 477
79 389
20 65
28 159
393 133
438 144
491 129
129 427
275 161
243 479
204 86
369 26
385 349
139 108
251 240
246 411
206 297
200 233
86 190
72 209
178 212
161 28
147 319
467 349
240 170
288 188
371 306
60 321
400 279
377 161
219 343
76 441
155 70
111 226
405 478
304 270
36 327
4 51
9 265
345 261
473 462
154 375
181 191
323 155
430 428
285 195
497 229
272 466
236 227
386 277
72 201
240 250
144 276
371 334
102 285
357 316
72 304
368 147
16 117
408 46
485 150
334 231
155 479
89 344
175 31
451 342
20 54
131 141
383 394
308 260
407 387
495 358
322 149
235 44
133 480
479 262
304 413
414 444
131 225
122 283
76 157
489 222
304 92
245 430
249 433
284 39
393 38
326 141
78 371
124 352
238 386
69 193
184 441
449 306
386 253
14 140
311 334
215 346
124 425
145 190
125 307
470 183
325 197
451 92
360 131
162 182
417 129
327 24
307 316
370 110
380 95
275 125
13 18
124 33
320 144
27 290
454 173
108 260
377 173
228 257
396 243
352 16
16 375
148 9
63 215
135 480
167 216
54 24
89 71
413 56
78 323
182 105
461 16
220 468
191 97
236 400
300 359
396 208
61 89
261 465
397 231
113 80
487 426
431 285
446 186
163 233
167 271
299 265
299 16
167 172
338 204
463 322
240 365
239 145
357 36
277 177
385 378
396 38
434 51
153 489
164 19
343 96
358 414
280 411
23 176
48 61
145 285
7 277
378 300
447 232
57 450
368 132
450 128
120 236
21 265
424 98
210 75
360 49
244 168
100 191
33 388
167 94
69 265
373 434
3 417
139 499
164 287
203 112
377 193
69 83
392 255
127 113
336 3
433 11
129 135
207 478
235 105
122 121
483 387
99 75
390 468
179 168
181 357
448 230
378 87
226 183
458 17
387 453
339 283
104 373
206 336
433 375
117 406
497 255
100 285
285 181
221 373
281 301
395 300
200 94
209 297
139 408
451 269
193 312
269 327
212 459
8 301
178 385
195 178
145 468
377 278
280 464
67 422
25 58
355 74
100 158
335 454
417 85
277 484
462 161
278 148
436 177
104 332
103 160
482 158
57 13
454 362
340 117
403 124
378 224
199 415
269 155
288 467
165 94
19 236
136 207
160 209
69 16
325 343
385 318
370 359
350 237
407 253
439 290
358 4
87 309
352 204
490 113
179 24
138 332
20 221
272 469
436 413
58 42
72 230
210 244
53 23
467 341
354 373
327 220
125 482
114 428
418 296
115 153
47 172
308 425
55 122
201 25
246 74
316 336
222 336
305 39
216 438
156 294
186 274
116 287
336 77
124 297
379 320
472 232
409 414
394 375
82 292
134 139
137 139
352 52
349 20
134 25
370 450
178 73
400 238
261 276
270 215
486 64
481 431
120 307
244 197
149 207
322 163
366 339
227 429
61 199
9 400
115 186
183 270
156 95
140 325
15 481
494 116
186 432
54 384
87 105
313 294
466 253
124 327
246 278
287 497
326 127
434 81
432 265
18 233
369 403
185 488
483 266
208 280
59 132
174 188
84 139
434 336
53 58
301 80
185 316
32 142
338 312
252 274
404 263
64 161
45 330
56 49
310 354
331 43
325 492
488 269
152 326
468 36
340 223
34 329
347 53
255 419
262 433
409 212
241 2
138 136
249 233
130 17
341 94
169 245
306 424
253 163
389 492
328 455
70 145
110 302
358 279
153 499
109 138
424 217
236 68
429 199
61 327
271 269
28 465
449 179
220 466
243 71
479 13
277 356
373 139
286 327
334 434
146 471
359 102
426 20
198 108
12 500
438 156
2 393
146 344
459 303
180 391
410 110
424 265
414 148
133 102
200 236
101 387
423 261
386 43
425 241
247 494
397 264
484 131
498 62
46 26
279 167
355 115
328 192
351 499
309 213
258 127
387 7
98 291
39 162
306 266
23 433
164 75
68 163
155 106
212 133
17 466
108 459
21 314
490 295
396 450
132 399
291 488
181 28
369 340
437 367
454 416
472 156
47 254
19 13
454 489
83 194
381 268
317 370
389 246
466 454
28 423
334 280
35 386
268 191
373 191
408 228
396 443
125 83
459 300
246 497
212 41
368 32
206 388
411 447
369 167
424 345
99 352
143 305
495 264
289 50
8 62
433 74
351 230
466 47
74 234
347 435
178 123
470 420
400 102
279 367
402 150
122 394
479 498
49 196
481 293
427 57
155 176
446 398
332 181
379 341
57 249
352 334
465 27
319 385
360 219
455 4
323 171
216 457
253 328
453 228
79 314
245 55
261 438
2 178
428 220
135 460
202 28
135 50
212 417
305 248
264 120
96 376
244 218
90 213
476 441
456 98
496 57
71 294
302 495
431 153
431 216
208 167
469 184
394 57
71 297
447 478
315 39
188 183
262 17
6 491
62 348
454 274
70 140
248 256
83 449
386 335
381 380
30 355
27 447
6 105
408 166
291 43
229 384
157 17
128 111
45 324
208 226
245 288
32 334
341 83
241 247
335 457
471 267
292 375
213 45
404 286
65 147
445 245
138 222
251 403
373 204
286 139
129 104
178 279
72 175
438 35
418 315
494 424
401 97
303 178
331 476
374 132
321 351
204 207
325 170
481 175
471 378
224 419
436 208
399 255
415 181
498 7
99 474
410 137
283 344
499 437
37 489
107 210
232 112
448 65
191 29
90 207
338 94
73 306
493 111
325 436
287 14
29 338
1 486
218 416
168 211
209 360
24 296
18 272
50 122
372 322
11 364
223 23
256 257
103 397
167 309
21 183
208 11
1 307
258 35
230 120
112 31
390 35
194 344
36 420
166 114
103 342
398 76
423 170
29 109
412 296
19 205
408 326
383 51
412 448
331 199
336 446
152 219
64 250
372 355
157 244
453 366
335 367
115 281
371 140
71 42
473 100
396 65
271 228
196 222
166 377
167 33
252 26
471 115
252 63
246 147
152 413
420 127
21 496
234 480
87 401
247 484
47 395
326 230
394 139
129 80
383 29
287 331
145 133
320 213
262 495
122 204
215 72
358 208
476 449
55 457
288 344
451 260
317 342
440 312
228 164
364 249
128 54
208 12
488 25
342 160
246 193
471 261
387 438
348 156
123 382
176 169
374 441
376 500
160 53
187 500
342 336
182 396
418 472
320 68
498 478
432 22
272 221
18 453
136 364
497 199
234 433
357 247
310 192
73 99
43 469
98 145
218 192
441 290
198 3
153 133
265 482
75 407
303 313
439 304
323 179
193 320
204 35
449 429
386 491
458 450
262 389
441 308
9 490
304 8
489 156
175 59
169 132
329 469
351 192
198 4
91 223
242 103
297 108
79 131
428 75
434 93
148 123
67 473
242 390
253 169
228 422
418 381
168 76
15 336
238 450
498 118
160 39
143 363
282 1
126 164
49 113
1 164
64 143
177 500
44 61
432 95
291 456
288 201
202 337
70 436
304 12
489 401
146 356
422 249
482 184
482 127
196 275
342 242
17 11
80 265
356 376
459 293
199 266
256 92
500 115
439 270
324 401
493 207
427 27
346 179
258 187
31 265
221 32
324 398
29 331
255 348
26 480
197 301
34 56
172 158
428 77
266 288
116 60
210 173
129 393
218 155
392 59
378 210
423 456
167 373
389 438
327 452
430 403
399 495
426 420
466 10
389 481
224 241
408 321
263 451
119 306
354 418
407 19
123 75
368 63
52 19
357 391
327 52
410 147
385 148
492 407
106 42
165 382
52 416
139 424
454 73
287 315
419 379
258 161
23 180
66 40
207 137
105 294
466 112
498 5
268 176
2 456
402 205
317 1
357 141
323 23
17 471
487 289
385 89
363 108
369 460
482 466
180 308
457 420
161 122
34 489
99 279
314 158
56 455
135 496
321 359
38 274
101 16
381 161
45 496
346 110
490 119
96 133
218 65
341 96
1 118
442 409
271 78
203 129
131 299
303 379
156 183
183 215
159 61
323 312
399 87
34 41
150 286
183 482
77 319
178 474
420 284
404 135
303 322
212 45
181 19
182 114
25 334
172 243
152 169
461 123
389 27
47 456
76 1
15 2
183 411
298 15
139 465
349 442
353 382
328 311
148 84
396 375
441 265
255 408
55 291
446 345
299 485
471 419
482 495
275 358
287 361
75 457
157 283
498 398
396 242
455 354
255 54
34 144
248 441
248 426
204 350
148 256
250 266
395 88
392 345
263 366
190 396
44 101
143 400
459 367
346 191
133 194
450 118
149 39
80 429
63 319
135 246
437 241
171 392
176 138
402 252
483 72
224 159
396 333
468 202
17 481
184 128
234 447
309 479
42 38
41 142
455 349
413 36
115 440
119 92
195 276
62 363
227 490
199 341
332 457
91 257
237 474
411 467
25 93
372 89
467 96
291 421
24 406
10 211
336 57
197 249
198 83
475 434
201 130
53 135
107 76
476 446
255 170
498 399
173 265
299 373
181 493
151 417
83 450
351 283
321 288
59 441
157 355
104 450
118 386
348 291
282 47
208 97
172 52
356 478
272 327
305 407
361 60
433 213
341 253
294 246
233 435
29 314
391 485
158 325
473 19
131 197
165 54
187 54
309 99
149 457
353 124
115 109
299 308
355 378
142 329
308 118
127 18
425 177
447 267
358 420
478 342
344 349
98 247
284 248
129 423
410 67
394 386
248 466
9 266
227 302
476 393
177 117
170 351
220 4
369 292
217 391
308 199
234 420
226 109
105 199
335 394
91 235
92 123
167 288
477 386
226 255
390 161
66 75
369 315
495 297
106 140
172 205
403 14
134 325
78 448
474 109
276 87
22 333
303 224
133 389
173 109
214 479
75 119
252 53
403 390
403 2
473 369
235 19
104 27
88 31
395 31
202 423
493 438
101 188
491 237
189 430
121 179
32 11
213 56
140 492
461 419
164 447
450 21
292 435
268 84
422 363
293 379
18 55
143 370
284 485
230 278
4 192
97 409
366 182
467 382
205 136
452 25
246 203
194 427
197 219
38 384
355 428
392 363
464 126
183 137
146 354
303 226
84 358
382 321
25 297
150 267
361 31
77 257
84 19
27 396
218 18
81 73
177 303
478 400
382 369
287 219
266 46
188 348
382 400
326 163
277 103
143 65
47 195
369 8
457 233
3 297
493 78
241 433
307 415
29 393
365 223
251 342
456 184
90 122
148 108
91 274
10 251
150 426
271 410
262 464
472 124
7 209
363 321
133 115
471 415
356 385
88 6
60 253
396 478
271 276
404 360
32 82
285 121
197 428
421 96
440 472
316 165
169 42
83 376
55 339
134 88
387 356
248 446
140 323
467 479
83 458
144 37
220 301
148 265
271 369
348 154
281 54
402 190
100 319
88 269
81 342
369 282
117 176
78 239
410 127
262 469
230 243
290 379
286 300
488 274
250 262
44 197
98 453
73 283
327 382
226 473
4 391
146 458
166 50
113 238
483 262
220 138
104 273
142 245
160 27
21 76
138 70
329 107
40 180
469 334
37 283
432 272
130 241
11 99
475 24
173 72
232 171
418 268
217 302
30 402
174 18
36 345
171 399
400 426
39 436
131 202
203 229
21 218
122 460
244 485
173 278
161 93
21 206
108 160
140 218
68 471
304 49
158 73
457 446
110 166
250 443
435 340
434 43
5 203
159 363
457 425
474 10
430 291
339 338
266 257
96 145
83 266
307 377
428 456
284 156
470 237
240 472
445 467
22 490
451 71
204 392
297 365
105 489
475 352
104 98
337 20
434 146
194 429
351 340
266 154
440 37
196 167
432 335
251 192
308 314
125 55
149 69
486 363
320 65
413 167
105 111
11 118
68 440
242 487
496 334
365 491
190 28
400 222
378 160
200 203
112 264
487 252
108 154
76 90
129 306
280 367
454 50
156 164
322 426
358 114
426 418
98 496
420 81
112 255
244 114
426 323
495 118
47 82
498 140
116 408
248 70
134 420
222 415
219 167
277 56
361 306
131 124
438 286
476 483
372 265
189 154
20 53
343 51
345 409
223 356
144 403
3 89
87 425
425 445
82 180
472 223
4 337
391 7
336 281
3 355
473 475
283 456
199 202
410 368
6 338
462 348
74 331
255 225
132 354
318 377
227 141
217 140
266 485
323 15
103 446
432 319
36 65
289 58
119 452
434 56
441 134
41 260
154 453
46 178
148 249
493 287
183 432
215 316
294 5
213 287
34 300
102 7
500 176
459 292
126 215
446 379
138 200
196 115
85 164
187 410
393 294
291 82
84 245
6 46
184 430
398 453
196 58
167 408
302 383
111 213
352 270
415 4
45 446
192 288
357 48
449 381
383 463
65 164
202 146
359 45
337 38
356 22
226 118
251 29
167 322
51 21
222 494
276 490
416 288
248 465
466 18
37 68
249 283
317 315
390 443
274 165
60 288
493 117
355 43
137 67
81 296
111 430
347 231
484 96
26 38
426 405
177 255
337 331
17 448
478 438
29 353
157 468
476 437
250 333
325 10
408 318
440 452
331 236
155 477
156 2
186 312
16 105
377 459
415 451
490 497
230 427
291 428
384 383
332 242
477 140
335 43
211 132
110 430
487 395
497 357
311 378
40 366
186 97
58 88
319 349
255 78
217 416
466 445
11 236
469 64
244 385
188 93
343 56
345 362
124 257
422 72
116 338
105 490
347 71
367 224
283 165
298 205
415 375
5 355
431 442
287 107
24 377
283 203
273 481
138 115
314 426
311 174
43 484
285 366
69 326
451 374
291 379
313 268
119 53
363 410
76 496
186 233
211 478
356 200
234 282
421 384
218 62
440 253
404 479
327 465
193 500
186 308
202 236
89 300
67 246
419 12
268 346
284 488
64 163
141 221
193 306
63 328
377 239
483 235
58 460
306 419
347 264
310 185
199 126
395 356
7 339
364 171
75 233
146 53
308 25
322 287
347 14
480 263
461 379
20 375
321 70
243 491
69 262
106 481
210 265
273 375
63 40
244 142
368 185
455 182
35 137
455 126
340 88
82 21
33 140
355 494
170 276
184 401
108 384
287 128
225 99
100 78
326 145
378 324
485 8
452 274
312 68
412 489
202 312
133 353
458 473
238 362
219 347
32 110
192 313
236 8
430 494
202 38
375 455
7 23
462 322
400 500
442 184
170 65
495 250
4 208
429 51
357 376
306 25
83 271
214 325
79 169
215 131
354 218
491 393
446 454
5 254
160 41
151 331
441 132
489 238
111 374
107 411
438 375
487 360
431 467
444 191
336 138
84 485
449 301
108 294
163 433
353 366
424 401
35 275
65 410
181 245
13 154
57 35
167 87
139 383
263 470
453 319
495 446
105 273
89 464
264 441
397 175
129 436
27 484
124 75
475 250
479 421
374 86
449 325
411 112
478 331
157 35
249 408
460 465
172 144
430 290
175 461
100 286
193 144
80 343
443 75
108 146
191 428
277 203
19 285
279 458
326 120
337 340
130 35
365 163
466 145
343 438
228 273
417 184
90 417
465 270
305 366
382 47
132 301
404 98
146 52
222 383
57 193
358 288
18 149
434 444
301 271
148 146
17 332
147 177
93 258
26 310
224 451
52 252
202 183
55 324
113 377
78 313
483 438
428 26
406 347
289 73
218 385
226 295
215 248
395 493
3 329
303 275
137 285
479 384
16 62
13 111
410 22
380 116
196 254
407 386
243 327
279 410
45 184
249 134
455 39
95 391
273 438
111 266
434 379
93 357
417 53
83 179
84 273
102 135
228 8
262 20
127 427
208 407
185 471
389 380
323 480
292 162
287 72
226 235
432 182
86 169
284 23
381 41
372 259
110 273
52 325
145 69
388 273
257 181
467 26
32 467
117 212
18 432
293 484
450 94
175 400
184 304
219 92
492 121
343 55
66 267
60 497
112 230
114 76
99 414
56 269
179 314
455 471
164 318
235 238
86 314
67 467
420 422
286 29
179 244
398 20
218 257
21 230
361 218
335 133
125 380
357 375
183 112
296 6
449 162
417 462
253 246
132 306
259 325
158 378
398 400
303 86
298 303
225 155
102 1
364 110
236 82
266 359
387 53
296 61
200 224
308 45
142 40
492 220
121 371
311 270
267 235
119 122
27 334
406 22
246 319
130 382
446 51
483 239
339 136
366 74
167 453
473 311
265 288
220 247
273 444
269 454
117 430
202 413
139 157
478 298
212 380
228 496
380 92
38 458
291 132
288 253
370 198
292 357
425 475
370 55
488 302
439 100
409 307
443 181
400 100
398 352
54 243
7 110
113 32
321 23
275 242
406 21
141 193
283 162
148 158
33 480
355 432
368 393
110 215
183 163
494 447
101 15
425 412
200 118
478 139
286 492
277 361
497 192
263 302
79 206
336 34
497 431
297 119
178 233
437 168
120 368
356 182
431 111
20 495
208 433
207 377
381 427
260 98
188 451
427 425
500 315
427 79
75 413
338 364
500 312
296 123
38 232
156 78
43 359
187 123
307 75
109 84
311 389
412 129
452 477
232 154
79 412
330 459
443 366
59 262
78 466
108 129
299 215
475 205
380 243
149 289
398 230
7 345
88 500
196 39
57 148
286 449
357 112
279 408
96 221
256 84
177 136
351 39
22 487
227 336
247 8
415 1
162 172
1 312
21 408
347 439
186 10
331 78
196 62
357 49
193 431
56 292
378 24
391 361
221 322
421 131
381 347
101 473
256 231
125 65
348 158
1 434
11 495
56 192
168 304
111 53
342 109
251 120
126 41
309 276
381 284
426 185
19 145
319 235
186 283
139 404
493 180
333 490
292 131
229 319
412 134
305 58
136 83
377 284
156 163
253 151
335 303
208 70
157 93
103 92
309 369
310 305
323 432
306 300
477 496
37 436
237 194
404 29
265 385
238 353
111 400
68 87
234 124
216 301
264 421
216 228
496 173
99 169
233 30
147 474
144 14
11 272
424 175
483 191
12 220
179 216
483 460
331 153
496 380
100 30
360 2
401 155
411 368
43 475
152 176
26 269
186 314
61 98
412 358
72 138
97 497
340 386
28 279
239 324
82 7
173 325
498 75
424 17
336 324
385 195
243 358
397 454
7 495
34 68
203 478
227 143
91 484
141 481
337 260
45 63
69 322
245 147
253 436
63 254
244 428
311 36
85 4
232 190
298 229
22 459
161 489
480 9
356 162
327 455
175 453
35 297
462 119
62 106
223 242
33 376
144 232
111 456
69 285
187 176
285 434
336 192
116 128
108 497
249 278
332 435
413 302
260 310
258 455
40 380
415 285
108 21
330 96
206 495
80 46
121 144
336 153
395 424
231 346
241 292
199 462
486 39
48 236
449 228
123 406
214 168
417 69
310 51
123 478
137 302
378 379
321 325
68 123
118 149
193 38
343 134
131 147
298 154
380 419
207 250
65 148
346 262
481 442
413 139
10 188
259 474
220 360
215 139
270 222
331 262
137 199
309 88
283 26
196 219
367 55
367 318
441 212
279 349
89 404
499 282
248 407
417 328
284 463
465 353
15 107
130 226
471 336
44 213
101 173
258 374
38 192
120 107
267 384
290 468
18 73
262 273
290 435
202 24
384 324
212 27
324 302
491 143
197 382
486 440
432 179
497 284
51 162
16 483
125 146
367 423
236 119
117 376
82 272
330 479
149 490
157 377
496 247
178 460
390 118
442 139
419 103
363 110
242 248
38 185
214 212
189 320
311 266
220 460
181 426
232 181
136 352
37 288
344 202
194 330
420 149
199 147
17 333
25 333
32 198
310 323
499 246
459 49
81 400
497 268
212 334
476 231
106 110
95 384
244 22
435 362
150 295
192 389
159 51
4 68
157 295
360 56
130 195
20 78
180 98
498 26
26 203
138 104
224 344
484 262
387 394
381 486
63 317
220 480
394 411
46 231
467 339
96 50
479 24
272 174
182 231
214 92
410 340
471 56
34 39
220 17
407 102
483 409
98 126
383 437
215 331
133 161
239 365
162 96
108 20
215 180
356 117
93 404
406 149
391 489
431 305
13 327
453 335
424 223
178 97
483 419
37 268
203 147
124 497
93 324
168 24
469 143
353 200
342 359
203 43
316 379
256 1
87 353
152 205
296 85
469 63
288 465
341 370
442 378
199 430
431 358
387 149
256 276
398 37
101 293
160 301
388 265
284 122
380 456
97 16
465 406
220 240
332 364
174 17
281 119
192 151
445 280
236 52
275 165
104 250
228 91
281 251
440 138
442 435
216 74
146 113
202 26
76 144
231 244
348 342
315 227
372 307
169 64
412 407
444 231
322 81
39 236
13 325
51 379
262 209
201 458
94 258
153 222
446 6
362 367
342 16
214 413
437 242
431 169
356 136
41 284
26 102
333 295
176 171
70 97
2 270
175 289
6 461
51 416
207 447
240 261
227 26
469 296
473 480
306 249
239 276
45 120
364 137
39 183
481 142
31 341
459 403
349 340
153 14
173 484
401 306
57 174
147 385
23 12
133 73
207 292
168 385
80 164
297 401
268 481
388 313
90 490
167 221
54 308
273 156
121 90
266 64
171 497
249 305
205 438
448 247
440 348
267 450
207 264
248 106
59 245
69 444
156 493
21 467
406 77
288 103
228 339
301 54
75 430
441 388
480 60
194 372
447 230
70 224
329 377
316 457
374 195
201 9
385 101
468 394
255 480
168 446
313 316
27 214
378 326
385 138
419 356
291 155
202 73
136 361
322 486
27 279
146 204
460 210
38 358
194 165
410 386
452 115
465 447
95 362
306 136
282 364
185 158
5 330
318 44
496 64
410 100
29 1
287 312
278 267
127 445
231 367
470 189
236 154
76 456
494 402
463 134
250 498
100 462
227 309
413 95
246 336
428 178
371 18
6 39
369 496
338 117
422 300
360 232
217 321
445 389
56 490
43 300
98 364
280 31
417 439
99 457
335 231
214 342
410 176
439 18
286 253
360 59
399 94
240 203
33 372
72 190
40 315
120 384
86 215
237 266
30 293
92 199
270 133
444 12
214 258
291 383
473 60
217 101
281 129
250 247
33 273
20 184
98 36
500 366
44 435
164 47
91 309
81 229
219 144
222 245
200 149
277 396
117 330
226 450
150 270
197 185
6 311
208 49
427 485
420 11
440 26
103 53
106 291
95 89
254 158
210 222
463 93
176 453
407 176
22 482
460 188
343 304
95 189
111 174
497 187
337 147
377 365
350 467
173 165
378 342
490 479
172 444
49 273
378 490
32 406
282 291
460 219
34 186
75 199
466 436
36 448
105 250
356 489
368 422
270 329
487 160
5 101
400 315
351 96
257 310
317 220
489 168
177 8
47 262
303 490
352 81
132 470
21 463
349 101
455 384
22 213
431 361
317 398
372 277
294 338
235 309
361 343
217 207
475 427
127 172
97 492
85 152
260 290
147 158
234 479
233 86
400 308
183 85
319 244
53 86
353 235
478 177
341 120
139 244
314 413
202 93
347 498
481 472
94 373
468 454
481 83
374 62
98 302
267 73
489 30
56 368
219 359
104 66
291 29
487 212
238 409
15 229
192 390
490 317
1 469
39 70
73 109
491 463
427 215
264 103
363 224
199 492
314 442
82 387
360 470
110 175
104 382
441 112
285 264
363 453
66 495
435 479
42 499
17 36
473 120
455 435
107 30
144 292
331 420
221 365
135 187
211 321
15 25
326 441
156 12
320 15
139 283
212 120
325 438
362 488
137 276
267 25
265 227
108 310
287 39
328 207
230 82
99 176
358 289
436 304
211 118
227 1
95 333
74 477
134 32
344 336
108 353
177 452
151 380
471 449
139 303
250 435
351 281
371 226
92 355
357 175
67 4
322 465
97 451
296 130
51 311
4 142
445 168
292 437
156 291
447 74
253 394
486 60
500 298
293 117
386 421
322 181
178 288
435 67
127 329
281 329
241 171
117 200
340 230
149 16
390 250
405 347
98 177
5 479
206 358
480 291
160 465
87 413
220 463
139 130
309 264
36 411
75 28
135 362
161 184
15 365
420 73
209 162
419 381
103 326
325 192
198 208
366 208
83 258
84 171
464 287
124 126
200 225
291 69
251 422
34 500
265 496
485 327
18 400
262 131
371 394
385 495
309 428
87 69
316 344
456 351
433 149
419 329
405 195
207 426
63 36
92 476
310 327
353 116
478 50
480 191
419 326
255 361
69 466
143 311
104 230
265 473
249 167
369 397
39 311
104 326
303 151
289 363
420 275
