50 159
20 21
21 33
30 38
30 32
5 37
38 44
40 18
36 31
47 34
45 23
6 40
27 19
34 9
10 8
25 50
12 30
46 31
28 22
19 38
40 29
41 25
28 33
28 16
11 24
21 32
38 10
14 32
49 30
4 25
39 33
30 47
16 2
3 40
22 49
24 44
40 15
26 34
10 34
2 8
34 18
12 44
32 35
1 49
16 33
1 12
13 8
41 48
34 29
30 39
17 37
3 29
1 28
49 41
18 17
47 29
30 1
29 36
16 12
38 33
38 5
11 23
38 6
17 22
11 20
26 37
17 34
22 19
47 42
34 16
18 20
11 2
14 31
15 30
31 24
48 16
26 8
29 35
27 37
32 4
23 8
34 11
24 20
39 10
4 7
25 48
5 48
25 15
5 25
34 28
8 43
40 31
4 24
28 18
10 29
8 4
3 25
46 5
7 8
9 26
19 45
35 41
31 20
32 34
19 46
43 41
48 12
49 25
15 13
9 22
33 50
16 31
23 31
13 2
23 36
6 47
9 24
33 9
47 8
16 46
12 10
7 31
16 36
41 34
50 16
39 40
50 43
8 25
34 42
17 12
44 37
43 16
3 44
3 24
22 10
33 42
42 3
23 24
50 47
42 8
20 29
18 12
15 32
26 10
45 8
45 36
47 48
6 41
10 41
36 40
30 16
24 25
38 4
26 5
10 21
3 22
15 5
36 48
47 16
24 43
