100 4754
22 95
34 91
82 6
58 67
91 70
60 85
93 53
19 14
57 49
46 15
60 74
45 93
47 79
28 48
73 36
79 73
83 61
18 20
25 22
55 81
25 98
95 32
27 63
3 61
8 36
33 72
43 87
41 36
26 70
53 75
33 43
15 14
98 9
36 6
56 50
1 90
55 7
74 52
36 7
79 91
71 95
92 95
33 56
65 39
53 43
74 96
52 97
80 70
54 47
3 52
36 68
88 38
96 15
17 72
96 95
35 98
62 54
63 75
31 79
68 61
25 5
73 69
45 70
1 40
73 91
35 19
85 11
35 78
82 42
40 84
60 98
71 60
49 10
43 57
55 14
59 81
57 54
31 94
54 70
5 52
38 5
18 58
6 16
11 45
33 29
97 63
99 42
32 75
98 45
96 41
11 35
24 55
18 22
71 15
69 80
46 84
82 69
16 5
36 74
75 54
35 12
31 96
63 5
6 42
5 17
98 79
17 77
75 26
84 86
64 71
64 73
3 96
67 83
54 68
85 13
43 7
99 33
69 55
10 39
22 69
4 52
31 100
5 96
9 8
12 47
42 9
90 85
71 19
10 13
47 11
80 36
41 92
64 93
17 26
52 83
69 33
28 56
46 61
43 6
93 5
93 36
95 29
53 21
21 64
20 68
68 63
95 48
7 78
36 39
62 14
79 59
74 56
41 29
87 21
35 92
46 85
42 64
13 66
99 2
66 16
37 34
51 56
23 78
52 40
86 5
93 24
19 92
15 21
16 19
8 6
24 40
47 68
36 32
4 24
63 80
41 48
10 57
2 93
4 34
38 75
98 43
60 24
58 65
86 53
4 96
37 73
21 14
92 45
42 10
5 32
17 62
4 31
48 19
43 76
98 86
23 29
69 77
69 16
98 59
42 58
90 63
22 20
2 10
74 28
5 6
40 75
69 51
74 72
10 28
19 84
50 2
87 98
62 10
6 63
90 30
27 54
41 72
72 89
65 26
23 60
30 2
87 85
95 25
54 41
11 39
30 69
65 36
40 70
67 89
80 95
21 2
71 55
52 26
69 25
93 69
14 37
28 89
30 44
91 84
87 38
40 99
64 89
78 47
70 52
77 4
2 40
7 6
89 62
62 76
69 83
46 51
94 20
28 93
90 21
31 10
99 1
24 13
55 85
56 83
50 18
48 27
33 9
92 50
95 6
30 84
45 6
95 91
95 52
45 32
97 49
9 11
97 98
69 97
43 21
19 3
97 58
25 17
77 9
58 16
33 25
65 49
80 77
32 34
88 26
4 35
20 60
21 9
80 55
21 84
45 31
44 17
2 55
38 18
30 77
18 65
18 9
79 20
39 96
12 75
83 93
61 16
76 61
65 34
86 48
31 86
2 89
65 55
56 32
19 89
88 96
48 76
31 26
97 71
2 61
4 81
19 40
85 75
63 49
32 52
21 20
22 94
30 78
36 15
6 94
11 84
54 37
96 62
32 83
14 65
61 11
30 64
28 81
64 29
1 43
68 18
98 30
1 34
78 51
74 90
20 91
46 23
40 17
74 49
51 31
21 8
94 83
37 77
92 54
7 11
30 70
76 85
15 59
3 53
12 86
44 11
13 99
6 39
74 67
49 14
83 91
45 47
75 66
97 35
52 7
28 13
46 87
71 5
19 4
15 26
80 82
13 21
48 25
35 2
5 58
36 1
81 15
35 62
56 81
15 68
32 8
13 6
28 88
18 17
13 79
91 82
31 47
97 74
85 20
65 6
93 97
6 77
55 36
93 55
89 90
21 26
92 14
68 14
62 68
66 34
67 99
47 87
2 13
50 37
80 65
47 14
18 34
48 94
96 18
61 21
42 2
39 41
33 52
11 10
17 49
78 88
47 60
5 66
41 30
70 25
53 92
73 14
57 3
18 74
30 4
55 84
30 45
85 65
56 79
99 68
100 80
19 1
29 38
83 96
70 64
86 30
38 63
57 87
21 78
88 4
74 9
89 57
60 18
56 18
41 64
50 46
64 11
8 84
39 34
67 36
91 28
82 20
63 81
57 27
16 24
22 98
92 3
14 28
45 28
41 75
94 63
2 12
1 49
3 45
47 41
66 97
81 58
98 72
78 1
56 44
33 4
21 91
100 50
12 58
88 65
61 54
33 78
8 74
9 88
15 79
39 44
91 59
85 42
62 39
12 23
96 36
90 61
22 88
15 39
95 93
26 50
71 93
85 77
63 26
94 37
38 66
57 11
91 76
79 38
90 95
37 16
19 36
21 65
95 21
63 35
7 86
18 78
41 16
59 18
82 77
70 96
98 7
71 86
67 23
66 87
1 35
98 49
100 35
70 18
24 12
33 24
30 16
97 18
48 93
16 52
70 15
91 72
13 4
73 22
24 35
1 38
59 97
47 10
96 80
20 45
61 95
40 29
51 89
18 31
13 59
2 62
77 66
8 87
80 73
100 4
96 72
13 62
48 68
40 93
30 6
54 26
44 63
92 56
17 66
36 97
44 32
68 85
1 75
89 27
83 100
75 98
37 49
2 72
95 54
81 24
40 9
28 65
60 6
54 11
71 45
29 72
52 81
18 24
52 54
98 82
86 38
16 72
9 44
8 47
84 22
79 34
11 30
87 3
72 1
86 46
87 55
2 14
72 59
60 93
5 87
61 8
35 43
50 7
9 94
39 81
13 22
100 47
78 45
24 49
49 29
60 33
11 16
7 20
4 89
47 98
53 40
73 4
74 54
93 81
88 51
64 9
7 40
64 99
7 26
50 8
78 26
75 6
41 63
91 51
60 72
18 71
23 11
62 91
54 12
12 7
95 38
79 96
99 75
55 30
41 81
1 88
42 97
25 56
76 58
35 76
33 13
80 60
76 67
84 97
80 7
52 60
51 12
64 32
96 51
62 26
44 40
78 60
38 44
74 46
100 90
2 11
23 90
95 45
54 2
66 35
36 23
9 90
69 74
87 34
73 13
57 34
16 7
44 15
19 5
42 98
99 4
42 16
52 73
89 98
89 17
41 23
54 6
89 68
40 69
66 80
63 92
92 85
76 89
6 19
80 5
78 32
49 83
48 33
21 59
41 19
22 47
83 10
89 83
38 85
8 92
97 17
2 52
20 55
81 84
33 84
29 93
65 73
92 44
13 32
92 16
27 33
95 55
92 48
98 21
94 79
51 36
45 10
41 44
39 31
55 31
62 7
51 15
52 49
80 75
36 33
32 50
38 56
98 41
3 26
10 4
70 82
70 78
19 53
41 8
4 7
83 48
61 53
49 72
80 6
44 6
29 17
90 80
60 79
84 5
17 81
87 79
50 55
42 33
78 89
2 81
46 17
88 95
80 51
61 37
89 47
91 46
21 62
44 53
98 64
53 12
22 63
81 77
100 73
55 10
20 71
49 2
71 14
83 26
60 53
16 15
63 4
50 66
52 43
30 49
55 3
26 47
83 84
72 69
81 90
52 18
60 4
15 20
37 27
64 1
58 11
61 77
53 20
46 93
84 61
20 100
31 98
10 18
65 68
70 65
61 9
23 9
76 88
29 28
13 72
17 53
4 37
53 10
35 52
78 6
21 93
3 77
76 45
22 77
75 58
15 86
28 22
73 48
55 17
13 7
35 38
58 78
18 79
21 72
82 31
84 76
23 95
97 78
36 25
82 53
12 79
45 75
67 1
50 28
14 40
80 16
5 73
90 51
81 32
92 26
28 98
18 51
78 50
3 23
24 88
39 17
95 53
77 14
42 40
43 81
44 22
57 96
38 6
86 66
84 23
85 62
73 72
77 50
70 59
47 50
4 57
70 21
82 59
39 70
74 85
57 16
48 84
34 24
85 59
85 63
9 28
66 61
87 22
67 22
7 9
37 52
16 100
88 21
43 19
17 69
87 13
3 95
67 12
5 11
3 8
49 26
96 64
31 17
34 100
90 68
13 74
60 99
19 45
58 61
13 49
49 75
74 58
16 36
19 44
91 43
82 37
80 10
20 95
26 99
98 34
18 37
44 42
64 97
9 26
96 37
68 43
1 55
43 50
4 53
6 97
45 51
57 72
1 70
43 38
89 23
43 20
82 83
24 39
18 11
32 67
87 33
91 88
85 49
56 14
1 69
83 16
48 100
12 65
1 80
67 59
11 96
95 98
58 48
14 69
70 71
78 39
50 44
88 41
62 40
12 64
38 81
10 14
11 15
41 4
66 96
65 93
89 97
42 15
68 21
61 92
22 17
22 1
64 72
35 82
8 63
46 45
1 66
24 25
31 7
8 91
52 53
99 36
13 34
12 20
58 93
32 91
85 10
78 11
71 90
39 97
10 30
44 77
77 28
58 68
9 22
14 96
48 26
92 75
15 97
80 46
5 45
17 14
22 100
48 17
54 82
33 31
6 50
100 77
47 28
78 59
12 43
31 20
54 88
21 76
83 64
97 29
27 38
31 74
9 87
94 60
54 66
22 5
83 63
81 14
38 99
55 63
12 74
51 79
45 27
69 18
54 22
9 62
19 96
45 90
1 4
25 13
32 31
61 79
21 79
10 72
21 29
74 40
5 59
90 36
99 11
39 12
70 75
77 62
99 71
11 89
75 88
71 65
4 51
31 77
5 3
73 41
26 85
3 42
91 93
35 40
73 95
6 71
89 80
86 88
97 23
94 45
51 38
78 93
10 44
50 29
34 17
22 40
11 6
89 35
96 85
9 69
50 69
31 1
33 14
23 99
74 4
31 76
95 40
3 14
18 4
47 85
91 47
55 13
22 79
53 45
76 7
23 13
58 95
24 100
89 52
39 72
7 22
9 71
20 8
98 17
76 9
19 77
15 28
28 51
65 51
59 36
6 58
42 4
79 64
12 72
52 10
11 65
86 26
76 100
68 91
62 24
24 21
82 9
70 81
73 77
1 12
87 78
14 87
47 96
84 14
53 46
58 53
68 23
83 47
42 94
90 57
27 43
64 55
18 82
87 86
44 74
33 18
31 88
87 93
15 78
43 73
89 99
79 82
60 64
31 35
1 39
97 45
38 92
76 75
86 33
15 98
9 41
10 34
77 23
33 20
45 80
2 19
55 83
71 79
53 41
61 51
88 80
70 6
18 21
39 26
84 70
26 13
46 18
31 83
18 95
29 3
1 16
19 51
62 23
92 66
32 20
63 60
98 65
55 73
51 71
61 38
64 49
11 88
76 97
37 6
6 67
50 61
83 1
66 49
31 87
2 57
20 24
10 60
67 13
5 77
96 21
26 82
87 83
93 31
37 35
17 86
45 77
74 19
52 8
99 46
42 79
12 98
48 18
90 62
78 38
27 18
93 3
98 51
6 9
32 66
25 32
72 51
4 90
3 38
81 86
84 44
85 16
37 20
68 39
49 3
40 31
85 53
41 28
7 63
100 44
39 50
99 96
48 96
6 41
63 76
17 76
70 33
22 27
85 41
92 10
40 64
17 6
6 10
73 70
82 92
58 10
63 33
66 6
32 62
35 74
83 5
4 70
99 83
58 13
83 25
49 23
23 21
44 61
39 99
25 72
10 15
98 66
56 23
7 24
92 43
33 34
41 87
93 35
30 94
48 6
88 87
37 97
31 28
100 93
52 84
68 67
89 3
46 83
16 46
20 64
40 87
1 63
25 91
19 20
45 2
58 57
20 16
36 18
66 100
42 57
52 87
72 61
86 41
56 43
79 80
29 18
33 16
76 8
34 83
56 35
36 49
53 73
1 20
75 13
38 36
55 23
89 53
40 85
67 38
17 71
22 34
38 22
94 8
16 88
83 40
9 10
15 62
77 7
17 95
50 59
3 17
65 50
84 45
81 50
80 68
19 97
15 12
95 74
65 32
38 46
1 7
70 35
40 86
67 44
65 45
71 34
1 6
77 20
79 68
37 51
79 32
5 31
20 81
11 28
16 51
38 23
61 14
68 37
56 85
55 88
19 13
36 71
58 30
32 42
84 64
8 56
45 8
83 37
55 15
28 38
56 62
9 81
69 58
8 100
93 34
33 51
81 83
82 40
90 58
9 84
49 60
32 18
84 28
50 93
78 46
67 46
64 7
68 98
4 47
42 28
95 16
5 51
88 45
73 15
63 84
95 76
42 37
14 72
26 60
41 58
86 60
13 93
90 77
83 19
94 21
66 93
40 67
91 81
89 79
74 43
31 64
91 42
84 32
71 59
23 74
48 99
88 14
97 92
38 74
16 25
3 4
77 33
30 7
34 40
76 13
76 6
16 23
88 13
8 62
67 43
96 42
75 61
43 9
50 45
84 68
16 14
58 35
98 61
86 73
92 27
42 38
82 15
44 34
15 60
38 20
22 60
44 16
25 45
99 8
5 7
29 34
70 57
85 19
17 35
55 56
1 100
25 65
75 5
25 14
29 85
88 62
43 25
24 15
35 44
8 90
1 73
81 88
74 79
38 71
34 46
71 76
53 63
10 46
19 39
62 94
96 50
68 83
20 5
14 86
14 26
95 4
15 75
40 65
25 2
88 43
83 85
81 12
81 97
60 9
37 86
95 44
79 7
84 2
87 44
26 18
60 19
43 80
35 61
44 3
2 28
22 31
88 68
35 84
5 21
32 87
45 68
90 24
13 5
60 100
95 82
74 84
37 66
64 91
3 22
18 15
12 37
28 7
76 82
97 44
7 60
94 93
3 35
87 28
13 35
67 41
3 37
39 92
56 59
61 10
96 9
88 74
41 80
90 76
88 52
65 10
57 73
52 85
52 93
26 64
22 61
84 75
41 3
65 64
66 95
97 79
30 61
79 41
54 4
70 68
43 65
4 48
75 47
72 94
44 60
8 17
11 24
44 59
41 22
91 6
75 39
86 6
24 44
25 11
10 25
61 6
42 1
68 27
47 99
28 33
74 57
18 30
97 94
10 59
97 27
99 85
77 79
62 100
100 71
55 32
93 4
14 38
13 100
48 85
15 41
3 12
22 93
56 78
12 100
63 17
28 4
89 75
73 9
70 34
24 78
29 52
86 32
100 37
23 98
72 53
98 48
67 9
17 12
81 79
82 44
56 98
46 32
79 90
51 11
87 36
100 68
65 16
83 33
33 58
64 18
11 21
6 96
18 89
40 58
96 34
52 51
49 94
91 58
49 43
88 3
9 97
18 35
39 30
74 41
81 80
42 8
74 30
15 48
87 62
100 9
53 66
58 63
73 11
83 29
92 52
68 94
95 78
29 88
31 30
99 43
7 39
95 77
28 83
98 81
56 29
27 49
49 16
87 1
91 16
63 12
61 28
65 1
33 46
47 92
4 69
1 57
46 40
15 69
27 44
38 70
16 68
19 32
90 10
26 5
47 44
92 32
16 97
47 19
66 62
24 87
55 92
91 2
16 56
64 14
35 59
34 47
27 11
21 44
70 56
47 42
51 17
18 91
64 33
85 7
34 86
30 17
47 93
54 15
35 57
61 17
77 13
2 95
69 31
52 71
13 27
52 79
58 55
32 68
62 99
86 83
73 25
70 94
84 47
29 32
48 97
98 2
83 23
75 87
9 56
61 64
1 77
88 20
25 37
44 46
77 76
23 30
27 9
36 78
39 37
30 82
13 97
42 86
91 3
82 4
65 7
71 26
75 3
64 56
64 39
14 54
9 15
63 89
66 36
66 31
64 74
100 17
64 53
14 100
2 77
23 44
30 38
46 72
62 60
5 44
94 64
21 73
61 5
43 2
22 90
80 31
29 8
68 51
98 78
87 63
11 91
31 2
69 27
13 60
84 27
13 20
96 8
79 55
26 76
23 88
63 11
100 63
85 15
73 51
25 29
15 93
54 50
48 34
54 36
67 14
77 97
60 91
36 21
62 52
50 23
21 55
65 75
10 66
69 3
3 40
24 17
31 16
55 78
93 16
32 15
21 86
38 94
89 29
67 77
20 89
68 64
78 63
26 28
32 12
69 78
67 15
99 35
81 60
64 92
73 85
100 42
100 6
1 13
9 46
87 95
19 79
95 34
93 54
75 21
15 84
11 46
4 76
26 2
90 46
11 41
74 66
89 50
46 26
59 33
94 56
72 79
33 3
41 33
34 21
56 96
95 69
43 54
61 81
36 46
41 37
39 21
72 71
66 88
8 1
74 92
61 19
23 35
50 86
22 33
57 77
76 20
25 31
93 63
55 89
76 87
8 71
40 72
88 53
63 10
17 93
3 48
20 80
48 21
41 91
19 50
56 15
20 69
66 71
74 70
29 13
91 13
53 25
17 32
84 60
56 26
34 67
8 83
7 87
57 46
45 100
53 24
2 37
64 77
65 60
95 31
41 7
40 92
31 48
44 55
9 95
14 13
64 48
40 91
73 27
5 79
94 44
17 78
4 22
10 78
82 49
43 31
6 27
4 16
68 71
23 82
75 71
17 84
60 73
4 58
22 55
73 45
2 8
57 68
78 76
90 48
25 23
75 56
22 35
8 10
40 66
7 70
28 95
6 92
70 2
80 58
52 47
64 17
5 12
16 82
92 59
51 84
100 2
53 48
81 23
5 98
95 1
35 81
24 75
90 50
14 31
62 55
6 2
21 17
17 92
36 47
26 12
89 85
35 9
62 34
88 69
72 38
14 39
14 94
5 89
22 21
93 23
36 10
14 99
89 43
59 73
14 52
28 97
67 28
38 100
79 53
73 68
20 58
97 82
1 27
42 92
94 98
77 10
80 4
58 73
18 72
43 3
23 8
67 54
4 72
47 58
95 56
15 13
1 84
62 5
23 69
57 59
52 94
53 5
47 20
93 82
40 49
14 91
41 32
54 30
23 43
81 22
25 93
51 14
98 73
19 66
14 97
76 12
87 18
70 62
90 64
48 56
87 94
2 78
99 9
8 82
67 65
59 14
91 37
60 37
69 45
76 28
29 46
27 80
66 89
32 49
71 25
76 18
4 97
55 49
89 9
49 92
55 60
97 53
79 86
9 24
87 81
77 53
49 86
48 52
23 66
30 59
77 24
51 55
97 75
48 50
65 41
39 51
69 13
20 14
87 15
31 8
88 34
25 51
90 25
22 80
36 57
71 85
43 62
25 46
57 17
37 1
58 98
90 87
28 3
66 33
51 54
19 86
53 35
67 57
2 44
44 25
67 42
28 92
42 75
76 30
97 24
43 8
2 82
24 83
86 1
9 19
48 32
66 94
72 7
9 70
65 19
29 20
66 20
57 9
58 19
68 77
69 81
100 52
50 57
14 34
82 88
89 56
18 3
97 60
28 57
25 9
61 42
56 76
91 86
55 42
95 10
58 52
81 82
59 42
11 17
21 97
98 83
47 80
40 43
65 99
8 77
15 77
38 34
86 52
47 27
55 47
59 11
64 45
68 31
49 89
1 25
25 99
41 90
95 26
100 25
36 2
33 98
91 45
6 59
68 86
61 34
99 80
86 13
93 90
79 50
85 94
39 90
76 41
84 59
35 34
64 10
59 24
89 61
99 84
77 54
86 62
52 36
90 5
68 50
85 88
20 46
76 54
94 77
29 2
70 60
7 23
34 82
46 88
91 48
63 64
67 3
50 63
89 88
54 42
1 29
59 48
14 58
63 25
65 89
91 52
23 19
92 87
10 48
32 37
19 8
74 65
20 62
83 97
59 26
26 41
81 44
62 49
55 76
73 3
65 15
13 92
38 91
20 36
13 31
81 96
18 100
84 53
52 46
8 49
25 34
1 98
45 82
23 73
94 88
91 53
77 91
64 16
80 78
82 90
68 34
11 8
31 3
62 12
92 89
24 36
15 99
41 1
42 95
29 66
85 45
20 11
20 54
53 27
46 63
74 42
17 70
96 71
23 27
99 16
24 43
58 79
25 7
13 89
21 41
57 83
56 67
51 20
31 52
83 73
18 47
57 81
10 68
8 81
88 35
58 88
1 23
63 74
29 90
72 44
54 29
68 52
74 6
95 81
66 81
49 91
89 45
89 1
65 27
88 17
12 8
65 56
43 94
88 15
65 95
2 56
55 97
48 66
53 7
50 24
79 10
10 86
34 11
70 67
66 15
6 46
2 58
4 6
16 18
67 98
60 50
66 3
95 43
57 60
57 48
14 32
50 49
19 42
57 75
49 93
70 97
46 5
37 24
29 22
20 30
67 31
81 33
79 39
72 55
29 53
35 27
48 87
66 18
97 72
65 96
19 64
68 55
68 97
8 38
76 83
10 100
97 12
67 21
79 45
24 85
23 22
15 64
15 6
93 8
5 23
33 55
57 80
97 86
47 5
24 99
4 23
22 89
88 92
60 14
16 2
72 63
44 52
67 33
55 94
39 47
24 38
82 55
54 17
85 50
26 20
69 75
41 18
65 84
36 14
14 42
6 87
71 56
54 79
13 82
14 80
53 15
64 34
23 54
84 96
46 56
34 26
16 48
55 6
22 65
90 98
70 29
89 100
7 97
92 93
35 91
47 7
73 94
76 34
19 46
15 38
49 51
94 58
8 58
56 86
71 1
56 31
42 22
68 5
56 34
75 11
82 85
64 80
50 20
1 48
81 3
66 76
61 47
49 38
18 86
68 13
34 99
86 23
36 45
85 17
30 34
61 100
51 44
53 37
59 90
6 3
61 85
50 25
24 82
12 59
8 34
99 53
92 20
34 23
83 59
98 13
1 81
99 55
28 16
26 94
78 49
29 78
80 23
11 56
35 14
7 92
23 37
39 23
80 86
28 19
81 72
37 71
96 59
19 38
99 27
84 26
73 66
57 99
80 54
48 2
15 34
22 58
58 84
64 47
22 6
6 81
45 15
60 17
12 78
77 86
45 83
66 27
48 62
75 83
23 85
46 12
54 63
54 34
11 79
74 15
69 90
9 34
54 96
71 35
59 86
27 17
24 51
51 47
87 72
18 12
39 98
75 60
12 85
3 7
48 61
52 72
71 40
71 27
4 15
24 79
87 80
42 68
49 46
96 12
50 84
40 36
89 58
1 15
80 40
17 65
53 83
59 39
100 75
28 53
65 100
82 78
44 45
27 19
41 78
10 32
37 80
32 99
19 62
37 62
3 65
20 57
60 90
73 93
63 30
10 89
64 27
64 52
43 17
91 69
53 36
57 65
45 87
78 86
97 51
82 61
22 36
100 41
75 31
28 43
63 34
65 90
27 14
77 47
87 77
62 65
62 33
46 82
45 67
44 70
39 40
31 53
37 28
20 3
40 54
46 95
82 14
29 58
48 78
99 18
7 90
6 31
39 82
17 23
97 54
71 87
2 53
8 28
38 60
93 77
71 63
61 73
68 66
73 75
76 73
54 60
64 24
64 44
12 21
44 69
77 41
40 25
100 49
42 90
67 63
2 7
81 45
2 51
46 41
38 59
86 16
24 27
80 71
9 75
69 47
29 9
18 14
74 78
24 14
8 68
9 14
6 26
13 36
55 27
53 76
63 96
37 78
75 52
3 27
49 69
22 82
44 12
21 32
30 71
58 96
26 36
31 92
9 63
2 68
37 70
63 70
46 8
63 15
26 16
20 93
21 7
94 51
87 59
51 32
65 13
16 89
76 72
94 82
79 46
41 57
26 25
66 41
73 71
97 22
24 80
19 54
68 7
15 72
67 85
13 52
20 73
54 21
67 52
77 21
73 29
70 36
63 18
66 39
33 50
73 67
46 37
45 57
88 12
25 61
4 68
8 65
55 67
96 55
8 27
47 90
87 25
93 14
61 52
41 62
81 10
33 10
63 37
43 36
98 29
47 3
24 58
96 49
68 44
6 56
4 55
17 19
36 27
49 31
48 72
21 57
19 30
42 93
23 52
16 54
46 55
65 63
52 12
64 67
99 92
32 63
97 33
50 76
79 17
75 2
31 42
20 90
87 74
56 20
28 20
1 5
33 8
36 9
54 84
52 56
65 91
21 45
35 33
87 65
69 29
91 99
81 85
63 39
9 83
85 5
91 92
9 20
100 85
62 79
49 77
64 38
52 30
82 41
40 37
67 93
32 24
86 57
61 33
59 31
64 81
6 32
4 11
21 27
50 38
76 3
50 82
86 67
70 16
97 95
23 6
21 25
74 73
24 65
76 64
87 82
62 38
60 66
17 45
55 66
66 45
50 83
9 47
59 60
97 99
34 20
88 6
99 95
74 7
92 90
36 5
93 51
59 68
24 42
56 58
7 82
5 14
2 71
57 52
75 91
28 85
59 9
53 33
64 8
54 90
39 84
44 14
9 66
54 10
10 73
54 9
66 84
6 69
86 29
27 75
78 43
95 39
32 28
73 44
80 21
87 69
56 22
57 25
9 53
82 12
94 50
58 25
36 29
96 2
48 45
71 13
16 8
39 100
49 5
49 73
27 72
57 39
54 35
24 19
11 14
40 5
29 24
52 98
45 24
14 63
36 42
70 89
89 6
44 48
15 33
100 87
98 71
99 98
73 33
62 30
72 22
1 9
79 95
15 57
2 27
74 33
22 10
70 41
19 80
40 30
45 96
1 11
64 6
94 34
50 12
70 98
82 38
51 63
13 80
81 11
68 69
46 48
33 54
89 82
17 41
54 89
57 5
21 33
70 85
65 86
80 74
91 61
26 73
33 7
42 48
6 18
12 42
69 10
93 44
55 61
2 18
77 60
62 63
71 4
92 25
88 70
91 56
76 1
24 52
88 49
79 100
76 79
73 32
93 80
60 35
1 62
68 46
100 64
93 41
93 62
27 74
3 10
29 68
84 56
29 47
86 89
27 87
36 81
76 92
43 71
78 34
37 17
37 81
51 77
26 57
30 60
23 100
1 96
15 25
76 86
57 85
6 47
19 49
57 37
80 15
46 73
49 80
27 77
100 56
7 42
29 7
72 23
39 77
62 16
73 42
58 85
89 42
76 70
54 18
56 13
94 71
43 72
74 77
70 31
83 18
69 2
4 98
23 45
85 98
58 39
63 66
30 89
5 70
55 98
60 69
67 79
85 79
48 22
85 86
75 90
4 36
8 80
78 42
7 59
7 89
80 11
90 56
77 78
90 86
63 2
40 76
60 45
27 85
86 61
59 47
41 5
81 29
20 84
79 14
50 21
54 94
22 16
100 55
61 45
71 62
98 93
6 72
74 20
36 12
83 12
25 8
87 84
52 6
39 22
88 2
49 81
1 79
81 65
39 20
33 89
32 74
84 94
73 12
37 10
69 21
55 18
83 41
74 81
46 58
57 64
37 48
71 24
61 40
53 57
26 32
3 58
87 58
81 89
92 24
26 96
90 84
30 28
90 55
13 17
44 75
37 76
21 82
26 81
16 34
38 21
5 28
92 12
24 10
70 100
45 49
5 33
93 85
37 15
42 49
83 51
59 88
33 68
82 71
40 55
16 45
85 8
54 48
78 3
42 29
54 55
19 76
81 30
93 72
21 58
91 74
54 58
9 72
78 19
69 56
53 67
43 15
54 28
84 12
66 14
7 32
39 2
43 29
50 5
12 68
32 16
78 4
37 79
79 84
5 48
87 60
17 20
4 50
76 11
21 99
40 57
30 5
50 13
48 65
57 51
11 33
74 98
26 37
55 48
82 48
87 97
83 42
67 11
22 86
100 54
39 35
47 73
59 69
58 50
9 16
72 90
92 81
11 100
94 78
24 63
48 80
78 54
80 26
36 35
44 33
86 51
27 86
90 83
15 61
25 96
45 4
100 69
14 12
17 42
28 24
33 94
24 8
12 80
79 57
29 92
69 94
64 36
11 36
7 14
61 97
33 23
11 48
78 66
53 98
62 81
22 92
45 37
1 68
84 82
4 62
78 57
60 41
83 14
100 74
59 46
49 90
94 89
82 17
30 36
56 61
100 91
36 48
30 25
50 95
65 97
48 8
12 61
26 51
23 76
75 81
37 29
2 3
99 87
92 2
33 75
86 24
71 91
54 13
2 47
8 55
96 68
43 45
46 31
76 33
39 33
82 66
34 81
41 42
90 94
63 73
93 33
50 9
15 8
14 70
35 68
47 15
50 51
2 97
71 50
52 63
89 38
3 100
57 98
35 41
72 56
29 39
67 100
49 6
66 85
1 24
30 43
25 19
16 71
50 80
25 60
23 20
38 37
77 32
50 35
13 53
5 56
62 47
55 26
1 93
59 4
27 79
83 66
89 26
36 77
17 87
76 42
60 58
10 98
24 48
94 27
19 81
84 88
91 36
81 73
41 52
26 42
90 34
55 43
29 6
54 38
6 83
77 38
74 16
25 82
99 41
27 30
72 83
29 45
18 80
56 7
51 81
39 61
28 100
29 67
48 67
60 76
39 74
42 13
7 75
30 95
74 89
44 54
6 28
38 83
14 22
2 85
5 67
77 40
93 39
27 56
95 7
25 74
4 65
72 11
75 20
65 47
25 79
27 96
61 94
3 74
73 6
87 42
23 75
72 20
9 65
99 45
25 84
40 96
95 75
32 76
25 75
92 51
34 28
70 46
25 59
96 35
22 99
94 80
86 55
66 69
35 49
33 100
13 3
15 22
65 33
91 54
24 74
99 29
52 15
43 16
100 95
8 67
52 55
31 81
72 45
31 71
62 73
73 84
86 69
21 49
87 12
89 39
41 84
24 6
97 26
78 91
10 43
10 17
70 93
69 39
67 18
20 78
30 99
46 65
75 68
38 7
20 63
23 61
35 94
87 70
37 47
76 96
25 85
40 94
47 56
62 50
30 53
91 57
89 59
47 57
17 74
67 84
97 8
10 19
15 91
36 17
62 72
48 40
59 41
4 56
11 37
18 75
72 85
49 48
87 51
87 30
33 1
14 76
86 35
93 32
41 95
2 59
78 31
22 85
92 34
100 21
67 10
56 45
57 22
18 90
91 22
29 79
63 69
48 69
42 60
75 55
27 70
59 65
32 88
28 72
58 43
37 43
64 37
17 59
32 9
9 4
71 49
56 12
27 93
92 67
21 37
99 54
1 28
75 51
38 26
47 88
47 72
87 11
9 78
15 31
56 53
58 38
58 7
22 51
4 79
24 73
58 77
29 76
96 92
42 56
66 11
41 61
98 62
72 100
34 74
72 50
74 99
86 39
7 44
29 74
42 70
91 67
34 42
94 99
37 65
82 67
94 96
23 71
4 27
96 52
42 69
27 51
12 38
85 31
66 12
74 51
60 12
16 40
98 24
57 56
60 29
33 91
62 57
63 21
79 99
78 13
1 51
42 25
69 11
88 19
83 2
16 59
66 52
57 38
24 91
35 20
7 8
82 3
62 74
91 1
48 75
31 50
24 69
31 12
99 6
40 27
7 94
25 35
71 69
35 55
72 8
41 94
35 65
17 15
25 77
76 36
72 24
56 17
15 100
93 9
73 88
2 20
85 6
5 74
97 67
44 4
84 13
90 37
35 73
6 25
53 94
66 25
70 12
50 17
73 18
55 91
54 49
4 8
5 27
28 39
76 65
41 2
41 31
94 24
98 27
29 80
91 89
11 19
11 98
65 23
8 22
5 18
55 45
43 64
72 65
18 98
41 68
76 93
49 44
40 33
59 8
72 82
34 72
69 79
19 73
38 17
64 82
21 3
82 86
46 21
92 69
45 13
59 74
19 52
96 13
38 96
40 41
14 50
24 70
35 80
26 98
72 30
58 72
16 17
6 90
26 69
8 98
100 51
4 2
27 41
21 42
59 1
47 17
20 49
27 60
1 17
71 84
85 80
93 37
22 43
62 92
77 89
53 32
94 39
22 37
23 15
40 88
51 67
63 45
84 4
71 58
99 90
18 61
78 64
67 37
32 27
42 45
60 95
52 78
70 53
61 80
47 67
90 43
9 80
3 54
83 88
33 85
99 49
51 95
89 60
79 8
5 95
91 63
79 33
27 7
5 43
38 40
38 55
22 76
49 58
50 41
95 63
85 36
73 89
82 5
21 16
72 84
35 90
75 62
96 10
58 23
56 88
49 67
68 3
15 95
40 6
96 7
57 30
28 79
54 64
23 48
27 88
7 83
48 13
26 45
18 44
55 37
68 95
3 15
84 24
19 91
71 83
5 8
13 18
16 75
9 49
81 48
99 69
29 26
4 5
64 88
68 53
88 25
90 40
97 50
28 64
49 12
60 5
22 11
66 21
30 42
14 43
37 95
24 3
95 86
5 34
4 25
23 47
48 39
86 64
49 18
27 58
2 79
32 97
37 31
98 50
70 83
54 1
15 29
11 12
52 77
91 29
20 87
98 20
62 31
31 23
54 73
39 55
73 39
33 82
21 52
39 5
15 30
38 80
12 93
8 37
88 99
25 47
62 29
92 65
97 90
3 51
35 77
100 94
59 37
46 14
29 55
43 97
17 4
99 78
94 32
92 86
90 38
68 81
73 96
76 38
91 97
100 88
81 99
12 40
13 39
90 70
58 62
31 60
31 54
62 45
25 55
39 16
75 19
16 73
60 51
26 27
3 90
86 54
48 89
73 28
46 69
63 88
27 100
32 80
71 89
2 64
83 54
78 71
46 24
35 64
77 16
62 61
90 12
17 83
80 33
62 95
97 5
51 6
48 35
95 85
74 45
51 34
75 36
31 65
55 74
42 5
49 79
51 13
57 18
89 40
24 57
13 11
75 93
83 30
91 94
79 36
42 65
83 3
29 96
68 28
14 75
10 38
5 78
56 93
64 13
78 96
18 1
39 53
44 86
76 81
77 56
40 45
57 88
75 64
30 85
84 42
93 18
20 96
64 22
91 5
49 53
41 24
13 95
3 1
51 23
53 96
4 86
57 12
12 33
19 56
51 9
32 54
73 30
32 2
17 7
92 60
36 69
12 91
70 66
32 39
83 65
2 23
48 12
2 17
74 1
10 91
52 11
92 79
38 65
29 19
30 88
84 7
26 24
68 93
59 34
63 19
18 23
11 38
45 35
10 1
70 77
74 2
39 43
33 2
34 60
5 9
47 71
33 6
90 33
2 67
27 83
53 90
82 1
40 60
96 44
16 50
50 99
87 35
66 91
82 47
30 67
23 59
30 8
46 75
36 58
10 40
100 81
70 47
80 3
98 100
8 44
85 97
50 1
83 35
30 32
60 16
2 80
40 20
78 92
18 39
26 30
24 47
46 96
42 81
22 19
96 100
38 84
8 86
94 76
58 64
57 32
96 77
51 8
70 51
10 70
8 66
99 72
88 67
63 42
48 77
84 29
44 88
15 92
100 99
100 78
8 13
78 62
12 71
63 77
13 43
14 95
73 87
76 69
44 31
92 100
23 42
94 86
36 50
87 19
79 16
91 87
100 30
47 32
7 91
61 99
84 34
85 51
39 42
96 60
82 63
14 78
77 65
57 93
61 59
30 68
72 42
20 86
29 63
94 16
92 57
78 25
87 67
74 14
42 53
43 4
99 37
92 30
33 32
58 86
31 97
58 92
32 90
89 96
63 40
4 75
70 50
19 57
60 67
48 79
45 52
2 73
41 89
29 48
66 51
69 34
96 32
23 53
46 47
59 53
5 81
26 1
76 59
39 80
75 79
59 32
95 57
6 20
44 37
94 15
4 83
49 22
61 24
78 22
63 61
21 1
30 96
1 60
49 68
3 16
99 28
54 39
35 79
9 58
3 99
100 32
6 14
70 22
74 83
66 2
59 94
4 39
18 28
16 35
48 20
40 56
94 4
99 63
11 74
17 58
49 34
28 58
27 15
49 11
17 28
89 14
34 52
3 50
92 5
77 55
30 9
50 67
35 21
24 56
1 85
87 68
36 28
25 68
9 79
26 91
21 6
19 70
97 80
76 24
25 18
99 7
51 29
90 14
61 7
79 63
82 56
95 33
32 89
38 97
28 96
92 4
28 59
21 30
46 76
51 82
25 67
96 75
94 75
97 96
100 19
89 69
50 22
89 84
71 57
69 41
82 65
78 53
73 17
69 37
66 26
72 67
15 5
90 26
92 83
98 46
45 33
18 19
50 75
46 42
44 43
73 92
98 77
90 31
73 8
32 60
70 48
68 22
7 93
47 86
20 67
75 59
56 36
38 39
99 56
23 94
90 28
58 82
93 86
29 65
21 60
70 13
72 75
72 77
45 86
25 27
12 99
22 12
6 57
99 10
61 1
14 98
59 20
19 98
5 35
12 16
12 6
62 27
5 94
56 10
69 12
82 29
76 74
85 21
43 96
82 60
3 34
73 7
66 58
31 9
22 83
35 32
80 83
24 66
100 86
23 92
98 44
2 24
40 51
42 80
82 74
76 27
6 93
58 83
35 46
56 63
53 65
30 22
39 83
68 60
11 50
50 74
84 69
43 60
31 61
44 20
67 75
56 49
78 61
51 10
93 88
1 30
100 59
51 7
85 44
99 31
7 49
30 65
41 14
47 49
67 27
41 13
68 76
61 96
52 28
68 11
28 71
18 8
84 95
55 12
97 88
43 51
97 20
45 54
72 32
27 50
87 29
1 53
37 7
76 52
100 26
90 13
75 8
61 74
20 99
91 85
32 82
83 77
84 43
27 20
35 72
66 90
33 71
24 23
81 78
10 50
69 28
93 74
85 34
79 6
63 59
8 39
84 78
29 16
30 29
72 70
24 89
79 88
99 44
73 56
5 29
10 5
30 33
94 81
94 46
94 1
3 72
48 60
21 47
53 51
39 87
46 7
48 43
54 56
76 15
78 65
66 47
3 97
98 69
73 50
19 68
88 33
66 57
90 88
33 26
19 90
93 61
9 13
34 27
66 65
9 86
90 96
52 1
71 44
11 97
95 89
87 26
43 70
59 93
44 79
12 34
53 26
77 84
91 50
78 28
65 69
72 78
13 57
78 8
84 57
5 76
62 82
59 51
42 62
99 73
68 72
71 3
88 50
67 94
27 82
42 52
53 11
73 38
39 56
48 30
83 11
40 59
74 22
32 3
87 56
97 40
21 81
56 30
86 75
45 1
43 41
2 76
16 53
94 28
7 69
69 64
11 60
48 47
36 44
21 56
45 34
23 79
85 37
57 97
3 98
49 4
25 52
98 88
29 4
30 14
43 93
9 38
28 49
96 82
14 48
2 9
86 28
16 27
80 34
58 26
19 37
61 43
97 100
11 95
7 18
40 26
57 69
31 24
51 35
61 13
77 46
51 64
61 67
57 82
93 96
35 69
86 2
73 90
29 27
59 64
52 80
74 10
46 13
95 8
62 11
94 13
23 26
61 49
51 41
27 81
50 53
98 6
32 11
66 59
12 9
100 36
44 89
70 11
32 40
2 60
58 45
18 85
3 30
11 29
87 64
100 5
62 53
42 88
80 62
16 63
100 84
10 82
97 46
28 75
18 81
99 93
25 94
13 16
71 11
59 3
98 76
40 98
22 26
20 41
82 99
54 5
90 17
83 13
79 78
92 94
95 27
46 92
86 25
88 71
28 80
1 44
69 8
43 46
51 30
28 60
28 82
25 64
64 46
2 15
71 92
69 62
77 29
34 43
81 46
80 76
46 4
16 81
30 97
38 45
62 83
59 29
83 36
53 87
46 22
76 10
22 53
79 65
40 23
80 30
31 58
88 39
100 57
25 41
21 28
24 54
3 60
86 3
36 89
64 62
45 12
47 43
98 84
53 81
3 39
70 92
45 9
57 23
59 27
15 7
95 49
27 42
36 60
36 92
96 69
37 89
24 30
17 80
10 88
43 100
75 34
42 18
5 55
80 67
83 15
37 75
4 91
12 13
4 66
58 32
68 38
29 14
69 85
86 99
55 57
67 95
78 73
72 86
52 99
32 71
97 1
40 50
93 26
86 43
33 19
31 73
35 7
49 15
47 13
53 71
61 65
68 82
74 68
74 47
56 60
87 61
61 88
86 63
92 98
100 82
69 70
38 98
62 51
62 28
53 34
60 88
77 12
17 96
36 61
95 36
50 30
44 62
73 97
81 40
1 46
7 45
47 38
69 19
56 97
5 2
66 79
38 69
85 43
44 26
5 72
79 70
6 62
43 75
46 60
86 70
46 66
60 83
7 19
7 34
59 62
3 46
68 9
50 42
93 38
63 23
27 28
60 39
87 2
80 44
85 3
33 57
18 84
62 46
92 80
10 35
78 40
59 55
77 43
26 79
65 44
56 66
12 41
4 87
32 1
94 29
91 17
19 72
20 83
94 2
66 99
82 43
14 8
82 11
4 61
58 99
15 19
94 3
50 34
87 89
78 27
73 40
91 31
30 66
60 61
6 53
72 31
15 35
21 19
6 35
32 38
87 37
50 52
14 57
44 58
99 51
11 90
31 38
27 39
90 67
3 70
61 20
89 34
54 72
14 45
42 20
58 34
11 93
10 7
99 17
53 69
77 26
36 82
71 77
82 73
32 22
57 63
42 35
80 72
31 21
24 22
6 68
19 12
87 49
77 34
25 49
22 59
97 62
28 63
32 70
68 24
3 63
9 85
74 37
12 30
54 71
8 57
8 26
88 36
21 51
92 84
42 11
88 72
36 62
27 91
84 6
95 94
67 96
34 31
84 37
16 98
10 75
81 13
91 30
99 77
92 72
76 16
90 44
98 54
4 12
56 80
29 71
46 28
25 54
97 25
95 70
26 19
49 59
69 5
92 68
30 46
75 29
53 55
12 10
54 85
13 40
39 85
79 40
42 77
58 15
5 24
14 4
61 71
10 87
16 87
43 18
92 33
81 7
22 52
88 5
86 74
64 85
92 77
17 67
44 29
21 4
4 38
9 55
59 54
58 100
52 90
19 31
70 20
84 62
37 5
74 94
38 52
67 16
76 57
39 67
7 100
63 43
59 19
84 85
92 9
78 83
81 47
36 34
40 28
10 26
79 93
29 35
96 24
59 80
14 53
67 35
30 93
32 43
75 22
17 68
43 59
62 22
64 5
56 3
37 30
26 4
39 25
35 30
43 66
28 12
19 82
66 72
37 72
15 90
79 3
61 69
22 96
40 11
88 7
1 14
10 20
83 79
92 21
94 11
68 56
58 59
71 74
95 83
43 83
54 81
3 11
94 36
2 38
67 66
65 94
39 76
12 95
43 11
54 53
52 20
24 67
16 10
14 85
25 38
25 81
84 31
3 36
35 8
25 89
22 71
17 75
75 78
50 87
23 64
33 17
32 69
18 62
8 89
32 23
72 95
10 27
3 84
44 13
40 15
49 76
77 11
49 84
29 31
54 87
63 36
1 56
53 80
27 46
96 98
45 39
68 26
29 61
33 47
27 90
48 88
44 83
86 96
19 67
95 19
26 72
90 91
96 87
16 78
3 9
45 18
90 16
43 79
77 18
30 75
23 91
68 40
85 78
64 66
44 28
55 34
68 78
54 7
62 3
40 100
3 64
36 37
10 71
39 71
76 44
2 90
31 57
61 70
96 91
47 95
95 64
27 61
38 48
29 100
84 36
70 58
49 33
9 91
91 44
45 41
78 67
8 70
31 63
52 65
67 69
97 34
70 99
2 46
