500 2407
420 234
400 133
412 407
29 106
6 150
436 12
456 173
303 245
8 393
292 184
391 422
311 23
395 283
83 205
109 214
391 291
452 45
427 127
320 370
402 145
124 126
287 216
172 298
139 394
321 359
128 442
472 124
302 21
168 373
383 476
306 488
5 485
170 280
441 419
464 318
248 446
396 498
25 297
202 468
265 74
352 139
434 275
135 102
160 176
381 76
189 254
91 130
50 478
490 38
356 167
259 408
428 424
278 249
307 402
393 29
367 55
377 403
490 119
140 30
485 381
215 481
62 66
262 273
303 331
179 19
58 26
31 451
242 45
348 459
440 452
137 410
393 237
371 101
86 215
498 93
459 418
340 256
500 327
215 331
378 498
450 21
103 68
301 475
362 373
318 164
24 477
279 28
37 263
432 330
239 493
70 77
249 306
45 145
412 394
248 437
471 261
45 184
187 432
57 475
239 75
481 141
261 499
288 419
72 483
111 61
394 335
401 448
466 248
117 295
378 429
115 109
88 395
136 346
340 271
428 325
99 385
441 265
427 193
324 384
339 7
223 357
287 349
201 80
301 197
342 142
248 486
97 349
404 55
451 445
64 315
37 218
30 455
40 287
38 148
379 405
112 411
231 114
362 458
316 153
158 348
76 361
80 411
329 124
125 65
219 127
345 450
101 293
467 350
461 380
154 345
70 224
156 421
185 158
450 134
379 143
146 52
110 106
479 467
115 471
183 21
344 365
69 285
335 4
379 323
363 165
399 87
235 19
408 303
317 443
173 355
37 211
3 253
494 443
378 324
291 89
300 147
319 249
115 101
18 492
318 180
271 242
57 34
140 155
224 396
369 126
316 159
177 434
222 313
375 144
76 408
409 238
401 382
332 435
123 139
145 232
70 208
323 94
326 419
452 60
157 58
281 54
285 142
39 6
367 335
469 380
44 188
214 479
279 195
415 367
19 397
195 232
471 455
33 422
295 58
364 152
332 266
151 270
171 451
411 394
438 286
422 283
494 1
305 431
212 45
43 228
369 396
4 168
260 86
14 239
266 359
10 310
479 323
399 159
26 155
291 55
328 119
91 257
489 182
196 429
75 163
230 236
147 174
208 217
44 61
412 7
397 175
286 322
402 198
314 373
181 295
414 257
434 379
432 390
481 221
371 274
4 68
476 314
164 485
283 351
306 37
334 399
398 19
71 481
367 19
132 245
175 336
404 139
29 375
257 181
444 8
253 212
445 156
227 408
360 157
474 272
88 220
150 270
104 34
365 209
21 202
20 227
379 47
291 87
65 143
374 253
7 102
348 188
348 178
473 237
158 194
368 424
143 302
431 444
88 294
318 125
455 141
177 62
154 266
1 205
334 251
307 1
5 36
292 187
145 466
245 453
197 422
474 178
129 102
31 42
195 119
62 470
388 60
127 410
378 131
374 160
368 396
51 234
97 379
284 382
195 433
241 41
336 462
149 16
211 400
108 154
471 378
117 347
63 410
253 465
342 485
366 453
441 496
224 401
159 138
164 80
458 431
489 156
258 210
76 100
45 416
343 401
346 47
103 70
331 337
275 303
428 77
346 144
238 353
371 18
258 187
467 67
222 138
446 190
195 428
71 347
363 24
264 136
60 124
430 100
278 230
362 238
446 263
121 473
219 400
41 201
186 60
293 343
387 25
411 446
352 274
116 2
218 271
384 250
282 53
155 207
57 273
402 180
395 164
29 86
435 161
450 110
29 358
410 271
287 312
450 41
437 89
197 294
453 68
68 320
298 3
133 288
256 264
137 285
140 326
404 274
292 357
418 81
473 481
192 411
289 420
129 38
150 267
416 485
389 257
345 178
331 78
470 275
420 255
286 253
178 288
227 270
304 351
67 473
222 361
179 83
145 65
227 302
279 349
256 371
258 374
316 473
39 160
201 348
368 401
151 253
326 441
335 231
255 35
125 206
288 465
71 249
470 208
485 327
453 277
477 475
499 492
279 244
101 149
49 109
98 386
443 323
322 400
428 339
325 447
75 413
214 46
449 233
118 200
402 138
54 220
110 469
313 303
447 290
315 343
449 402
482 349
273 18
342 461
335 405
159 52
282 466
194 474
298 465
34 448
220 261
337 340
380 265
245 288
301 132
150 295
183 476
31 326
73 454
127 496
193 100
326 406
492 104
155 180
148 310
368 185
68 312
37 265
338 375
383 29
374 319
196 6
394 200
66 309
383 77
308 160
279 132
30 361
376 319
455 258
263 366
440 376
378 210
343 351
130 486
386 279
185 256
353 112
398 108
102 182
192 390
316 482
191 323
44 280
322 465
98 13
125 190
343 166
136 304
205 4
483 44
309 261
169 28
59 38
263 272
267 430
359 256
422 443
350 240
59 35
86 407
374 62
337 395
160 465
29 291
416 305
379 316
400 492
99 225
176 180
199 157
456 47
3 1
405 345
148 346
37 415
179 136
366 424
500 176
62 493
266 83
124 257
486 440
53 368
468 322
299 116
86 465
69 444
307 75
123 68
261 263
222 102
42 336
30 190
244 266
137 450
139 323
388 189
452 465
375 464
83 277
4 412
384 120
120 341
213 63
210 68
176 198
391 404
255 210
94 101
263 356
305 17
38 254
334 470
313 259
96 5
29 148
475 250
389 192
446 6
81 322
465 248
11 247
74 477
414 111
354 136
314 257
187 135
334 235
183 479
30 275
126 326
256 53
329 469
180 337
196 93
168 211
348 223
189 5
35 366
65 108
428 359
494 416
305 219
96 162
403 174
446 194
342 251
352 380
55 481
173 3
282 147
179 121
119 424
376 457
438 28
120 230
275 318
220 249
194 344
479 241
462 304
417 362
240 340
420 149
330 5
6 30
119 481
292 435
378 382
202 317
406 479
246 197
427 124
210 284
309 321
16 87
441 225
316 116
319 244
461 403
331 233
341 370
155 351
353 48
247 74
242 246
351 53
194 165
357 200
37 78
217 442
91 493
391 489
245 349
408 30
342 332
143 227
96 24
497 24
235 116
94 381
458 331
332 74
277 58
309 310
418 125
363 189
483 239
114 358
193 306
433 19
100 462
311 138
73 368
472 322
281 333
404 184
74 122
449 471
490 429
116 61
100 291
440 312
6 296
463 491
38 381
44 273
427 315
426 384
221 322
23 33
109 183
158 148
329 116
7 279
281 143
94 438
394 198
117 65
463 400
213 19
467 82
422 299
181 415
444 343
348 62
357 497
481 458
48 441
478 288
280 491
371 426
92 380
324 336
74 395
17 296
345 195
211 381
73 187
369 181
4 349
54 416
322 138
271 264
139 471
78 100
75 155
87 408
359 287
392 387
68 456
14 224
408 486
453 96
12 334
423 331
401 380
318 405
201 329
19 189
229 319
136 443
280 150
44 52
64 152
169 378
214 252
110 357
302 331
241 199
11 495
295 411
364 472
467 77
36 465
123 446
431 361
254 398
51 341
86 179
56 483
268 481
68 396
390 464
142 26
274 474
104 24
97 24
366 62
292 266
35 22
288 167
306 3
46 269
405 276
220 246
281 336
142 219
281 97
472 418
300 76
245 421
224 200
447 432
78 35
118 103
350 495
339 56
5 498
326 163
493 490
258 239
85 232
495 319
39 319
189 384
310 281
198 32
456 122
107 287
64 63
166 408
228 91
406 391
396 149
308 467
430 273
148 86
18 149
448 412
72 449
265 497
297 427
218 336
88 6
492 140
21 250
456 269
407 188
480 263
325 316
486 381
226 371
421 203
115 500
184 448
445 238
416 52
401 284
279 292
36 457
41 284
26 133
413 302
493 117
59 175
85 15
234 370
253 328
250 236
33 37
286 29
86 79
220 463
77 296
19 392
199 65
178 498
288 388
435 310
169 316
441 333
269 365
443 163
477 140
367 16
99 73
128 191
493 438
446 201
460 371
204 494
161 116
36 13
129 203
432 375
498 59
187 386
500 78
484 210
197 78
40 20
164 274
398 465
311 270
237 493
277 396
359 186
176 116
108 89
291 111
276 281
146 458
20 428
223 167
7 391
17 146
427 109
53 430
196 197
32 334
10 68
178 139
356 342
276 343
151 91
280 34
152 348
409 122
219 432
253 341
132 231
247 250
141 462
93 234
407 431
69 149
49 46
481 83
383 431
215 240
208 326
170 148
354 43
161 467
430 291
187 54
291 210
50 96
247 481
242 396
130 444
47 287
271 419
56 277
493 207
258 173
428 191
358 25
87 353
246 17
159 386
256 485
113 50
181 368
148 487
185 360
291 43
348 154
443 292
134 411
274 413
288 192
206 51
207 181
359 351
266 257
286 150
313 268
338 94
304 122
173 473
231 440
354 30
441 212
73 411
257 79
313 133
311 266
117 431
340 476
39 390
188 363
407 399
380 488
29 344
494 93
295 200
171 95
292 369
138 265
6 338
91 51
342 317
121 52
428 421
395 146
30 489
4 31
355 372
136 220
382 327
288 95
187 478
58 355
99 237
304 362
480 323
126 32
184 417
231 444
317 398
113 316
96 421
116 21
154 342
418 443
175 319
431 91
174 272
204 111
35 465
314 342
330 454
403 202
118 139
484 321
365 101
446 92
441 434
466 268
497 108
359 111
329 247
255 229
459 403
331 277
83 271
14 181
450 353
280 228
446 252
377 239
461 414
222 373
65 345
381 161
20 337
343 427
236 311
128 68
304 298
296 80
108 21
232 292
217 401
448 161
178 434
250 152
73 158
175 258
251 286
57 222
13 154
486 467
84 268
386 404
109 412
81 185
56 266
364 141
350 58
314 104
296 178
177 156
404 29
164 183
256 229
146 347
281 110
434 408
451 436
497 322
24 202
281 255
101 434
214 296
179 495
159 18
446 454
314 425
199 341
200 138
260 435
496 21
280 470
233 178
402 56
322 303
199 318
6 452
157 283
25 267
347 286
199 365
165 54
169 431
213 111
29 98
411 452
432 166
309 64
32 361
419 265
22 333
479 40
195 405
120 222
211 118
53 214
147 194
324 93
341 400
330 216
234 406
41 163
73 101
258 406
282 319
196 242
103 24
92 133
118 72
265 78
2 360
366 120
129 339
338 294
387 324
345 169
97 148
7 23
260 209
455 443
65 444
302 369
273 230
118 412
347 457
12 34
317 384
262 370
182 362
365 394
32 324
216 204
305 330
99 457
301 306
310 236
167 33
182 479
339 450
140 274
409 24
279 445
1 284
227 452
256 287
101 5
486 307
98 268
498 273
483 418
418 315
355 378
452 274
496 238
329 36
304 204
391 397
290 96
183 272
227 292
282 47
119 462
210 289
383 384
142 333
39 292
245 131
492 205
281 329
125 346
443 273
397 454
172 155
219 287
351 340
122 430
190 36
75 406
476 189
12 74
165 94
318 295
8 459
7 384
475 24
151 314
494 17
330 339
188 440
418 364
360 414
111 488
25 440
487 299
396 285
78 271
411 56
225 193
194 310
259 474
498 358
197 311
63 274
261 451
98 325
180 350
375 395
285 389
326 440
469 82
267 66
273 110
390 161
238 252
392 115
223 279
395 140
411 300
209 65
33 376
64 311
373 430
328 5
42 2
325 132
394 492
43 81
296 412
233 176
198 341
351 373
413 112
444 237
35 256
219 460
371 394
428 75
237 58
15 334
386 335
333 215
152 167
366 208
58 438
114 330
481 459
246 104
478 161
386 443
167 196
387 21
403 430
433 163
133 270
428 269
212 130
459 127
105 199
422 14
184 128
323 161
70 245
131 202
10 106
1 410
248 467
381 93
478 236
12 1
139 283
249 398
56 410
106 171
307 244
291 93
6 496
191 95
129 476
218 500
218 371
310 486
276 352
342 20
89 152
222 245
236 176
135 24
56 301
500 179
65 410
411 252
228 496
422 20
466 471
229 354
279 178
437 398
121 492
135 191
408 321
126 162
303 177
361 226
329 113
334 27
282 499
288 344
108 49
77 85
490 333
357 275
384 421
313 192
139 383
172 401
346 436
404 125
390 439
278 153
265 385
262 441
248 316
308 45
126 446
230 104
291 11
395 329
158 289
236 111
235 355
272 276
374 373
26 186
86 285
368 355
26 11
94 385
287 381
51 383
281 362
303 302
222 364
224 344
309 276
198 404
445 280
186 231
332 17
14 153
286 209
4 347
93 451
288 118
281 173
136 111
122 468
67 246
129 251
207 429
301 458
120 85
417 442
29 191
226 336
181 488
466 65
71 182
214 215
190 19
299 373
238 320
212 16
88 255
324 239
38 458
27 465
303 402
34 475
347 231
86 413
270 465
36 229
453 167
270 442
160 10
484 68
138 115
221 207
136 430
78 456
62 291
208 16
225 188
32 249
466 211
77 319
449 301
498 280
11 136
484 350
500 254
37 184
428 271
185 417
457 149
193 76
92 188
142 37
18 150
123 296
144 421
250 11
352 264
80 87
461 429
39 97
452 98
99 279
267 88
312 500
126 210
36 52
219 60
435 286
326 103
207 241
450 27
195 409
480 405
123 406
89 186
342 24
403 44
104 395
138 440
205 87
398 88
299 402
412 224
249 192
11 468
143 483
448 152
282 291
119 75
458 106
182 419
56 292
479 325
418 190
227 315
369 272
394 319
128 460
183 413
107 86
75 69
411 119
6 311
217 140
464 126
215 491
56 318
146 171
298 80
200 353
453 374
70 480
293 86
45 496
497 187
417 457
193 374
360 471
446 421
417 175
200 117
110 231
179 442
105 314
388 481
305 228
435 305
389 202
368 248
356 162
214 344
448 110
275 205
23 121
298 453
3 193
209 54
346 231
377 78
113 31
364 11
101 385
261 276
30 45
205 99
360 455
38 358
103 418
196 202
232 471
143 391
487 282
153 250
216 132
16 409
108 135
1 312
199 487
11 499
134 249
494 210
20 17
27 433
114 148
278 203
10 115
67 137
290 350
322 157
369 473
413 62
161 208
153 71
139 260
436 448
110 346
172 286
396 338
173 413
369 460
399 495
444 418
465 336
27 484
204 378
424 235
251 244
122 302
411 168
52 236
92 406
472 386
299 70
417 328
7 47
409 307
457 177
302 132
9 282
345 453
287 14
39 473
489 255
133 349
63 322
36 458
396 491
265 393
182 111
118 379
491 214
294 118
457 119
99 296
433 149
424 494
312 439
82 460
112 95
333 323
289 311
350 284
96 376
317 220
120 427
330 381
218 164
324 55
86 221
45 359
425 141
403 464
218 157
318 131
80 284
429 263
497 431
311 350
161 258
302 144
87 258
216 144
375 273
76 91
412 358
280 331
496 135
230 103
449 83
232 251
480 415
133 240
350 377
393 326
29 489
267 486
64 149
88 134
385 468
111 347
391 4
81 447
192 497
392 450
142 315
237 75
325 404
375 168
337 8
238 450
416 121
469 114
486 39
70 297
288 153
112 441
218 18
309 179
90 323
42 465
48 26
138 412
478 407
295 333
290 414
370 44
181 97
14 419
301 160
488 219
457 216
114 413
252 390
8 171
183 35
475 473
470 299
164 429
393 266
263 246
318 367
418 105
265 442
10 446
344 478
173 383
435 67
437 345
28 263
60 64
89 137
470 63
95 189
291 147
335 493
41 381
281 115
351 105
499 292
91 484
493 32
160 129
205 419
249 373
315 469
479 435
176 171
168 437
183 190
377 437
187 275
157 222
51 407
26 86
178 447
340 230
26 221
212 334
291 485
241 90
262 343
263 184
160 53
368 393
251 132
132 241
410 128
250 207
242 413
3 72
391 361
225 255
489 315
61 159
236 8
172 205
441 260
194 372
69 371
282 159
146 354
234 227
62 257
101 390
4 132
339 255
98 181
283 37
237 381
463 100
198 461
21 229
137 364
115 160
61 420
490 31
393 314
103 419
170 319
464 427
471 56
196 41
242 415
375 158
49 215
39 480
324 301
91 94
330 96
356 419
243 235
475 91
357 118
241 483
222 110
412 428
417 138
259 458
52 124
483 369
426 185
408 26
3 134
376 123
454 358
274 49
490 27
9 305
4 292
455 8
137 20
132 493
397 141
396 385
475 71
293 414
154 325
486 413
434 208
272 342
34 416
466 445
11 273
420 296
493 465
73 289
97 473
132 441
491 363
143 311
449 497
284 195
54 255
154 390
293 11
82 291
365 163
467 32
42 83
388 282
336 311
44 50
198 401
99 236
337 147
446 379
490 34
368 212
154 267
472 435
487 289
306 228
29 85
154 500
121 286
83 258
444 332
138 385
128 322
456 380
459 90
114 341
318 44
65 171
137 314
287 361
477 498
488 50
9 46
220 240
96 181
437 490
348 183
390 403
394 57
473 184
13 290
95 244
335 33
410 407
318 215
250 445
224 413
455 426
237 412
118 386
40 223
134 463
230 270
84 314
342 348
308 354
342 57
28 202
2 125
52 19
239 247
229 288
231 104
194 1
75 437
164 65
497 373
347 14
197 194
237 481
202 285
171 84
206 79
310 422
215 139
294 396
351 96
98 423
235 238
40 363
396 328
4 142
303 76
476 320
141 298
189 154
362 260
235 380
373 112
330 177
21 51
402 252
280 367
99 162
346 69
180 128
251 266
488 347
424 180
94 376
427 264
368 31
367 363
70 223
144 258
414 145
173 490
161 122
324 357
220 357
375 20
179 175
140 33
249 305
65 249
410 147
110 482
438 144
491 5
327 272
418 381
243 332
372 185
273 49
385 449
108 139
298 154
345 140
164 21
233 200
355 76
209 306
186 283
28 290
449 162
349 467
108 240
408 326
194 371
62 281
127 400
377 406
104 273
76 441
202 34
178 111
405 478
304 270
361 136
199 92
456 351
443 382
473 22
48 120
470 191
203 200
206 61
285 195
368 410
267 335
390 227
336 344
201 463
240 470
243 172
218 334
287 475
56 24
306 72
418 370
142 40
4 337
29 109
166 334
388 270
314 82
134 32
473 120
20 54
288 60
394 383
244 114
218 181
198 83
485 322
296 130
480 133
120 212
384 100
285 366
7 32
61 369
157 76
211 478
176 407
63 317
56 378
26 252
474 500
326 141
371 78
97 497
284 304
69 193
441 492
470 263
386 253
355 369
311 334
226 382
419 379
244 179
125 307
498 53
381 380
172 279
483 412
182 41
496 458
419 380
70 140
110 300
44 435
188 266
290 468
243 360
161 144
74 27
420 34
260 108
284 149
240 360
207 377
410 462
282 98
9 492
215 287
135 480
216 167
460 58
450 226
413 56
467 477
183 415
498 140
220 468
287 413
236 400
308 71
208 396
89 358
455 327
397 231
255 395
313 121
462 322
432 41
233 163
26 162
236 490
460 210
410 172
110 32
322 72
329 240
338 323
293 117
59 392
378 385
396 38
49 185
489 153
164 19
279 274
414 358
280 406
465 139
272 476
145 285
7 277
353 300
498 232
11 208
262 443
401 157
390 120
21 265
327 98
176 138
132 307
168 244
22 452
256 257
167 491
155 208
199 434
254 158
105 80
360 470
203 112
377 193
117 212
255 452
127 113
246 407
11 433
356 13
207 478
109 73
122 121
387 370
428 355
63 308
179 4
178 130
230 471
101 144
117 455
17 458
133 312
384 206
104 160
206 336
69 343
476 46
442 201
431 153
264 347
402 284
331 156
410 386
144 172
297 209
139 408
24 451
312 193
327 269
212 53
301 8
178 385
266 199
353 116
278 74
152 489
118 67
231 25
355 74
158 39
203 454
97 48
18 164
462 161
360 232
177 436
332 166
219 468
294 86
13 160
5 402
60 473
419 124
378 224
439 39
269 493
288 467
336 29
108 138
249 138
160 209
16 69
484 143
237 85
295 369
237 350
302 27
439 161
374 132
431 467
352 204
347 113
56 179
332 138
221 205
478 139
445 159
259 197
72 230
244 210
230 447
341 467
73 203
220 327
125 482
428 114
276 167
291 41
20 53
490 108
222 357
201 3
396 341
316 336
336 222
305 39
216 418
156 314
274 186
287 116
77 336
297 124
95 333
348 93
387 455
88 309
220 301
460 465
68 139
275 131
213 433
437 210
165 274
73 178
238 400
276 451
270 215
76 114
444 434
120 307
116 244
262 209
322 163
239 78
434 440
61 199
98 285
247 12
408 21
26 498
315 40
481 15
256 116
186 432
17 390
87 152
448 438
427 253
327 158
278 246
287 497
481 277
81 434
432 490
18 429
473 51
282 408
483 266
208 118
244 157
174 188
84 139
434 336
146 58
268 102
216 301
426 405
338 312
270 152
136 237
480 487
45 330
49 56
60 116
497 43
442 139
496 269
152 306
449 439
223 340
12 444
53 336
142 245
224 75
306 409
135 2
136 314
366 443
265 146
309 341
169 245
304 424
253 163
237 194
90 328
458 70
393 491
358 279
253 440
138 109
27 424
342 68
199 429
327 61
271 269
208 358
390 35
461 175
243 71
479 13
277 356
373 139
129 423
191 10
146 153
337 260
426 20
290 366
357 500
28 75
393 2
344 146
459 303
336 288
223 424
265 424
269 148
396 321
372 161
133 387
328 311
43 410
343 241
380 125
397 264
343 55
266 159
46 96
21 425
270 439
328 192
53 55
309 213
457 446
65 148
399 255
162 100
320 15
286 139
292 164
284 319
411 190
212 295
296 469
500 400
21 314
380 151
450 396
132 399
291 488
28 339
340 369
367 437
416 454
415 472
47 254
260 19
454 489
275 194
315 268
317 370
389 246
466 454
107 470
311 174
24 406
191 268
373 191
330 479
443 488
329 3
300 459
392 460
280 51
32 368
388 206
30 402
43 329
262 424
83 17
300 89
495 412
50 232
17 174
357 125
449 215
217 182
471 411
435 290
196 254
26 478
500 371
404 135
306 427
122 460
222 270
49 406
481 293
