100 4306
95 22
91 34
82 33
67 58
91 70
60 85
53 6
14 19
57 49
15 46
84 37
93 45
47 79
28 72
34 77
79 26
61 83
41 18
25 80
29 100
43 98
32 95
63 67
3 61
36 8
33 72
87 43
41 36
26 70
75 100
43 33
14 15
98 9
36 6
20 50
90 1
51 55
52 74
36 7
79 91
71 95
95 92
6 56
39 65
47 53
96 74
52 97
70 80
94 47
52 3
36 68
69 88
96 15
72 17
96 95
98 35
69 38
58 63
79 77
68 37
5 25
73 69
70 45
1 40
91 73
35 10
85 11
78 35
82 42
40 84
98 24
60 71
60 49
43 57
4 55
81 59
57 54
94 31
70 54
52 5
38 5
18 58
33 16
45 11
29 33
63 87
99 42
80 30
98 45
10 96
11 35
60 55
22 18
15 71
69 80
46 47
38 82
16 5
74 36
54 75
12 49
96 77
5 63
42 6
5 17
98 79
17 77
78 75
84 86
71 64
64 73
96 3
94 3
54 68
13 53
43 7
9 99
55 35
10 39
22 69
4 52
31 100
96 5
9 24
47 12
14 1
85 90
19 71
19 13
11 47
36 80
20 92
64 93
17 26
72 83
33 69
20 28
46 61
6 43
93 5
93 36
95 29
21 100
64 21
56 68
63 50
95 48
66 78
39 36
14 62
59 79
9 74
29 20
21 97
59 74
46 85
11 82
13 7
2 99
66 16
37 34
56 51
78 23
40 52
5 86
52 24
10 92
15 21
19 16
8 93
40 24
84 68
32 36
60 4
63 80
48 41
61 75
2 6
34 4
41 43
37 72
60 24
65 58
53 86
96 73
62 64
21 4
92 45
10 42
32 5
62 17
77 4
68 8
76 43
86 98
29 23
77 69
69 16
59 98
58 42
63 40
22 20
77 29
74 28
5 6
75 40
44 29
67 96
81 46
19 84
28 21
87 98
10 83
63 6
90 30
54 27
72 41
72 11
26 65
23 60
2 30
87 85
95 25
80 17
11 39
69 30
65 44
70 40
71 67
95 80
26 77
22 55
26 52
69 25
3 11
14 37
89 28
30 44
84 91
38 87
68 40
64 89
84 78
52 91
53 82
40 19
6 7
62 70
76 62
54 20
46 8
52 20
52 28
90 21
10 31
99 1
13 60
53 55
83 56
18 50
48 27
33 9
92 50
6 95
84 30
45 6
95 91
52 95
4 26
49 97
77 12
98 97
69 97
43 21
3 19
97 58
17 25
77 56
58 16
25 6
49 65
77 80
34 32
88 78
35 4
20 60
56 21
55 80
84 21
100 45
44 17
50 55
18 69
94 65
18 65
18 56
79 41
14 96
75 12
52 83
16 61
76 61
65 34
86 48
31 86
2 89
55 65
45 18
89 19
88 74
76 48
31 26
97 71
2 61
81 4
40 10
75 53
63 35
32 52
21 41
94 71
30 78
15 36
94 6
11 84
37 54
96 62
62 32
65 14
11 61
64 30
81 28
29 64
1 43
18 68
98 30
34 1
78 7
90 74
44 2
46 23
17 40
74 35
31 8
10 82
94 83
61 77
92 54
11 7
70 30
85 76
45 59
53 3
12 86
44 11
99 13
6 39
67 74
49 14
91 83
45 47
7 75
35 97
7 52
28 29
87 46
5 71
37 4
15 26
82 80
21 13
25 48
2 35
5 58
36 1
72 88
63 86
9 81
15 68
8 32
50 34
88 32
17 18
13 79
91 82
31 47
6 74
85 20
65 6
97 93
77 93
55 36
52 55
90 89
21 78
92 14
14 68
68 83
66 34
67 99
47 87
46 7
61 50
80 65
14 47
18 34
48 54
18 96
21 66
2 42
39 41
33 52
11 10
49 17
87 88
43 60
66 5
10 30
89 25
85 92
14 73
57 3
74 18
4 30
55 47
30 45
32 25
20 79
68 99
31 42
37 1
38 29
96 83
70 64
87 89
97 63
57 87
87 21
88 73
74 77
57 89
84 18
18 20
41 64
50 46
11 64
84 8
39 34
67 36
28 91
82 56
67 16
87 53
8 16
22 98
92 3
4 28
28 45
10 75
63 94
12 2
49 1
45 3
41 84
97 66
58 81
98 72
1 78
44 56
33 4
91 21
50 100
12 58
65 88
54 61
15 40
51 74
56 88
15 79
44 14
59 91
42 85
62 39
12 23
36 96
90 61
88 22
39 15
95 93
26 50
77 92
77 85
73 63
94 37
38 7
11 57
89 76
79 69
57 100
12 19
19 36
21 65
95 15
63 69
86 7
18 87
48 19
18 59
82 31
70 96
66 98
86 71
23 67
38 52
35 1
49 98
100 35
18 70
12 24
24 33
30 16
18 38
93 48
79 43
70 15
72 80
87 37
22 73
35 8
1 38
59 97
47 10
96 80
56 45
95 61
13 40
89 51
18 77
59 13
2 83
7 77
87 8
73 80
4 31
96 72
13 62
68 48
40 93
30 6
54 26
63 44
92 9
17 7
36 97
32 44
68 49
1 75
27 89
100 83
75 98
49 19
2 48
95 54
49 86
40 77
32 65
6 60
11 54
45 71
72 29
52 81
59 29
52 54
82 98
86 97
16 48
9 44
47 8
84 22
34 79
30 11
87 3
50 52
86 46
55 97
14 2
72 59
60 93
5 87
61 24
47 35
50 51
9 94
81 39
13 22
47 100
45 26
49 8
29 49
33 60
11 16
14 8
89 4
98 84
68 26
4 73
54 74
93 81
51 88
9 64
7 40
64 99
7 26
50 24
26 78
75 93
20 63
51 91
60 47
65 52
29 71
80 62
54 12
7 12
95 38
96 79
63 100
30 55
20 81
88 16
97 42
25 56
76 58
35 76
13 33
60 80
64 3
97 84
7 91
52 60
12 51
32 64
96 51
62 26
90 44
24 78
38 44
46 74
90 100
11 2
73 79
67 7
54 2
16 81
23 36
90 9
74 38
34 87
73 13
34 57
7 16
15 44
19 5
98 42
99 4
42 16
73 52
98 89
89 17
41 23
6 54
22 32
38 2
80 66
63 76
49 92
76 71
6 19
71 62
78 32
83 49
33 48
15 59
19 41
71 47
25 10
89 83
38 85
8 92
97 17
2 93
41 55
60 81
6 84
29 93
73 65
13 44
32 13
92 16
33 27
96 55
48 92
21 98
94 79
36 51
45 41
41 44
39 31
77 55
7 62
15 7
49 52
80 75
33 36
32 50
38 20
98 48
26 3
19 4
82 54
78 54
53 10
51 41
51 4
83 48
37 53
72 49
6 80
6 44
17 29
80 90
79 60
83 44
81 17
97 79
68 55
92 44
70 78
2 81
46 17
96 88
80 51
61 37
47 70
91 46
21 62
53 44
62 44
35 12
63 22
81 31
73 53
19 55
20 71
49 2
71 14
83 26
53 24
16 15
63 14
7 50
43 52
49 30
55 3
92 40
83 84
69 72
81 90
94 18
4 84
71 34
43 86
1 64
58 11
66 77
53 56
46 93
16 90
100 20
31 98
18 19
65 68
65 70
9 66
23 9
92 88
39 28
72 13
17 53
67 39
53 41
93 35
33 78
21 93
3 77
76 45
22 77
58 75
86 45
22 28
73 48
17 55
13 51
68 86
78 58
79 18
72 21
82 100
76 84
95 23
78 97
28 63
82 85
12 79
90 15
67 1
28 50
40 39
80 16
5 73
95 72
32 81
92 26
98 28
18 8
78 50
23 3
88 24
17 39
95 53
77 14
42 40
43 81
44 22
57 95
99 7
86 66
23 84
48 85
30 61
9 50
70 59
50 47
4 57
21 70
82 59
39 70
74 49
57 1
84 72
34 24
85 59
49 63
56 28
66 61
87 22
80 67
51 9
37 52
100 16
40 88
47 19
17 69
13 87
95 3
7 34
11 5
8 3
26 49
64 96
17 31
100 34
50 90
74 13
85 99
10 45
61 58
13 85
85 75
74 58
36 16
19 44
43 91
19 82
29 94
95 20
26 99
98 34
18 61
42 44
97 64
26 9
96 39
18 25
16 55
50 43
87 10
60 30
45 51
57 72
70 1
25 38
89 23
36 95
82 25
62 83
18 11
33 92
6 87
91 88
86 70
56 14
69 1
25 16
75 17
12 65
80 1
67 59
96 11
95 98
48 58
14 69
70 89
39 78
44 68
10 88
62 40
12 64
81 38
14 10
3 9
10 4
96 66
95 64
89 97
15 42
21 68
37 92
22 17
22 1
64 72
69 82
51 63
45 46
19 1
24 25
31 51
8 11
53 93
36 99
13 34
20 12
58 93
32 91
10 85
11 78
25 81
97 39
30 19
46 1
9 28
58 68
22 9
96 4
26 48
13 75
97 15
80 46
45 5
14 17
100 22
17 48
82 94
31 33
50 6
77 100
43 28
59 78
43 12
20 31
88 54
76 21
64 83
29 97
38 27
74 100
87 9
94 60
90 67
22 5
63 83
14 81
99 38
63 55
74 12
51 79
45 27
72 54
80 54
62 9
41 35
45 90
1 4
13 97
32 31
79 66
21 79
10 48
29 21
40 74
5 59
90 36
99 11
39 12
75 70
48 77
99 71
11 89
1 88
65 71
4 8
77 31
3 5
41 73
26 85
42 3
11 93
40 69
95 73
6 71
89 80
88 86
23 97
94 45
38 8
78 6
10 44
29 50
17 34
40 22
3 6
89 35
46 2
69 9
50 69
1 31
14 33
99 23
4 74
76 31
95 21
14 3
18 4
66 31
91 47
55 29
79 22
85 45
76 7
13 23
58 95
31 91
70 52
39 72
7 22
9 71
20 8
98 17
76 9
77 37
28 15
28 8
51 65
59 36
6 58
42 4
64 79
12 72
10 93
65 11
86 73
100 76
68 91
87 61
39 21
82 77
70 81
77 68
81 47
87 78
14 97
96 47
14 84
53 46
53 58
23 68
42 20
94 42
40 57
25 27
64 55
82 18
78 86
44 74
18 6
88 77
52 87
39 85
43 73
89 99
82 27
66 64
31 35
1 39
45 87
97 92
75 92
86 33
98 15
9 41
10 34
23 77
20 33
4 46
19 2
91 17
79 71
20 53
61 51
88 80
59 55
21 18
26 39
70 84
13 26
46 18
83 31
95 18
3 29
16 1
51 19
23 62
61 92
20 32
60 63
28 65
55 26
51 71
70 3
49 64
28 40
97 76
6 37
93 67
66 50
83 1
61 49
87 31
57 90
24 20
60 10
67 13
5 77
21 96
82 73
83 87
93 31
19 35
86 17
31 45
10 74
8 94
46 99
10 89
12 98
18 72
35 96
38 78
27 18
3 93
98 7
9 6
32 66
83 32
33 51
90 4
3 38
86 81
44 84
16 85
20 37
39 68
3 49
100 40
53 85
10 28
66 63
44 100
50 39
99 96
48 96
6 41
79 63
33 49
33 70
27 22
85 41
41 92
64 40
17 6
67 17
9 18
82 76
58 19
87 75
66 6
84 32
69 74
83 5
4 70
83 99
13 58
25 83
49 23
21 23
44 61
99 39
60 36
95 99
61 98
56 23
24 7
92 43
6 34
41 87
6 35
30 94
6 48
97 88
61 97
28 77
100 93
62 84
68 67
89 3
46 66
16 46
20 64
40 78
27 42
33 25
19 20
45 2
74 57
20 16
99 90
3 60
2 57
87 94
72 61
86 41
56 43
79 80
18 29
72 16
8 76
34 62
35 56
49 36
85 73
20 1
75 29
38 36
55 23
53 70
40 49
67 38
71 17
35 30
38 22
54 8
45 88
17 96
19 9
15 62
49 76
5 72
59 50
17 3
50 65
84 45
81 50
80 68
19 97
15 12
95 74
59 65
46 38
7 1
54 35
83 38
44 27
45 65
47 34
1 6
77 41
68 79
51 37
32 79
71 32
81 56
28 11
16 89
23 38
61 14
19 68
56 85
88 55
13 37
36 71
58 30
32 42
64 84
56 8
45 14
37 83
55 21
28 69
19 7
77 81
58 69
8 100
52 34
51 24
27 61
82 40
90 58
47 9
49 24
45 39
47 28
50 93
31 58
67 46
64 51
68 98
4 43
28 42
95 1
5 51
15 88
15 73
84 63
76 95
36 62
72 14
60 26
58 10
86 60
93 13
77 90
19 25
21 94
93 66
40 99
91 81
79 89
74 47
31 64
91 42
32 47
87 50
23 74
48 99
88 4
92 51
74 97
43 16
3 4
10 76
30 51
40 34
13 76
76 6
16 23
29 88
62 8
25 67
42 96
66 75
9 25
45 50
60 68
14 16
80 56
98 37
4 86
27 92
38 42
15 82
34 44
15 60
41 38
22 60
44 16
25 45
24 99
5 7
29 34
57 70
19 85
35 17
20 55
1 100
25 65
5 75
14 25
29 85
77 25
64 23
24 15
44 35
90 8
1 73
88 81
74 79
71 38
46 34
76 22
63 85
46 10
39 19
99 70
50 96
25 68
20 5
86 39
14 26
95 4
75 15
65 40
2 43
88 43
62 85
12 81
97 81
84 9
86 37
44 95
7 79
84 2
44 21
78 18
11 43
80 43
57 76
44 3
74 68
40 53
88 99
60 35
33 53
32 87
45 68
90 24
5 13
60 100
82 95
60 74
37 66
64 91
11 22
15 18
12 37
51 28
79 82
97 44
60 7
94 93
35 3
28 97
13 49
67 10
37 3
39 92
56 59
61 10
56 96
58 88
33 19
79 90
52 88
65 10
73 57
85 94
93 52
64 26
22 61
75 47
41 3
65 64
95 66
79 38
30 66
10 79
7 54
68 70
43 65
72 4
75 43
94 72
60 44
74 19
24 3
71 77
41 22
11 6
88 44
86 6
44 24
25 11
71 10
61 6
42 1
27 68
99 47
6 28
96 57
18 30
97 94
59 10
27 97
53 99
9 79
100 62
100 71
55 32
93 4
14 78
13 31
85 72
15 20
12 3
93 22
78 56
12 100
63 17
28 73
75 89
30 91
89 34
78 8
52 29
86 32
51 100
23 98
53 48
62 98
56 67
17 12
79 81
44 82
56 98
46 32
27 90
51 11
87 36
68 53
16 65
83 6
58 33
18 64
11 21
92 72
89 18
58 40
34 96
51 52
94 49
91 58
49 43
3 88
97 9
18 49
30 39
99 17
81 80
8 42
30 74
48 15
62 87
100 9
20 93
24 80
11 73
83 29
92 52
94 68
56 55
39 88
31 30
43 99
39 66
95 77
62 28
98 81
29 9
27 49
16 49
87 1
67 91
63 12
66 28
1 65
46 33
5 37
69 4
57 75
46 40
69 15
44 79
70 38
68 16
32 19
90 10
26 5
44 47
32 92
16 97
19 72
66 62
87 24
13 55
2 91
16 56
84 46
35 59
43 34
27 11
44 40
70 56
47 42
17 51
91 18
64 33
85 7
86 34
17 30
47 6
15 54
57 35
17 66
9 13
95 90
69 31
52 89
27 13
79 52
55 75
68 32
62 99
83 86
35 33
91 94
84 47
11 62
97 48
2 98
7 64
75 97
56 9
61 64
1 77
88 41
25 37
44 46
77 76
30 23
9 27
36 78
37 39
76 39
48 84
54 98
11 91
96 86
65 7
26 71
3 75
64 56
64 39
14 54
15 77
63 89
66 36
31 7
64 74
100 17
53 64
14 100
77 2
44 23
38 30
46 72
48 60
44 5
94 64
21 26
5 61
2 52
90 22
43 13
29 51
68 7
98 78
63 78
3 91
2 31
36 37
84 13
27 47
13 41
7 30
55 76
76 26
23 88
63 11
63 53
85 15
73 51
40 11
15 93
50 54
72 34
36 54
14 67
25 75
91 60
21 36
3 62
23 50
40 55
65 75
10 66
69 3
61 70
24 17
31 16
55 87
16 6
32 15
22 96
38 94
29 89
67 9
89 20
64 68
63 26
78 28
66 100
59 49
15 67
35 99
24 81
92 64
77 73
42 100
100 6
13 1
46 9
95 87
79 37
59 43
93 54
75 21
84 15
11 46
4 76
26 2
46 90
11 41
61 74
50 89
46 26
33 59
94 56
72 79
33 3
33 41
34 21
96 20
69 95
43 22
81 37
36 46
37 41
21 14
72 89
88 66
8 1
74 92
61 19
23 35
2 86
22 33
77 57
20 76
31 25
63 93
97 96
87 76
8 22
40 72
100 88
41 63
17 93
3 48
97 34
48 21
41 91
37 50
15 9
69 20
66 71
74 70
29 13
13 91
53 43
17 32
84 60
56 26
34 67
8 83
87 7
46 57
45 53
53 8
2 37
77 64
60 65
95 31
41 66
32 58
31 48
55 44
9 95
14 13
64 48
91 40
27 73
5 79
44 94
78 17
22 4
78 16
35 82
31 43
76 91
4 16
68 71
23 82
75 71
17 84
60 73
4 58
55 95
45 37
8 2
68 57
76 78
35 42
23 25
75 20
78 85
8 10
40 66
7 70
95 28
92 6
70 2
58 80
93 47
64 17
12 5
16 82
92 59
51 47
2 100
62 53
81 23
56 3
95 27
100 73
75 60
29 90
14 31
48 55
2 33
21 17
45 77
47 36
12 26
85 71
9 35
48 34
35 88
31 38
39 14
14 94
97 25
21 22
43 100
36 10
14 99
70 43
59 73
14 52
28 38
67 28
38 100
100 79
85 64
41 58
87 82
27 1
92 42
98 94
19 77
80 4
73 58
18 33
43 3
8 23
70 67
100 4
58 47
95 56
13 15
1 84
5 62
60 98
57 32
52 94
53 5
47 20
82 6
40 35
14 91
41 32
54 30
43 23
22 81
52 90
14 51
98 73
19 66
38 14
76 12
18 97
54 62
64 90
48 56
87 72
78 2
99 56
51 82
67 65
14 59
91 37
60 37
45 38
92 28
46 29
80 27
66 89
49 32
25 22
76 18
97 4
55 85
89 9
35 92
84 55
97 53
27 86
9 60
87 81
53 11
86 35
48 52
66 23
90 59
77 60
55 8
75 38
50 48
65 41
7 39
13 35
20 14
87 15
7 10
88 34
51 83
25 90
22 80
42 57
22 85
18 47
83 46
57 17
1 61
58 98
90 87
3 28
33 66
54 51
19 86
35 53
57 67
44 50
25 44
67 42
28 13
42 75
30 76
31 34
43 8
90 82
83 24
86 75
37 9
32 48
66 94
72 7
70 9
65 19
29 56
69 85
97 56
58 77
31 68
69 81
52 100
57 50
14 34
88 82
61 65
18 3
100 55
98 57
10 9
91 23
76 56
86 91
55 42
95 10
52 58
81 82
80 93
11 17
38 21
25 98
47 80
40 43
65 99
77 24
15 31
34 38
52 86
27 43
55 43
85 14
64 45
100 68
89 49
25 1
25 99
41 90
95 26
25 100
78 79
33 98
91 45
6 59
50 86
61 34
80 99
86 92
79 3
50 79
54 85
90 39
42 50
84 59
34 35
46 3
59 24
61 89
99 84
77 70
62 86
36 52
5 2
50 68
53 88
46 20
54 76
54 77
29 2
70 60
23 7
34 82
88 46
91 48
63 64
40 26
2 63
88 89
54 42
29 1
59 48
14 58
63 25
5 88
52 80
23 19
92 87
10 62
37 32
8 19
65 74
53 71
97 83
26 59
41 26
81 44
62 49
92 55
73 3
65 15
13 92
91 38
36 20
77 13
96 81
18 31
60 53
52 99
49 51
34 83
44 28
82 45
23 73
88 94
80 53
77 91
16 64
78 22
82 71
34 68
8 6
3 31
62 12
89 92
36 24
99 15
41 1
2 40
29 61
49 45
11 20
20 94
27 53
46 63
74 42
17 70
96 71
23 27
99 16
43 24
79 58
25 7
89 13
10 21
83 57
20 67
20 51
52 31
83 73
18 43
57 81
41 68
81 51
49 88
88 75
23 1
63 96
90 13
44 72
29 54
52 68
33 74
95 81
88 42
91 49
45 89
89 1
65 27
88 17
12 8
56 65
43 94
88 21
65 95
3 63
38 55
48 66
53 66
50 60
79 19
10 86
34 11
89 67
61 15
17 33
58 2
4 6
18 16
67 98
84 50
3 66
43 95
57 60
57 48
32 14
49 50
19 42
57 58
93 49
70 97
5 46
37 24
29 22
30 20
67 77
77 21
39 79
33 55
29 53
27 35
87 48
18 7
72 97
96 65
64 19
55 99
68 97
38 24
76 83
10 100
97 12
67 21
45 79
39 24
23 22
64 15
6 15
8 52
5 23
45 97
57 80
87 86
47 5
99 60
4 23
22 89
88 13
60 14
16 2
72 63
52 44
67 6
55 54
39 47
38 60
82 55
17 54
50 85
26 20
35 75
18 10
23 63
14 36
14 42
87 93
71 56
79 54
82 92
14 80
53 15
64 34
23 54
84 96
56 46
26 34
62 16
55 93
4 12
98 90
70 29
89 100
97 7
92 93
35 91
47 7
73 94
34 76
11 42
38 15
7 49
58 94
58 8
86 56
71 1
31 56
22 42
9 91
56 34
75 11
49 82
80 64
50 41
48 1
50 5
66 76
61 43
38 49
86 18
68 13
34 99
86 23
45 36
17 85
30 34
37 100
51 44
19 53
40 59
91 6
85 61
25 50
8 82
12 59
34 8
100 99
56 92
23 34
59 83
98 13
1 81
55 67
16 28
94 26
49 78
5 24
80 23
56 11
35 14
66 92
37 23
39 23
86 80
28 37
72 81
22 37
95 59
38 37
27 99
84 26
34 55
57 99
54 91
62 2
34 15
22 58
84 58
47 64
22 6
6 81
15 45
60 17
78 12
86 77
45 83
27 66
62 48
62 75
85 23
46 12
54 63
34 70
79 11
74 15
69 90
9 34
54 96
71 35
59 86
27 17
51 60
51 43
33 87
12 18
98 39
75 84
12 53
7 3
61 48
52 72
40 71
69 5
15 4
24 79
87 80
42 68
62 46
12 96
50 77
40 36
89 58
1 15
40 80
65 17
25 53
39 59
75 31
28 100
65 100
82 26
44 45
19 27
78 41
32 10
80 37
32 99
19 83
37 62
3 65
20 57
90 60
73 93
24 63
10 70
27 64
52 64
43 17
69 91
53 36
57 65
78 45
4 82
97 51
57 8
36 22
100 41
77 75
25 28
34 63
71 92
14 27
77 43
77 87
65 62
33 62
82 46
63 43
70 44
40 29
31 53
61 28
3 20
54 40
95 46
39 82
58 29
91 96
99 18
90 7
6 31
29 82
23 17
54 97
71 87
63 36
28 24
38 84
52 77
63 71
61 73
68 61
26 75
76 73
54 60
60 64
44 64
12 21
61 69
10 77
25 40
49 100
42 90
99 63
2 7
81 45
51 2
41 46
59 38
86 1
27 60
71 91
56 75
47 69
29 47
14 18
74 78
24 14
68 51
9 14
26 6
13 36
55 79
76 53
95 63
80 78
75 68
27 3
49 69
22 82
12 44
32 21
71 30
58 96
36 26
100 92
63 77
59 80
67 37
70 63
46 24
63 45
94 2
20 6
21 51
94 51
87 59
51 32
65 13
70 16
76 72
52 82
46 79
41 57
25 26
18 42
71 73
97 22
24 91
19 54
68 66
72 15
53 67
52 13
73 20
54 21
67 94
67 60
49 84
70 36
63 18
39 61
50 33
73 67
46 37
16 57
12 88
25 61
68 4
65 8
27 55
55 74
24 27
31 72
15 58
93 14
52 61
41 62
29 37
10 72
19 63
36 43
29 98
3 47
58 24
85 96
99 44
33 56
55 73
17 19
36 27
2 90
48 72
57 15
37 30
42 93
52 23
94 16
46 55
65 63
12 52
64 67
99 92
63 32
33 97
50 76
17 79
75 2
42 77
90 20
87 74
35 66
28 41
5 1
33 8
77 36
54 84
56 52
91 65
21 45
35 72
65 87
29 69
99 91
84 81
63 29
83 9
5 85
91 92
39 3
100 85
79 62
49 77
64 38
52 30
20 82
39 25
67 52
16 98
86 57
61 33
31 59
81 64
32 6
4 11
27 21
97 73
3 76
2 82
86 99
16 54
97 95
23 6
21 25
73 74
24 65
76 64
78 82
48 38
25 66
17 45
7 55
45 66
83 50
43 9
59 60
97 99
20 34
6 88
95 68
74 66
90 76
36 5
51 93
59 68
24 42
58 20
66 82
14 5
71 2
52 57
75 91
53 28
59 9
53 72
64 24
90 54
81 66
44 4
7 9
94 10
10 73
9 54
72 47
6 69
13 86
79 75
78 47
95 39
32 28
44 26
51 48
68 78
56 22
57 25
77 53
93 84
50 94
25 58
29 36
87 16
92 98
13 71
51 16
39 100
5 49
34 25
72 27
39 57
94 35
19 24
11 14
5 90
29 8
98 52
45 24
39 63
36 42
71 70
89 6
48 44
33 15
87 100
71 98
98 99
73 33
30 62
71 72
1 9
95 79
57 45
27 2
74 72
10 22
41 70
19 80
40 30
45 96
11 1
6 64
34 54
12 50
98 70
97 82
7 63
80 13
15 83
69 68
48 46
33 54
70 82
17 41
89 54
57 5
21 33
89 85
86 65
74 80
61 91
73 26
7 33
48 42
18 93
12 42
69 10
44 93
66 55
18 2
77 84
62 63
4 71
92 25
70 88
56 91
76 1
94 24
77 11
79 31
76 79
73 32
91 93
35 24
1 62
68 46
64 100
93 41
93 62
27 74
3 10
68 29
84 56
84 29
89 86
27 87
81 36
92 76
89 43
34 78
61 17
19 81
77 8
26 57
41 30
23 100
96 1
1 32
86 79
57 85
47 33
10 49
37 57
15 80
46 73
49 80
27 77
100 56
42 7
66 29
23 72
77 39
16 83
73 42
26 93
89 42
76 70
26 18
13 20
94 89
72 43
31 74
31 70
62 18
2 69
98 4
45 23
85 98
58 39
63 61
28 12
89 69
98 55
69 60
67 79
79 53
94 48
85 86
75 90
92 70
8 91
78 42
59 7
7 89
80 91
90 56
78 77
40 86
68 38
79 40
60 45
85 27
27 10
47 59
5 41
29 81
58 34
14 79
21 50
94 54
22 16
55 31
61 45
89 62
93 98
6 72
56 74
36 12
12 83
8 25
84 87
52 6
22 39
50 88
70 25
79 1
65 81
20 39
33 89
74 32
84 94
12 73
10 37
21 35
55 18
41 83
81 74
58 46
64 57
48 37
22 24
61 40
53 57
32 26
3 58
58 87
81 89
92 24
96 78
90 84
28 30
55 2
13 17
75 44
37 76
21 82
81 26
34 16
67 49
28 5
92 12
10 24
100 70
45 35
33 5
52 85
19 15
49 42
62 51
30 88
33 68
89 82
55 90
74 71
8 85
70 48
10 20
29 42
70 55
76 19
30 81
72 93
58 21
81 54
54 58
72 9
78 19
69 56
67 100
3 84
28 54
84 12
14 66
7 32
39 2
43 29
5 68
68 12
16 32
22 71
92 84
79 84
81 13
87 60
20 17
4 50
76 11
99 21
21 57
5 30
78 27
65 48
54 59
33 11
98 74
26 37
72 55
62 82
97 87
19 31
35 67
22 86
54 100
39 35
73 47
59 69
50 58
58 99
90 72
92 81
11 100
52 78
63 8
48 80
20 61
26 22
36 35
44 33
51 86
70 79
83 90
37 15
96 25
4 45
100 69
12 14
42 17
60 28
33 94
24 8
80 12
62 59
29 92
69 94
64 36
11 36
14 7
97 37
23 33
11 48
78 61
98 53
81 62
92 22
19 45
68 1
82 60
20 83
57 78
24 41
83 14
38 72
59 46
49 90
70 94
17 82
30 36
61 56
91 100
36 48
30 25
95 2
65 97
8 48
61 12
26 51
23 76
81 75
29 19
3 2
99 8
2 92
6 75
24 86
71 11
13 54
47 2
55 24
90 11
45 43
31 46
76 33
33 39
61 82
34 81
12 13
94 90
12 45
6 33
56 50
8 15
14 70
35 68
47 15
50 8
88 14
71 50
52 63
38 89
100 3
83 79
20 35
56 72
85 81
67 31
6 49
4 87
24 1
36 82
19 43
16 71
80 50
18 48
20 23
61 38
32 77
50 35
13 100
5 56
47 83
55 78
1 93
4 59
79 27
83 66
89 26
36 31
87 17
42 76
60 58
41 98
24 48
94 27
81 10
84 88
91 36
73 81
52 41
26 42
34 90
25 55
29 6
38 54
32 23
9 38
16 74
82 43
99 10
30 27
33 83
45 29
18 80
7 56
27 59
39 60
31 28
67 29
67 72
76 60
74 39
42 13
75 51
95 30
74 89
44 54
28 93
38 62
22 14
39 71
5 15
31 40
39 93
56 27
95 7
74 43
65 4
72 91
75 41
65 47
58 44
96 27
61 94
74 3
73 6
87 42
23 75
20 72
95 49
45 99
25 84
96 40
95 75
76 32
75 83
7 92
58 70
70 46
25 59
49 96
22 99
22 94
86 55
66 69
49 35
100 33
78 44
22 15
65 33
54 71
8 74
29 99
52 15
47 16
100 95
67 24
55 94
100 81
72 45
71 31
62 73
73 84
86 38
85 21
12 87
39 89
41 60
93 24
26 97
91 78
43 10
10 17
93 70
69 39
18 67
78 20
30 99
65 46
75 99
38 51
56 63
61 23
52 35
70 87
84 74
76 96
83 85
40 94
32 70
62 50
30 53
57 91
89 59
47 57
74 17
47 67
97 8
10 19
15 91
17 36
62 72
40 48
59 41
20 4
37 11
18 75
33 85
49 48
87 51
30 87
33 1
76 14
69 86
93 32
41 95
59 2
31 78
85 80
92 34
21 31
19 67
27 40
22 57
90 18
3 22
29 79
38 63
69 48
42 60
55 1
27 70
65 30
59 88
72 66
43 58
43 37
37 64
17 59
9 32
4 56
49 71
12 56
93 27
92 67
61 21
54 99
1 28
66 56
85 70
88 47
47 48
87 11
78 9
51 15
9 53
38 58
58 7
22 51
79 4
73 24
9 58
76 29
96 92
56 42
11 66
41 25
98 83
95 70
74 34
50 72
19 26
29 86
44 7
29 74
70 42
67 11
42 34
94 99
2 87
82 99
96 94
23 71
93 30
96 52
42 69
27 8
38 12
31 85
66 12
7 74
60 12
16 40
98 8
57 56
29 24
91 33
62 57
15 63
99 79
43 38
1 51
25 42
11 69
88 37
25 2
85 84
66 52
57 38
11 24
35 70
8 7
85 3
74 83
1 91
75 72
31 50
69 24
12 31
99 6
40 67
94 7
43 35
69 54
49 55
72 8
41 94
35 65
17 15
83 77
36 76
24 72
56 17
100 15
9 93
26 88
30 12
51 35
74 5
97 67
44 73
13 47
90 37
35 73
25 93
53 52
85 43
70 12
17 50
18 73
91 55
54 49
24 4
5 27
14 28
76 65
2 41
41 31
54 24
98 27
44 39
91 89
19 11
98 11
23 65
73 21
18 5
15 55
64 43
65 72
18 98
68 20
93 76
44 49
33 40
8 59
48 82
33 34
79 35
19 73
17 38
82 64
21 3
86 82
46 21
38 92
45 13
96 59
19 52
13 96
69 96
8 89
50 14
89 24
35 80
98 26
30 72
72 58
17 16
90 6
69 26
51 98
7 100
4 2
41 27
21 42
59 75
17 47
49 20
27 84
46 22
84 71
91 85
93 37
62 60
62 92
9 77
32 53
94 39
71 37
72 26
88 90
67 8
16 63
4 47
58 71
19 95
66 18
64 78
67 61
32 27
42 45
95 60
78 93
54 53
80 61
43 67
43 90
9 80
54 3
36 61
85 6
99 49
95 51
60 89
8 79
5 95
63 91
79 33
7 27
5 43
94 74
69 55
80 76
49 58
50 10
63 30
85 36
73 89
5 82
16 21
84 33
90 35
75 48
19 96
36 89
20 88
67 85
10 15
45 95
40 6
7 96
59 57
14 57
34 53
48 23
88 79
7 83
13 48
45 73
18 44
49 87
95 50
3 15
24 84
19 91
71 83
5 8
13 18
56 60
83 95
81 48
99 69
29 26
4 5
88 64
85 68
88 25
90 40
50 97
64 28
12 85
5 60
91 22
7 21
42 30
43 14
37 95
24 6
53 94
34 5
83 4
4 14
39 48
64 86
85 18
58 27
2 79
97 32
31 37
50 98
70 83
54 1
15 29
93 79
77 94
44 91
87 20
98 20
62 31
31 23
54 73
14 55
39 73
72 82
52 21
5 39
15 30
80 38
93 12
37 8
67 88
47 22
62 29
65 92
97 90
7 88
35 77
100 94
37 59
14 46
39 55
31 29
17 4
71 25
32 94
95 12
90 38
81 68
96 26
76 38
64 46
88 31
99 81
40 12
39 13
36 84
58 62
84 31
31 54
62 45
53 14
39 16
75 37
73 16
84 51
27 26
3 90
39 75
48 71
26 28
69 46
63 88
27 100
80 32
89 71
64 2
83 54
78 89
60 46
38 93
16 77
61 62
12 90
17 83
33 80
62 95
97 5
6 51
65 79
95 85
94 11
34 51
36 75
31 65
58 55
42 5
85 79
8 13
55 5
89 40
57 24
11 13
52 75
27 39
80 94
36 79
65 36
3 83
29 96
68 28
75 4
38 19
5 78
93 56
13 64
96 87
1 18
39 53
86 44
81 76
20 77
45 40
57 88
75 64
46 30
84 42
18 52
96 41
89 53
91 5
49 53
8 41
13 95
1 3
66 4
25 78
27 91
57 12
12 33
56 19
26 8
54 32
98 96
2 32
37 17
60 92
36 69
91 12
70 66
39 32
98 65
9 85
12 48
43 83
74 1
91 10
52 11
92 79
65 38
10 29
88 95
84 7
57 33
68 93
34 59
63 10
80 92
38 11
45 69
1 10
77 89
74 2
43 39
72 2
4 40
9 5
47 89
93 33
90 33
67 2
83 27
90 53
82 1
40 60
96 44
50 16
99 50
87 35
66 91
19 59
30 67
59 23
24 30
75 46
36 58
41 40
81 53
47 54
80 3
100 98
44 8
97 85
1 50
35 25
63 57
24 16
80 2
40 56
92 78
39 18
30 26
24 47
96 46
42 81
22 19
96 31
47 38
86 8
94 76
58 64
54 22
9 96
8 51
70 51
10 54
8 66
99 72
27 88
42 63
28 27
29 60
88 98
15 92
99 31
100 78
24 13
21 92
71 12
31 63
25 13
95 14
73 87
70 24
31 44
53 92
19 69
94 86
36 50
19 87
79 16
91 87
30 100
32 43
30 97
1 56
84 34
51 85
42 39
60 96
82 63
87 14
10 12
93 57
59 61
68 30
42 72
86 20
13 63
16 52
57 92
78 43
67 87
78 67
76 16
4 25
99 61
30 92
33 32
74 86
97 31
92 58
32 90
89 96
63 21
28 46
70 50
19 57
67 84
79 48
45 52
97 1
41 89
48 29
51 66
69 34
32 96
23 53
43 46
53 59
5 81
1 26
59 76
80 39
76 75
32 59
57 30
70 20
44 37
94 15
62 4
22 49
60 61
71 78
37 63
66 15
30 96
60 1
62 68
16 3
99 28
39 54
49 79
56 58
99 3
100 32
6 14
70 22
67 69
2 66
59 94
39 4
28 18
35 16
20 48
40 9
4 94
68 63
74 11
17 58
49 34
28 58
15 27
11 49
48 28
89 14
6 62
3 50
92 5
55 9
9 30
67 50
21 49
56 24
85 1
87 68
36 28
43 68
92 36
80 26
57 31
70 19
97 80
47 43
18 83
44 80
36 3
14 90
7 61
27 63
9 82
33 95
32 89
97 38
28 96
4 92
28 59
30 21
76 46
82 7
83 67
96 75
75 94
96 38
19 100
71 69
50 22
84 89
71 57
69 41
82 65
78 53
73 17
37 69
26 66
33 67
5 21
26 90
83 92
98 46
45 33
37 18
50 75
47 66
44 43
92 73
98 77
90 31
8 73
32 60
89 48
68 22
7 93
86 47
41 67
58 59
9 36
38 39
20 99
23 94
90 28
82 58
93 86
65 29
60 21
70 13
75 33
33 77
16 86
51 27
12 99
22 12
71 8
99 19
1 66
14 98
23 40
98 10
35 5
12 16
12 6
27 62
94 5
56 10
69 12
13 82
76 74
21 53
43 96
24 82
3 34
73 7
66 58
31 9
22 83
35 32
83 80
66 24
86 100
92 23
98 44
2 24
40 51
80 42
74 82
27 76
6 93
83 58
46 35
9 63
53 65
30 22
4 38
68 24
50 11
74 50
69 84
23 57
61 31
20 44
27 75
49 56
37 78
10 51
88 93
69 62
100 59
50 82
44 85
77 99
49 66
65 42
14 41
47 49
27 67
10 13
76 68
96 61
28 94
11 68
28 71
18 24
84 95
12 55
38 88
25 51
20 97
45 54
91 90
50 27
87 29
1 53
37 7
76 52
100 26
90 92
24 75
74 37
41 99
25 85
32 82
62 77
43 84
27 20
48 35
90 66
71 33
23 24
78 81
19 50
35 28
74 93
85 34
6 79
59 63
51 39
78 60
16 29
29 30
72 70
24 71
76 88
67 44
73 56
5 29
5 10
30 33
81 94
94 46
94 1
3 72
72 60
47 21
53 7
39 87
46 51
43 48
54 56
76 15
78 65
66 84
3 97
98 69
50 73
10 68
36 34
22 72
88 2
26 33
90 19
45 20
15 2
34 27
65 66
9 86
96 90
1 52
45 7
11 97
89 95
87 26
43 54
93 59
76 44
12 34
26 53
47 77
91 50
87 28
69 65
78 48
57 13
78 51
57 84
5 76
68 17
10 26
42 62
73 99
68 72
3 71
88 68
54 67
82 67
57 55
91 53
73 38
39 56
30 48
83 11
21 59
74 22
3 32
56 87
40 87
81 21
30 56
58 86
1 45
41 47
50 30
16 53
79 28
7 69
69 64
60 11
62 47
44 36
21 20
45 34
86 3
37 85
97 57
68 6
49 4
94 25
98 38
4 29
30 14
93 43
38 56
85 28
82 96
14 48
9 2
86 28
27 16
34 80
58 26
37 19
61 8
95 94
11 95
51 18
73 40
57 69
31 60
35 7
35 15
46 77
8 64
66 67
82 57
93 96
35 69
90 86
73 90
27 29
64 59
52 22
74 41
46 13
95 8
91 62
13 94
26 23
37 49
7 41
81 27
53 50
98 6
11 32
59 66
12 9
56 36
44 89
11 70
40 32
60 2
45 58
53 18
3 30
19 75
64 87
5 100
5 64
36 88
87 54
63 1
84 100
82 41
97 46
28 75
18 81
93 99
54 25
16 13
71 80
3 59
76 98
40 98
26 91
20 41
15 49
54 5
17 90
13 83
87 79
94 92
95 67
46 92
86 25
71 88
80 28
44 1
69 8
46 25
8 30
28 84
28 82
25 64
