50 1128
27 36
16 7
5 40
25 32
17 26
4 44
29 14
35 4
47 26
47 33
38 7
33 27
46 6
18 11
33 30
40 45
37 14
5 50
8 12
35 28
38 18
24 47
49 29
28 20
24 38
1 20
21 25
8 25
25 4
31 10
8 41
47 22
3 15
2 20
21 30
14 26
17 33
40 37
44 39
34 18
44 6
41 32
18 31
31 26
22 38
33 28
30 37
13 30
29 38
26 35
3 29
32 3
2 19
10 46
2 34
20 47
44 16
9 11
48 41
2 23
11 23
38 6
17 44
50 26
16 42
22 25
27 1
47 42
16 34
26 20
42 45
26 22
8 32
49 37
15 17
12 24
22 32
28 3
43 13
22 16
11 22
36 32
42 20
23 33
50 10
40 25
17 43
46 1
22 37
43 45
40 42
33 24
18 42
45 49
34 14
16 21
42 46
42 7
39 37
19 31
25 11
38 41
34 33
16 14
16 11
17 8
46 8
15 13
50 6
19 50
31 16
31 23
18 6
22 10
9 14
46 9
10 41
36 50
46 25
10 23
9 31
13 7
29 7
8 14
29 22
31 8
16 25
8 38
8 6
37 20
27 22
4 19
7 34
12 38
24 10
9 13
45 21
47 50
31 39
25 9
9 18
32 15
35 31
42 43
36 45
8 48
19 26
17 23
37 50
30 16
33 25
11 17
39 45
10 21
15 4
7 30
33 3
14 18
47 15
31 48
31 12
9 27
4 23
43 15
6 4
30 15
35 23
18 25
38 33
32 43
6 30
27 5
48 26
24 14
34 46
48 14
35 43
46 36
24 30
9 47
49 46
32 21
29 30
31 4
47 11
1 43
12 23
10 6
8 16
4 17
36 16
21 7
30 8
42 22
46 27
24 23
39 2
36 40
45 35
10 29
33 35
5 3
25 7
13 48
46 21
4 39
41 23
19 16
13 38
37 19
27 16
31 6
18 35
12 37
49 4
33 26
37 42
30 26
41 24
45 46
1 5
26 24
23 47
23 15
16 2
33 5
3 40
13 23
39 41
44 3
2 33
44 36
7 44
45 6
5 13
45 1
49 36
17 49
34 40
39 8
31 34
9 32
24 21
14 49
15 6
18 19
42 2
27 6
49 26
20 17
3 17
41 43
3 11
3 7
10 17
9 35
31 41
48 44
21 6
19 15
3 42
32 1
26 9
42 13
50 23
22 2
47 7
39 16
10 44
20 8
46 11
1 3
6 29
42 35
18 22
34 38
25 36
35 3
30 40
31 45
17 25
4 3
33 19
41 11
37 43
1 36
46 28
19 24
39 7
5 43
17 7
10 34
27 44
10 15
32 5
3 16
44 23
1 28
49 19
7 50
5 35
2 18
18 37
20 3
30 3
16 9
44 49
16 38
8 34
22 7
33 6
15 41
22 34
25 43
49 40
13 25
27 25
43 16
25 19
9 36
39 18
40 12
12 17
50 20
5 26
37 11
22 39
46 29
40 13
24 2
24 6
33 29
23 34
48 18
1 49
31 28
39 25
42 33
8 19
1 22
10 27
30 49
19 29
5 23
50 48
20 6
30 44
11 38
12 44
49 27
32 44
26 25
13 22
20 31
27 12
33 9
37 1
7 33
16 28
49 33
41 17
21 29
50 46
14 13
15 37
27 41
24 28
24 40
1 12
34 37
22 44
40 31
20 14
44 5
14 47
29 43
29 4
1 8
50 35
37 5
18 27
34 24
26 40
4 38
1 47
15 14
16 18
44 25
21 8
17 19
47 17
14 21
27 17
41 9
8 7
32 31
13 3
32 12
27 28
47 43
18 8
47 10
50 8
4 28
26 8
28 22
15 39
41 47
44 40
7 1
43 3
14 36
26 28
50 27
45 22
14 2
10 38
19 45
41 3
15 46
46 13
41 34
10 32
8 33
32 13
1 50
16 35
12 13
44 11
24 5
9 20
9 28
16 37
14 41
36 11
13 18
50 30
29 12
7 12
23 39
27 34
43 8
45 4
40 6
44 47
33 14
21 42
9 7
43 40
16 23
50 42
2 27
25 23
49 31
6 47
43 10
26 37
38 28
10 4
26 6
50 49
20 21
19 47
2 7
36 19
21 43
35 17
21 44
38 20
30 31
37 47
45 25
12 11
22 49
36 29
43 38
25 24
12 34
13 45
46 24
32 30
7 31
31 13
35 15
22 15
41 19
2 36
2 28
40 39
31 44
33 50
20 41
20 43
5 41
5 29
45 12
43 23
48 12
21 47
6 2
8 27
46 32
49 38
37 8
23 20
44 8
14 27
46 18
38 5
2 32
42 28
19 20
21 9
3 2
38 47
33 16
31 50
11 15
31 22
40 16
21 12
40 47
30 34
22 14
45 16
34 42
28 37
19 10
20 29
23 48
34 48
9 49
10 35
6 25
43 18
17 22
23 14
47 39
36 6
27 20
39 13
26 2
34 5
7 26
1 13
33 44
24 37
21 35
8 5
15 44
40 46
41 37
32 7
40 38
21 4
42 8
31 24
4 32
2 47
9 5
32 28
10 2
28 5
9 39
49 7
36 22
22 6
3 24
18 26
10 45
17 24
18 21
21 27
15 26
1 42
47 28
25 31
19 27
23 6
49 5
41 30
19 22
17 45
25 20
4 36
2 41
9 1
5 20
34 4
36 18
34 13
20 35
17 18
16 1
40 1
22 48
29 17
30 28
50 21
13 29
5 12
20 4
43 9
28 49
48 10
39 20
25 3
36 33
3 36
25 38
12 41
16 41
21 41
50 40
41 6
49 48
1 24
39 29
6 48
11 21
50 15
26 27
28 21
7 11
36 17
42 17
29 8
23 32
23 46
6 17
12 16
18 3
48 15
50 18
46 17
2 49
17 32
47 29
22 8
47 18
43 44
26 32
10 49
26 21
4 26
50 22
38 46
8 2
25 30
10 13
15 34
19 34
4 47
42 48
36 38
2 46
12 14
12 2
14 10
24 42
4 33
11 1
27 3
43 7
47 48
35 24
10 30
26 36
36 24
4 7
27 42
5 30
48 1
30 17
10 26
15 42
24 15
13 41
6 5
28 14
19 23
18 32
9 6
38 48
18 45
27 7
27 45
11 13
18 40
17 16
49 24
38 2
49 8
11 20
1 26
38 27
41 29
25 10
15 33
41 7
33 12
49 41
14 11
27 4
50 13
14 1
46 43
16 29
9 38
17 48
12 50
5 7
25 1
22 5
28 7
39 35
30 45
23 3
42 44
34 28
13 24
10 36
17 21
45 2
25 12
23 22
34 9
23 30
30 43
35 36
32 35
33 13
27 24
6 16
22 9
29 37
49 32
48 7
37 25
16 5
18 23
7 10
48 4
5 46
47 25
13 28
39 14
19 40
23 40
11 2
43 33
35 12
21 23
11 24
15 29
46 3
42 41
2 17
32 20
34 26
29 9
2 37
20 48
1 2
8 23
29 34
29 1
11 50
41 45
18 10
18 28
14 7
38 39
17 5
31 37
11 27
45 8
35 22
19 11
5 10
30 22
37 9
29 42
15 8
27 32
36 12
26 16
30 12
37 7
41 36
27 40
14 43
48 40
44 28
32 38
46 26
29 31
5 15
16 48
50 24
14 4
34 6
44 35
31 27
1 17
50 41
48 37
13 16
45 23
35 7
18 5
44 29
22 43
49 39
29 27
3 50
40 7
3 21
25 28
21 34
3 37
2 48
42 30
30 27
30 38
37 33
33 11
11 8
2 4
17 34
32 45
24 4
35 46
9 23
39 19
25 50
21 15
18 33
1 21
6 42
4 16
4 13
37 27
45 20
5 4
39 50
40 11
1 44
39 28
39 33
9 8
31 46
28 45
31 42
38 14
43 12
46 20
50 14
12 47
46 19
39 36
34 45
49 18
37 36
30 11
43 11
30 14
18 1
39 3
33 1
47 32
46 22
31 38
30 39
15 18
49 6
40 35
24 29
48 5
31 21
9 45
34 20
17 40
25 14
48 24
31 5
20 40
40 8
25 35
47 16
36 20
44 19
40 21
31 47
10 3
21 2
46 47
19 9
13 2
43 19
28 11
48 19
43 24
18 12
32 29
39 5
36 28
33 45
27 39
48 45
26 42
46 4
4 8
35 1
30 35
10 33
38 21
50 9
17 31
2 40
48 21
1 34
14 32
1 39
44 38
33 20
10 37
46 37
11 6
35 6
40 10
18 44
28 40
16 24
33 48
38 50
22 40
30 19
19 28
4 9
46 7
32 16
21 19
10 8
28 17
3 34
28 12
11 5
26 41
9 10
9 42
21 39
12 4
13 21
15 49
26 3
35 19
42 23
40 32
15 31
30 47
10 12
5 45
31 14
18 7
12 39
35 48
17 37
47 36
12 6
39 24
37 32
44 9
25 49
49 12
44 50
38 1
37 4
36 7
33 32
11 45
23 27
31 33
17 39
29 23
20 24
44 24
3 12
9 15
49 42
43 6
1 30
11 48
26 43
15 25
31 2
13 6
36 23
47 8
11 35
49 16
47 3
19 3
30 2
3 8
34 32
4 40
36 48
19 13
16 10
41 28
45 3
18 41
26 13
34 49
21 36
6 14
34 50
24 45
44 46
2 44
48 32
18 20
28 43
50 43
40 14
27 13
22 33
38 17
17 14
3 9
16 15
42 14
12 9
46 14
30 20
47 35
37 13
18 24
5 19
10 39
35 8
10 1
44 34
10 42
41 4
6 39
36 30
42 32
37 6
34 11
41 25
11 4
46 33
40 9
29 25
25 5
38 19
28 50
49 20
8 28
37 35
49 23
7 45
20 15
15 27
41 35
12 15
15 28
44 20
25 2
38 26
20 13
31 1
14 45
26 44
9 17
28 48
41 33
5 47
37 23
20 22
9 2
15 36
13 17
37 21
44 37
42 4
32 39
47 13
34 43
3 31
49 21
35 2
50 4
49 47
39 34
11 26
43 2
42 5
3 14
50 32
38 42
17 50
38 35
46 30
48 29
44 41
5 36
5 21
15 7
38 45
12 20
19 12
8 24
43 4
48 30
31 36
31 11
42 19
34 47
2 5
41 40
21 33
45 44
27 43
20 10
15 38
