50 1159
24 27
7 16
5 40
25 32
31 26
4 44
18 6
4 35
26 32
33 47
7 4
11 27
6 24
18 11
4 33
40 45
37 39
50 5
12 8
35 28
38 18
32 24
49 29
20 28
38 24
20 1
21 50
25 8
48 23
10 42
41 47
22 47
3 15
2 20
21 30
17 26
17 32
37 40
39 44
34 28
20 6
41 33
18 42
26 42
22 38
32 28
37 4
30 13
29 4
35 26
3 39
3 33
2 19
24 10
2 5
20 32
16 42
49 9
41 48
2 26
23 11
38 6
44 17
26 50
16 31
25 22
20 27
42 47
7 34
1 26
45 42
22 26
32 8
37 49
17 15
12 24
32 22
28 3
13 43
16 22
22 11
33 36
20 42
45 23
10 5
25 40
17 43
1 46
34 37
43 14
40 42
45 24
18 31
45 49
34 39
21 25
46 32
7 19
29 37
31 19
25 11
41 38
34 32
39 16
11 16
17 12
46 8
15 13
6 5
14 26
16 17
42 23
48 15
35 10
9 17
9 24
13 10
29 26
25 46
10 23
42 9
16 13
39 7
47 14
29 22
31 8
39 25
4 8
6 8
37 44
34 27
4 19
18 34
4 12
36 10
9 11
21 29
47 50
39 31
9 50
9 7
32 15
35 31
42 43
29 36
8 48
19 26
31 23
37 25
16 30
33 25
36 47
39 33
21 10
4 15
7 12
3 45
18 14
15 47
48 31
12 31
27 9
4 23
43 15
4 6
15 30
23 12
7 25
33 8
32 43
6 30
27 50
48 26
17 24
46 34
14 48
35 43
46 36
30 24
9 47
46 49
33 21
29 12
4 31
47 11
43 1
8 23
10 6
16 12
17 4
25 36
21 16
8 30
31 22
27 35
24 23
2 39
36 40
45 35
29 10
35 33
5 3
16 25
13 48
12 21
39 4
41 23
19 16
38 13
37 19
7 27
6 42
18 35
37 30
49 4
45 26
31 37
26 30
41 24
46 29
18 29
26 24
23 32
15 23
2 7
5 45
3 40
23 13
14 41
3 20
2 33
36 20
44 7
29 6
38 23
45 1
49 36
49 31
34 40
39 12
17 34
32 9
21 24
49 14
15 6
18 19
2 42
27 6
49 26
17 20
31 3
43 41
3 11
7 3
10 17
46 9
31 41
44 48
21 6
15 19
3 44
1 32
9 14
13 42
23 5
18 30
32 7
29 16
10 20
20 8
46 11
3 1
6 39
35 42
22 28
34 38
36 19
35 3
4 40
31 33
25 31
30 3
33 19
41 11
43 37
36 48
46 28
24 19
14 7
5 43
7 31
22 10
42 27
15 10
5 33
16 3
23 20
29 45
19 49
50 7
35 34
2 28
37 28
38 3
12 3
9 25
20 49
16 38
34 8
22 18
6 45
15 41
34 22
43 25
49 40
13 50
27 16
16 43
25 19
41 9
10 18
40 12
17 30
20 50
26 5
37 11
22 39
46 39
13 40
46 2
6 36
29 33
23 22
48 18
48 49
28 31
25 14
42 32
8 38
20 22
27 10
30 49
29 38
23 34
50 48
1 6
44 30
38 11
44 12
49 27
44 32
26 25
22 13
20 31
12 27
9 33
37 20
45 7
28 16
33 49
41 17
21 39
46 50
13 14
37 15
36 27
24 28
25 28
1 12
37 5
22 42
40 31
14 20
44 5
14 32
43 45
29 30
8 1
35 5
37 50
27 28
34 24
40 26
38 4
47 1
15 14
18 16
25 20
21 47
17 19
17 8
17 21
27 14
9 13
47 7
31 47
13 3
12 32
48 27
47 43
8 18
47 10
8 50
28 38
26 47
48 22
39 15
41 32
44 40
7 1
3 43
17 36
28 26
25 27
22 45
14 2
38 10
45 47
41 3
46 15
13 46
34 41
10 32
12 33
13 32
1 50
16 35
13 12
44 11
24 5
1 9
18 9
37 7
41 12
36 11
13 18
30 50
29 19
8 7
23 14
27 5
8 43
45 38
40 6
44 47
38 14
21 44
16 9
40 43
23 25
50 42
2 27
50 23
49 42
6 47
43 10
37 26
45 28
4 10
26 6
49 50
21 1
47 19
18 2
38 36
43 21
35 17
20 21
20 38
30 31
8 37
25 45
11 12
49 22
39 36
38 43
25 24
12 34
13 45
46 24
32 30
7 42
31 13
15 35
22 15
19 41
24 2
15 2
39 40
44 31
33 50
20 41
43 20
5 41
32 5
45 30
43 23
48 12
21 32
6 2
27 8
46 33
46 12
37 12
1 23
44 8
27 39
18 46
5 38
32 2
42 28
19 20
21 9
2 3
38 47
32 16
50 31
15 11
7 22
40 15
21 8
40 47
30 34
14 22
16 33
31 34
48 37
19 10
39 20
28 23
34 1
37 9
46 10
50 6
18 43
17 22
17 23
8 39
41 6
44 27
13 39
37 2
5 34
26 7
1 13
44 33
37 46
21 46
8 5
20 15
46 40
41 37
7 33
40 19
21 4
8 42
42 24
32 4
2 47
34 9
47 28
10 2
5 28
39 9
7 49
36 22
6 35
24 3
18 26
10 45
31 24
21 7
27 21
26 15
1 42
8 28
42 25
27 19
23 6
5 49
30 41
19 22
45 17
25 1
30 36
36 2
48 9
5 20
4 34
7 36
13 34
35 20
18 17
16 20
1 40
22 1
17 29
28 4
5 21
13 29
5 12
4 20
43 9
18 49
28 10
20 47
3 25
36 45
3 36
38 25
41 8
16 41
41 21
40 50
6 13
16 46
8 24
39 45
6 28
21 11
15 50
27 26
21 18
7 11
31 36
17 42
8 29
23 33
46 23
31 6
1 16
3 18
15 28
18 50
31 46
2 11
47 17
47 29
22 8
18 47
43 44
26 33
31 10
26 21
4 26
50 22
38 46
2 8
30 25
10 11
15 34
34 19
4 47
48 42
4 36
2 35
14 8
12 2
14 10
44 24
38 33
48 11
27 3
7 43
47 48
4 22
10 30
26 36
36 24
30 7
27 31
30 5
48 1
33 17
26 10
15 44
24 15
41 13
34 6
28 14
19 23
32 18
9 28
48 38
45 18
18 27
33 27
11 13
40 18
14 16
49 24
2 38
49 8
11 20
8 26
27 38
39 41
10 50
7 20
41 7
30 33
49 41
14 11
4 27
13 7
14 1
46 43
45 16
38 9
48 17
50 12
5 7
25 48
5 22
7 28
35 39
45 4
23 3
42 44
34 48
24 13
10 41
21 31
45 2
25 12
35 23
22 9
30 23
43 30
36 35
35 32
33 13
27 46
25 6
35 9
37 45
49 32
7 48
16 37
5 16
23 7
10 16
4 48
46 5
25 47
28 13
39 14
40 30
23 40
13 2
33 43
35 12
23 21
24 11
15 29
46 3
42 41
2 17
33 20
26 34
29 9
49 2
48 20
2 1
23 47
34 45
29 1
50 11
29 41
7 10
18 28
17 7
38 39
17 5
17 37
27 13
12 45
50 35
11 19
10 34
30 22
26 9
42 29
8 15
27 32
8 36
26 16
12 30
18 37
41 36
27 40
39 43
48 40
28 44
38 32
26 46
31 45
15 5
48 16
24 50
14 30
6 22
35 44
27 17
1 17
49 13
37 1
25 13
23 29
35 7
18 5
44 29
43 22
49 39
27 45
50 3
7 40
21 3
25 18
22 21
37 3
2 48
30 42
30 27
30 38
37 32
11 33
8 11
4 2
34 14
32 45
24 4
35 46
23 9
39 19
50 25
15 21
33 18
48 21
6 44
4 16
13 4
27 37
29 20
4 5
14 50
11 40
1 44
28 39
39 32
8 9
46 42
33 28
31 42
4 14
43 12
20 46
17 50
8 47
19 46
36 14
33 34
49 17
37 36
30 11
43 11
12 14
18 1
14 3
33 1
32 47
22 46
31 38
30 39
15 7
6 49
40 35
24 39
5 48
42 21
45 9
44 34
40 17
17 25
48 24
5 31
40 20
8 40
25 35
8 16
1 36
44 19
40 21
31 29
3 10
21 2
46 47
9 19
2 41
19 43
28 11
48 19
24 43
18 12
29 32
5 39
36 18
33 45
27 29
45 48
44 26
46 4
19 8
1 35
35 30
33 10
38 21
5 9
31 17
40 2
28 21
20 34
14 33
4 1
38 44
20 45
37 10
35 37
6 11
46 6
10 40
18 44
40 28
16 24
48 33
38 50
22 40
30 19
28 19
9 4
7 46
16 47
19 21
10 8
28 17
34 3
30 28
5 11
26 41
10 9
44 9
21 14
12 19
13 21
49 15
26 3
19 35
44 23
40 32
31 15
47 30
12 10
29 5
14 31
18 7
29 39
35 48
14 37
32 36
6 12
24 14
37 47
20 9
49 25
49 12
6 48
1 38
37 24
36 16
32 33
11 45
23 27
32 31
39 17
23 39
24 1
20 24
8 3
15 9
44 49
43 6
1 30
11 1
43 26
15 25
31 2
33 6
36 23
47 12
35 11
16 49
32 3
19 3
30 2
47 3
47 34
40 38
36 28
13 19
25 10
41 28
3 29
41 18
13 26
49 34
36 21
17 6
34 50
29 24
50 45
44 2
32 48
20 18
43 28
46 48
40 14
27 41
33 22
17 38
14 17
9 3
42 15
42 14
12 9
46 17
20 30
35 47
37 13
18 24
19 5
10 39
8 35
10 48
34 42
44 10
41 4
14 6
36 12
33 42
6 37
34 11
41 25
11 4
45 46
9 40
25 29
5 25
38 19
50 28
1 49
28 12
22 37
23 49
7 29
15 1
15 27
35 41
15 12
18 15
44 20
2 16
38 26
13 20
32 6
45 14
20 26
9 31
48 28
45 41
47 5
37 23
44 22
9 2
36 15
17 13
49 11
42 37
4 42
47 39
47 13
34 43
3 42
49 21
22 2
4 50
43 29
34 29
26 11
43 2
42 5
17 3
9 36
38 42
29 50
38 35
30 46
29 48
41 44
5 36
34 21
24 7
45 19
12 20
12 38
24 47
4 43
37 38
42 36
11 31
42 19
46 41
50 2
40 41
21 45
45 44
27 43
10 1
15 38
43 50
2 34
38 49
4 25
41 50
14 29
34 25
49 47
30 48
1 5
15 33
7 6
40 24
5 13
19 50
1 31
50 36
39 18
49 28
35 24
1 28
21 37
11 17
47 27
32 50
50 44
40 16
9 6
46 44
16 15
39 1
