100 2350
95 22
32 47
20 61
33 11
70 80
27 79
98 19
19 39
57 49
61 63
84 37
28 5
79 84
19 81
9 34
72 23
83 61
18 41
25 22
22 37
25 98
34 80
67 63
23 34
51 36
10 75
43 87
20 36
26 89
57 16
82 89
80 9
98 56
10 19
50 20
90 1
51 55
4 38
57 78
79 91
95 71
12 87
7 56
65 29
53 47
74 96
72 62
86 8
54 47
52 3
79 83
94 31
15 96
72 17
96 95
49 98
38 69
63 58
31 79
59 90
25 5
69 73
70 45
1 40
95 60
10 35
85 11
95 39
42 82
18 14
32 40
60 71
49 11
81 53
55 4
88 6
54 57
41 83
3 37
52 5
5 97
58 18
6 16
21 27
72 29
15 2
73 60
30 80
99 71
63 59
11 35
78 66
18 22
64 86
80 69
47 46
82 38
16 5
33 76
64 69
35 12
88 63
63 5
94 76
5 17
76 98
9 17
98 53
83 75
8 30
64 73
3 96
32 6
62 93
87 49
60 82
60 67
35 55
10 39
36 37
4 52
69 71
96 5
8 9
63 66
36 82
29 19
19 71
92 83
47 11
91 55
79 65
64 93
17 78
83 54
6 69
22 24
46 66
10 43
54 25
15 58
24 91
21 100
73 51
68 20
50 63
48 95
91 56
60 92
61 65
27 59
9 74
97 40
97 21
59 74
53 46
11 82
66 13
2 99
86 43
7 8
8 56
98 92
15 47
5 86
4 90
51 46
15 21
85 14
93 8
42 18
38 6
18 39
4 60
80 63
41 48
94 46
2 93
25 28
68 66
37 72
24 60
65 74
86 85
72 52
62 64
4 21
13 45
42 10
46 82
62 17
3 54
24 68
25 85
86 98
42 92
99 86
16 69
98 59
75 42
94 67
20 22
29 77
5 57
24 54
75 40
96 1
67 96
46 81
51 40
28 40
97 98
88 27
4 98
90 30
54 27
72 41
22 72
72 93
23 24
2 30
85 87
80 72
37 10
11 39
69 30
36 65
40 70
67 71
95 80
77 26
22 55
18 53
83 69
11 3
14 19
28 89
24 8
64 67
87 38
68 40
64 89
27 8
52 94
53 82
73 40
93 7
100 81
62 76
70 20
46 8
94 20
74 39
33 6
53 68
1 67
89 42
53 55
1 5
50 18
27 48
9 72
50 92
6 95
84 30
45 6
91 95
12 80
26 4
85 97
31 12
42 34
1 32
43 21
61 82
58 97
65 51
77 9
58 16
18 44
65 35
90 96
79 29
60 29
63 65
84 20
33 82
55 80
21 84
45 31
17 44
50 55
18 38
42 15
92 15
66 39
79 20
82 2
17 41
93 83
16 79
50 71
91 44
52 76
79 88
91 78
65 55
32 89
19 89
96 88
75 9
40 5
13 56
14 98
90 75
51 99
85 75
14 59
32 52
21 41
96 31
70 14
97 80
94 6
77 56
54 37
69 60
62 32
31 29
65 46
64 30
28 81
29 64
60 19
78 100
67 26
21 53
89 88
90 74
90 44
75 96
17 40
40 89
31 51
10 82
82 48
37 77
92 54
11 7
70 30
43 78
59 45
32 9
86 12
13 46
93 86
70 92
67 74
57 62
83 91
72 8
75 66
71 8
94 7
78 84
64 8
71 5
66 8
15 26
40 6
57 59
48 25
11 83
23 65
36 1
58 34
33 57
95 83
76 79
9 66
16 29
88 28
4 24
79 13
25 52
84 31
74 66
9 27
76 64
87 80
77 6
36 55
98 39
15 45
21 78
38 59
68 4
62 68
59 19
99 67
21 25
7 46
50 61
19 11
95 28
11 54
48 94
18 12
21 66
29 84
39 41
93 33
10 11
17 85
7 27
47 60
66 5
41 30
25 70
78 98
73 14
57 3
93 32
30 4
47 55
30 45
5 41
14 24
18 62
42 30
1 37
64 13
96 83
64 70
76 65
63 97
57 87
7 95
66 82
21 85
89 57
18 84
46 64
44 8
68 46
64 11
84 8
88 67
38 12
91 28
56 82
91 26
87 53
24 16
39 56
47 24
4 28
15 28
78 79
94 63
2 12
77 53
3 45
84 41
97 66
31 85
72 98
99 58
87 28
58 56
61 94
54 56
7 2
72 77
94 59
15 40
8 74
98 46
79 15
59 37
59 91
53 42
72 65
12 23
35 67
40 56
71 88
68 35
93 95
78 50
92 9
75 44
47 83
58 92
71 28
10 33
6 76
79 38
16 77
12 10
27 81
15 65
95 15
69 63
74 1
78 18
72 19
59 18
31 82
52 63
7 98
18 81
40 30
9 53
49 1
54 5
64 52
70 18
17 60
14 50
16 30
97 18
94 26
79 47
70 15
22 56
87 37
73 22
2 34
5 95
59 87
96 78
30 57
45 20
95 37
6 73
8 98
77 18
92 59
2 62
6 75
87 8
47 4
26 8
15 33
29 63
48 68
93 40
6 30
76 19
63 44
90 56
58 54
18 49
44 32
85 68
28 60
27 89
25 100
70 94
4 82
74 2
25 66
86 72
70 27
28 65
4 29
91 54
45 71
48 29
33 70
53 70
70 52
82 98
87 70
72 16
35 5
56 84
71 84
76 34
26 87
83 12
52 50
30 3
77 39
2 4
9 46
21 52
82 50
61 8
47 35
50 51
50 4
39 81
94 39
96 29
66 4
8 49
58 70
60 72
85 51
38 37
3 32
47 98
49 37
8 2
74 54
81 93
88 7
9 64
7 40
64 99
17 61
50 24
78 26
53 59
48 54
14 55
6 60
5 69
89 29
32 26
54 12
7 83
93 26
79 96
63 56
30 55
20 81
21 54
42 38
83 56
58 76
78 9
13 33
24 71
3 64
84 97
7 6
60 52
85 61
52 96
77 63
62 26
44 40
41 68
44 38
74 46
23 91
2 11
79 54
76 68
2 54
31 60
23 36
9 90
66 26
97 34
35 87
34 57
26 33
45 24
51 66
42 98
22 49
45 42
73 52
89 98
17 89
20 23
58 26
32 22
38 94
66 80
63 76
76 37
44 29
89 14
28 67
93 39
49 25
48 33
59 15
19 63
52 23
38 65
92 67
38 85
37 93
17 38
32 7
65 87
84 81
84 33
89 69
4 65
44 92
51 54
92 16
11 80
75 18
67 98
40 98
79 52
78 55
10 45
44 41
11 48
90 26
7 62
7 15
100 85
80 75
5 18
50 32
38 56
98 96
100 3
10 4
14 11
70 78
53 10
5 94
51 4
48 83
36 22
40 96
91 6
32 90
17 29
80 90
24 79
10 24
81 17
77 40
44 80
22 35
77 80
95 87
39 43
27 41
51 95
37 61
89 47
91 46
24 35
53 44
62 44
12 84
4 62
68 19
73 53
55 19
80 26
2 85
14 71
83 26
53 24
16 15
63 14
7 50
15 76
67 75
3 55
92 40
69 92
91 37
3 1
12 33
96 97
34 71
86 47
1 64
96 27
77 61
53 56
93 46
90 16
11 71
98 77
19 18
50 65
57 23
61 9
77 23
76 29
28 39
75 27
67 40
67 14
94 74
17 90
6 78
50 77
3 77
25 57
71 77
48 9
79 69
28 22
62 73
17 55
40 16
68 86
58 78
18 79
12 40
49 60
42 95
15 8
78 97
93 59
82 85
12 79
99 32
51 56
28 68
78 42
80 76
62 98
58 72
32 81
78 92
28 98
7 3
46 35
3 23
51 26
10 99
95 85
20 92
55 9
43 81
22 44
47 64
31 54
30 67
99 82
48 85
37 30
11 89
57 84
47 50
72 100
70 21
73 17
39 70
49 74
19 23
84 48
94 90
19 70
28 30
32 70
60 41
58 77
39 17
7 9
37 52
57 69
88 21
19 43
17 35
13 87
3 95
51 34
5 11
3 8
26 49
96 64
17 77
31 34
46 43
45 96
99 80
8 73
37 58
13 49
74 87
32 39
36 16
19 44
91 43
19 82
52 29
95 56
26 99
94 41
18 61
44 42
57 14
9 26
96 35
59 86
1 55
68 72
10 87
60 30
41 52
72 57
24 64
43 38
23 70
95 36
59 67
62 83
18 11
44 93
6 87
87 42
24 92
7 35
1 35
15 4
38 48
65 12
80 1
89 94
96 11
95 98
59 85
38 14
70 3
39 78
50 44
88 41
14 65
12 64
81 38
23 32
9 3
41 4
89 96
54 1
71 80
42 21
68 21
32 96
22 17
72 75
64 72
44 88
30 62
26 36
1 99
24 83
7 31
68 12
29 8
36 99
34 29
56 12
58 93
91 32
24 58
43 90
81 25
97 39
90 66
88 40
9 28
68 58
73 9
96 91
47 21
92 75
15 97
47 43
45 5
4 17
20 62
48 17
96 46
90 83
56 60
67 97
28 43
31 90
12 43
20 31
92 95
76 21
83 64
10 2
69 27
100 74
20 44
94 60
62 48
27 31
83 63
81 14
73 10
55 63
12 74
93 96
45 79
72 54
76 14
56 11
41 35
80 94
44 43
13 83
29 40
10 89
57 19
10 72
21 39
2 84
75 23
90 36
98 90
39 12
75 70
62 77
48 40
3 89
75 88
89 65
4 8
31 77
5 3
20 73
14 20
42 3
11 93
86 53
95 4
71 3
89 91
86 88
55 74
8 39
54 10
54 71
65 13
44 36
46 49
84 42
54 89
70 35
16 86
73 97
38 90
46 4
14 33
68 23
46 38
76 31
95 21
3 14
4 56
22 31
91 47
29 55
22 79
53 76
74 25
92 23
95 58
31 91
95 67
72 39
7 80
71 9
50 22
17 98
76 9
77 19
61 46
28 8
7 65
67 33
1 45
80 74
64 79
72 12
6 85
80 3
59 23
5 43
83 14
3 65
21 29
77 82
15 10
68 9
52 61
97 27
87 14
37 45
33 75
43 24
11 67
71 92
42 20
42 94
40 57
15 35
96 82
48 13
54 7
74 44
96 25
58 86
87 52
39 85
47 73
43 51
14 42
64 7
30 21
14 1
62 61
48 23
67 19
86 33
21 98
41 9
39 42
31 23
6 20
35 32
44 73
66 91
79 71
20 53
61 51
40 86
44 99
72 79
70 66
84 54
22 82
44 89
25 31
18 95
3 29
79 75
19 8
83 23
50 49
79 60
63 60
98 65
55 26
51 89
43 96
49 64
42 99
76 97
37 6
29 75
61 24
83 1
67 49
57 41
57 90
49 68
60 10
29 67
53 54
96 21
67 31
87 83
6 31
88 59
17 86
45 77
62 63
95 46
46 67
10 71
12 98
72 18
96 69
78 38
18 27
26 30
98 51
9 33
32 66
42 48
33 29
62 33
27 94
86 81
97 65
95 70
37 20
74 7
3 49
31 40
5 82
12 6
7 63
44 100
22 19
99 96
16 53
41 6
63 79
79 5
1 33
47 71
21 60
9 58
64 40
6 17
46 75
18 9
76 82
63 57
75 78
67 100
83 32
68 87
46 28
70 4
94 28
58 13
25 83
35 23
19 91
61 44
39 99
53 99
95 99
98 66
60 77
24 7
31 41
34 6
41 87
35 6
30 94
48 6
59 66
97 69
57 56
100 6
84 3
57 45
71 89
15 46
16 46
64 20
87 40
42 79
91 25
17 69
99 92
94 96
94 11
51 74
3 60
57 68
12 34
86 28
100 15
56 25
45 61
29 18
33 16
76 8
62 34
35 56
24 63
73 85
1 41
88 43
36 38
20 7
53 89
40 85
52 18
17 71
97 54
71 38
35 16
29 46
96 17
10 9
62 15
63 39
12 52
59 2
60 58
65 2
16 8
81 50
53 34
34 54
12 15
36 69
41 74
80 93
73 12
21 73
22 86
51 92
65 16
59 34
6 1
77 20
88 90
51 97
73 56
71 32
56 81
28 11
16 20
61 40
37 14
18 98
56 85
89 25
90 86
71 36
88 39
42 32
64 84
90 20
52 35
62 37
55 21
48 12
51 19
81 77
40 33
51 100
34 52
51 11
66 27
49 12
58 90
9 84
24 49
12 42
33 97
50 93
75 36
27 46
51 64
28 16
43 4
84 43
1 95
5 51
88 45
15 73
84 63
66 95
62 36
72 14
26 60
58 41
14 2
100 49
90 49
35 28
21 94
6 66
40 99
10 29
85 65
74 43
66 73
91 42
28 37
52 7
23 74
11 38
97 41
92 29
97 74
16 25
41 99
76 10
30 7
70 77
13 76
93 76
23 16
72 76
70 46
82 67
59 28
47 66
98 52
7 45
84 68
16 14
26 10
98 61
86 4
92 27
42 69
95 33
44 34
72 35
20 38
43 58
44 16
27 99
8 99
9 30
34 39
57 70
43 54
49 17
20 55
31 1
65 43
5 75
25 14
85 29
77 43
64 23
50 1
71 57
8 90
26 1
41 100
20 69
89 38
46 34
5 29
62 75
23 22
37 39
99 54
46 40
18 85
5 20
99 48
26 14
57 21
27 95
40 60
25 2
73 16
40 42
81 12
42 77
60 9
55 67
32 33
52 80
26 46
26 44
18 26
11 43
12 61
83 8
57 65
29 11
69 85
68 88
12 69
50 21
32 87
100 88
24 90
29 26
100 24
82 95
84 74
66 37
5 53
3 22
18 15
28 26
84 92
82 79
97 44
60 7
40 36
89 43
28 97
25 39
67 10
37 11
92 14
59 9
70 55
22 46
74 88
33 19
79 90
93 88
41 65
62 58
50 73
52 93
64 26
61 22
47 75
41 3
80 59
20 39
97 79
30 61
41 79
97 53
68 70
28 45
72 4
79 70
94 72
48 69
19 74
3 24
1 86
97 42
11 6
36 88
86 6
35 90
25 11
10 25
21 31
42 16
27 68
59 96
73 23
57 96
18 30
97 94
59 10
38 27
6 56
79 77
83 100
77 46
44 85
3 83
61 14
13 100
49 77
15 20
3 12
69 66
78 53
10 98
63 17
28 73
75 89
51 87
33 31
37 71
93 29
82 74
100 11
84 49
96 54
78 41
78 20
7 84
79 81
82 44
28 64
75 48
7 59
51 91
36 87
100 68
1 65
83 33
1 100
18 64
21 11
37 23
12 92
100 80
74 34
93 51
52 49
48 31
79 99
98 13
56 97
18 35
75 7
62 6
81 80
42 8
30 74
15 48
62 87
9 100
95 20
24 80
57 99
58 96
52 92
7 44
15 17
88 29
79 49
99 47
7 39
95 31
28 62
98 81
9 29
40 27
49 16
1 97
58 49
73 18
28 66
9 85
88 2
37 5
69 4
75 57
90 46
69 15
59 65
54 38
21 51
33 47
27 37
73 5
47 44
50 8
19 30
7 19
83 66
57 22
46 62
91 2
73 33
84 46
23 93
34 43
11 27
15 29
56 70
47 42
71 82
91 18
64 33
23 100
86 34
17 30
47 6
54 15
35 57
66 17
53 71
95 90
100 39
70 91
27 13
93 79
55 58
68 32
99 83
86 25
63 95
94 22
47 84
56 23
6 84
40 80
64 66
87 75
56 9
33 34
9 1
79 33
37 25
92 96
77 76
80 38
27 56
36 78
81 99
55 25
15 34
98 54
16 87
33 52
96 49
22 26
3 75
56 64
98 69
14 54
15 77
89 63
2 83
41 96
64 74
31 17
69 24
32 82
28 84
23 44
38 30
63 9
60 62
5 44
1 44
100 63
38 63
2 92
90 22
13 47
51 29
68 51
98 87
63 78
11 91
77 2
36 19
67 38
47 27
20 13
66 30
76 55
64 36
40 4
69 37
50 80
89 62
73 7
40 11
93 15
50 54
72 34
54 36
4 67
75 25
47 70
46 25
11 62
2 23
41 77
65 58
10 66
1 63
61 70
59 21
16 31
17 27
24 72
32 15
48 22
38 52
70 29
69 68
89 20
91 49
42 24
97 77
66 100
35 59
67 15
91 12
75 24
92 64
73 48
94 1
1 92
1 29
56 46
95 78
45 83
77 47
2 27
52 100
80 61
64 38
56 30
2 78
2 46
41 11
61 74
50 89
86 82
59 33
56 94
36 63
94 100
33 41
13 96
10 95
38 95
43 80
61 81
96 73
2 97
81 72
39 67
61 88
8 1
74 92
61 19
23 69
69 7
28 54
38 5
75 34
34 79
61 60
58 25
76 87
8 22
40 72
46 24
10 63
93 17
33 44
34 38
48 21
91 41
50 37
9 15
41 69
66 71
74 70
29 13
91 13
93 47
12 90
91 10
56 26
34 27
33 39
89 33
72 47
100 45
99 18
2 61
28 99
44 70
95 100
32 94
32 58
58 38
82 26
77 95
30 88
64 48
61 97
94 35
5 27
44 94
100 98
36 28
16 78
35 82
47 31
91 76
4 16
98 24
73 41
71 75
12 60
19 26
73 55
45 55
45 2
89 22
57 50
21 33
60 16
43 23
75 56
78 85
15 83
54 69
65 83
79 23
43 35
70 2
83 36
52 47
49 69
72 70
16 82
59 76
92 100
80 39
53 48
6 51
48 28
24 95
83 70
86 74
73 90
14 100
74 93
6 2
17 21
45 9
87 84
55 72
95 68
9 35
34 48
88 69
22 38
39 14
14 94
87 73
21 22
42 70
36 41
53 1
43 70
85 52
52 14
31 28
28 27
12 16
78 71
61 78
29 58
8 33
22 11
42 13
94 98
35 69
74 15
73 58
91 87
43 3
23 51
21 35
4 37
9 36
95 9
15 13
1 84
7 53
98 84
32 57
52 54
5 85
44 98
93 82
49 40
14 91
4 49
81 92
84 75
91 8
47 29
33 50
26 98
70 13
74 81
85 96
87 18
54 62
90 64
72 56
87 72
2 87
6 90
51 82
99 65
59 39
37 80
17 13
69 45
55 75
50 76
27 80
34 70
32 49
71 25
76 18
89 58
10 27
70 9
82 17
84 55
88 50
27 86
18 48
81 87
62 53
35 86
48 52
61 23
20 59
77 24
8 55
23 85
72 90
42 36
66 35
19 62
56 14
43 2
10 7
88 34
51 25
90 25
22 91
28 93
53 30
47 18
72 69
57 17
61 1
75 98
45 67
84 85
15 91
51 94
61 21
57 53
57 67
56 100
44 25
27 42
13 28
1 42
76 30
77 34
8 25
82 90
24 62
22 80
25 42
74 5
11 32
19 1
54 9
28 74
56 29
95 89
97 20
58 66
95 49
69 81
93 100
65 62
69 11
81 62
85 37
3 18
55 100
58 71
89 9
13 53
37 15
67 84
35 79
95 41
58 52
29 36
93 91
17 11
41 70
98 83
74 73
40 43
68 65
8 77
15 31
69 34
92 31
27 43
55 43
14 49
45 64
31 68
49 70
56 5
28 1
40 25
70 26
43 100
16 27
80 2
45 91
6 8
50 86
66 34
22 99
92 86
52 45
50 79
10 38
75 31
42 68
78 83
64 57
1 11
67 8
35 80
24 93
54 77
6 25
52 36
5 90
50 68
2 33
46 41
76 89
94 77
24 33
35 49
66 23
82 34
94 49
100 79
63 64
70 98
2 63
70 88
43 64
39 71
48 59
30 52
86 44
88 5
52 91
71 2
92 97
13 36
37 32
24 19
96 61
53 22
98 11
74 98
29 62
81 44
49 83
55 92
73 3
45 65
13 92
62 49
22 78
13 31
81 96
54 66
60 53
19 90
49 51
83 34
44 28
16 22
4 23
52 88
91 53
91 77
64 16
44 54
82 62
15 19
43 8
3 31
34 45
41 34
5 49
31 44
10 78
40 2
73 75
55 98
11 20
58 83
87 92
61 67
95 12
55 7
35 36
23 67
100 28
24 25
78 72
7 25
13 89
21 10
6 68
81 42
77 83
93 31
59 61
12 88
23 8
10 68
27 32
88 35
88 58
1 23
63 96
90 13
72 44
69 19
68 52
74 6
95 81
88 80
49 80
51 15
8 65
81 26
40 10
12 51
59 97
62 27
3 21
49 10
63 16
55 38
66 62
53 66
14 28
24 1
86 41
3 34
89 67
61 15
28 18
58 2
24 18
16 18
98 27
6 22
66 3
42 17
78 49
81 6
11 65
50 85
19 42
58 57
3 10
25 19
46 5
24 37
93 73
30 20
67 77
21 77
79 39
28 61
53 29
49 27
48 87
69 10
72 97
65 95
19 64
99 55
56 88
67 27
76 83
10 100
35 98
27 78
76 45
60 39
23 71
78 25
6 15
8 52
23 5
2 75
80 57
86 87
47 5
99 24
38 83
3 76
21 20
60 14
2 16
85 83
52 44
69 29
67 54
57 93
24 38
63 43
59 89
67 87
18 66
36 91
10 18
27 65
14 36
54 13
67 85
56 71
79 94
82 92
69 65
32 60
34 64
65 81
84 96
96 38
81 7
36 77
57 38
61 33
68 93
45 62
2 3
97 7
92 93
70 16
21 63
73 94
92 34
70 93
7 86
81 37
3 72
16 21
9 86
1 71
29 45
42 22
91 9
20 34
53 28
70 84
33 74
99 6
48 1
37 78
85 81
27 55
71 4
5 15
69 91
34 67
23 86
36 45
17 53
95 34
43 41
73 98
53 19
40 59
80 6
