20 125
1 8
8 20
17 13
1 20
5 19
7 20
1 17
15 12
9 16
9 7
20 2
17 4
5 6
11 14
19 13
5 10
17 18
1 5
10 4
9 8
18 14
13 11
18 1
1 15
17 12
17 5
5 11
17 20
12 3
11 18
16 17
8 7
6 3
1 11
16 18
10 3
11 7
16 6
6 18
11 20
11 9
13 8
4 19
13 5
3 18
15 18
10 12
2 15
10 20
2 16
10 15
2 7
4 14
13 18
17 6
9 19
14 16
10 6
6 9
7 15
11 2
9 15
9 13
1 2
3 1
8 5
2 14
2 9
19 2
14 13
11 10
10 19
3 14
18 9
15 17
11 6
15 8
11 19
9 17
18 7
14 9
14 12
12 13
1 9
16 7
20 16
4 1
20 18
2 13
15 6
6 20
20 5
5 18
4 12
14 5
6 8
4 8
3 8
14 8
15 16
14 20
19 3
10 8
11 12
11 8
1 19
17 3
3 20
16 4
18 12
10 7
17 19
9 12
19 12
3 11
14 19
6 7
10 2
10 9
5 3
13 15
2 17
4 6
11 17
2 12
