200 7105
127 50
28 67
95 141
60 3
39 2
32 141
37 5
129 171
44 163
14 56
145 136
131 2
162 42
158 117
103 169
188 41
83 112
35 88
64 47
80 154
178 124
64 8
135 197
186 55
143 62
59 8
155 58
195 103
195 32
48 18
31 76
43 86
142 25
70 44
134 177
189 140
110 101
179 138
95 186
99 191
89 198
114 76
145 122
52 10
90 153
127 61
136 97
61 21
125 175
73 146
18 200
137 161
31 102
200 100
106 66
50 2
109 3
110 181
36 32
77 131
98 28
102 144
156 93
168 7
40 184
136 28
86 131
137 42
78 181
173 179
131 159
131 3
83 77
10 163
53 174
177 107
112 143
83 70
169 46
116 21
55 147
123 69
77 121
86 5
156 178
75 55
68 77
58 156
191 100
192 4
179 82
126 33
2 28
114 36
89 132
69 47
37 75
139 122
50 110
7 198
70 122
181 197
120 143
23 65
153 103
37 88
19 107
59 29
55 158
187 190
53 109
24 122
36 192
32 153
62 160
172 31
1 185
1 184
24 75
23 188
21 81
143 98
182 6
88 100
184 20
87 113
103 73
20 22
105 99
38 197
190 8
47 18
135 77
93 165
138 172
121 145
130 21
166 64
197 176
22 32
42 174
100 148
165 72
110 112
5 117
80 2
184 77
28 143
155 197
51 9
11 78
151 76
149 166
82 61
190 10
111 108
138 102
166 171
54 124
147 45
26 168
45 130
115 198
60 110
79 44
199 93
138 167
168 11
197 159
20 48
163 133
197 113
111 136
162 193
152 49
102 63
100 21
61 88
106 5
172 167
128 1
74 20
161 150
96 69
9 12
66 72
90 179
165 61
135 39
116 48
146 100
77 54
115 8
154 17
35 71
137 126
148 147
161 41
2 147
84 173
154 44
54 119
190 89
56 175
134 179
129 128
180 53
148 123
71 27
182 63
19 48
130 114
161 119
154 138
84 134
58 80
66 99
32 34
85 69
57 36
179 145
200 173
45 31
73 66
136 3
76 29
42 180
109 121
45 146
176 21
188 165
72 188
151 123
85 56
196 18
68 78
187 98
15 199
158 19
38 24
140 192
194 105
61 193
187 106
182 173
18 185
78 117
77 46
183 121
50 106
167 113
165 148
193 199
137 179
133 151
74 15
130 165
144 146
29 101
17 22
119 4
12 164
25 61
160 54
49 104
120 133
44 173
168 173
41 14
94 134
29 36
84 110
149 169
15 137
128 114
56 31
19 83
23 161
153 30
160 61
55 152
190 165
5 89
113 40
31 73
194 22
131 170
101 183
180 55
121 31
112 178
187 14
180 146
87 150
160 108
91 188
7 47
81 122
119 46
119 50
31 52
80 166
125 30
43 174
151 110
186 132
144 171
134 91
16 57
105 83
86 187
191 145
104 110
141 125
28 82
142 4
111 192
173 38
172 170
187 175
172 185
49 33
86 141
38 163
159 24
9 196
31 162
168 37
126 184
193 2
133 159
163 184
146 156
158 3
65 57
185 128
38 89
165 47
52 11
107 117
111 177
136 139
14 137
21 155
124 127
147 68
151 115
20 67
107 153
117 67
115 17
61 23
13 64
18 103
154 7
75 106
75 136
176 194
145 14
155 140
61 161
13 40
191 177
86 148
122 117
14 39
198 156
25 94
149 124
189 177
200 64
173 70
36 94
99 57
8 82
159 168
150 56
130 146
196 37
68 27
15 6
160 52
103 190
82 36
154 108
137 194
189 96
59 74
158 173
193 153
136 54
86 178
74 10
131 199
91 110
98 11
28 94
42 111
31 34
119 179
87 114
115 195
104 84
193 26
66 44
31 71
110 116
78 67
60 67
124 164
116 164
177 118
36 21
5 110
15 146
191 12
101 15
59 116
51 4
49 52
54 111
101 193
164 18
57 125
37 189
179 16
135 78
11 35
73 114
9 43
179 8
192 87
5 39
167 21
129 64
130 121
195 55
84 155
21 41
74 97
29 84
115 65
180 22
97 81
3 149
164 36
148 81
23 128
34 20
40 144
171 148
75 105
81 147
33 177
44 129
32 196
127 103
77 56
175 25
94 123
46 153
64 71
95 119
23 107
179 15
149 109
105 71
138 178
70 101
133 194
131 21
96 160
68 32
158 1
161 148
172 105
193 67
22 166
26 149
113 11
62 60
151 140
112 35
92 160
29 95
69 32
126 187
132 145
195 58
3 126
76 51
110 75
190 191
16 153
15 23
184 57
137 36
83 113
53 46
7 131
93 54
108 131
24 89
118 62
120 47
66 197
178 200
136 98
165 94
190 35
138 71
67 32
181 193
65 152
119 142
104 192
7 199
126 57
163 138
16 133
75 158
64 134
182 133
23 6
180 84
114 2
169 84
80 88
177 41
150 48
66 160
172 191
61 140
17 139
191 164
31 90
116 145
119 129
26 49
96 144
104 42
176 141
155 200
89 133
23 142
6 13
67 162
58 74
108 120
196 173
174 121
154 18
47 168
45 133
71 44
80 12
157 174
72 67
17 66
132 99
169 120
84 131
19 37
81 138
85 172
8 124
92 26
57 115
123 163
117 111
47 19
27 67
124 119
33 9
197 189
140 34
85 175
3 89
166 87
51 149
62 164
64 3
188 109
162 99
103 131
180 105
7 102
155 43
45 30
42 47
48 78
198 131
7 148
29 183
171 177
7 15
110 163
105 138
190 121
193 142
115 39
93 59
40 66
8 197
117 35
22 151
165 11
86 161
151 146
47 67
26 163
45 28
112 75
157 166
30 110
200 146
68 64
165 9
136 1
53 60
85 19
29 18
66 30
121 63
25 88
74 111
153 171
120 141
139 85
34 157
91 149
105 148
12 28
159 79
118 128
17 200
33 53
197 180
26 4
48 94
46 156
193 128
159 99
65 1
186 50
131 189
69 195
132 56
128 17
72 116
39 200
138 106
56 98
5 171
14 176
124 160
82 134
132 180
141 161
151 13
65 85
111 27
144 159
73 18
45 66
13 3
59 145
128 126
68 105
144 178
73 4
152 170
164 90
160 105
8 36
127 153
169 55
40 88
161 185
182 110
162 133
76 72
81 108
40 138
166 46
176 75
52 120
4 153
111 113
90 93
118 165
81 164
37 79
195 21
105 107
142 103
159 88
191 1
129 153
42 179
68 5
89 9
74 158
152 95
155 81
107 165
120 130
99 168
22 143
114 132
49 136
178 101
165 172
67 86
72 175
84 64
38 23
166 23
156 3
181 12
71 152
123 112
12 92
80 9
146 112
116 161
17 105
103 56
149 135
119 93
171 64
144 98
98 60
43 175
171 165
197 146
59 44
5 84
79 78
86 39
32 118
162 182
194 145
153 1
114 23
163 125
109 80
179 100
17 3
37 26
184 5
168 155
73 52
125 5
65 66
9 102
49 150
165 141
199 32
13 195
145 153
94 83
116 9
96 81
192 52
138 72
20 29
80 194
138 58
36 92
27 95
115 125
120 42
147 13
143 25
100 189
184 166
4 132
187 108
101 14
174 140
89 40
48 165
40 134
149 24
189 21
136 26
193 165
44 97
8 139
23 27
51 188
191 80
92 190
19 64
25 26
102 58
56 125
139 66
163 90
38 28
129 174
120 101
67 128
185 149
117 118
42 133
99 61
19 97
18 171
139 47
108 68
130 53
18 13
34 169
169 160
33 16
186 2
63 171
180 25
119 60
13 158
68 100
99 117
75 27
129 155
10 6
155 171
66 155
186 134
41 135
157 55
94 64
99 51
125 143
145 45
71 130
10 80
86 145
191 35
69 63
138 13
77 126
163 114
195 43
108 144
156 123
177 13
50 88
40 82
122 147
69 118
142 146
159 156
89 146
54 150
117 29
8 111
157 141
45 140
142 13
167 18
18 56
146 152
53 152
15 180
125 16
162 49
108 196
154 90
42 66
11 161
162 134
87 190
135 184
68 163
35 42
43 127
126 11
176 6
82 192
105 162
199 151
127 191
51 55
159 182
97 177
24 94
92 52
55 96
32 62
183 13
95 110
1 46
45 91
156 106
125 108
109 94
93 181
42 20
10 47
51 103
66 158
105 21
92 95
61 52
146 66
129 111
25 128
181 167
158 175
20 189
118 83
115 88
192 66
121 55
86 159
65 136
156 154
166 105
94 78
45 184
31 86
75 139
60 55
37 147
1 21
146 82
91 96
42 33
19 187
122 180
163 61
88 24
74 151
41 194
120 182
192 78
76 91
154 126
79 128
58 193
166 19
121 8
107 140
168 131
186 52
17 16
51 53
1 114
176 88
141 97
134 174
56 2
166 113
134 65
181 44
177 45
175 173
176 22
65 39
35 156
92 155
74 176
22 162
180 157
128 47
88 52
17 64
191 74
185 24
37 21
46 171
183 138
115 187
42 72
180 152
126 180
121 71
7 140
135 74
56 144
41 48
121 65
189 44
40 159
192 195
172 84
83 193
144 120
87 162
171 69
172 174
22 60
151 36
137 184
32 60
54 173
157 80
100 144
94 2
126 43
8 183
71 62
169 24
118 193
64 110
180 119
126 170
21 29
161 2
11 197
25 13
25 176
175 157
52 94
63 50
132 87
175 182
157 198
194 192
41 190
99 188
136 69
143 117
171 19
18 7
181 148
80 84
156 66
91 5
88 124
96 98
116 124
181 187
111 40
134 149
87 3
60 99
55 44
35 20
190 82
94 125
115 121
157 102
102 195
175 16
32 6
16 143
183 16
155 164
58 122
25 52
38 77
164 198
179 130
41 84
85 87
67 29
104 139
133 167
73 71
180 79
57 7
88 93
41 36
149 190
46 7
135 13
4 134
65 118
27 128
46 113
97 58
71 87
155 187
102 34
57 189
34 95
97 149
85 102
30 41
100 135
143 39
70 53
145 102
41 82
111 69
60 11
75 148
96 127
78 49
36 157
140 103
122 157
126 186
57 9
71 8
168 175
39 163
40 24
54 109
180 14
198 50
164 98
82 96
107 49
82 7
26 14
157 75
110 3
79 155
41 18
67 168
22 184
88 175
171 4
134 110
10 107
96 152
98 150
171 163
38 41
33 113
197 48
54 146
172 137
71 19
102 153
62 92
134 126
30 187
54 12
48 143
118 76
159 39
13 170
54 168
186 138
128 107
194 120
10 101
48 146
67 160
12 167
74 121
122 155
165 60
45 182
30 2
181 76
115 67
46 122
91 21
136 37
50 48
117 66
36 16
96 29
152 200
59 6
162 4
178 129
112 166
166 195
110 156
40 94
18 143
139 83
13 76
36 123
22 195
43 84
127 41
181 14
73 78
174 90
32 35
53 200
195 193
100 80
102 139
115 15
189 171
118 197
128 119
187 90
175 35
177 61
92 63
127 161
66 168
185 121
179 79
107 3
36 63
177 165
147 46
55 139
128 116
183 187
186 79
147 153
57 56
131 88
200 199
191 15
73 98
81 48
144 54
159 65
91 64
175 131
46 123
15 195
24 64
194 157
164 80
84 191
109 114
11 182
157 137
198 140
75 103
103 14
174 186
66 4
125 142
161 176
171 143
91 141
131 91
19 6
146 198
34 52
176 109
17 31
134 52
177 59
31 93
41 112
30 16
149 142
167 41
79 70
151 61
148 55
79 82
27 166
50 45
108 100
158 167
32 121
186 1
85 107
38 86
162 106
85 145
67 5
146 68
76 147
95 125
90 88
169 135
27 147
100 155
116 177
24 158
172 16
87 187
97 1
10 76
87 90
150 181
131 48
10 102
143 42
12 25
107 119
15 97
63 175
126 7
115 171
175 22
25 22
129 79
15 43
188 180
36 176
1 39
50 160
56 79
156 139
37 151
72 92
21 94
194 73
152 192
39 16
38 11
200 29
61 141
57 21
15 144
146 18
131 82
187 37
89 62
106 3
32 142
135 157
77 26
48 34
145 29
103 146
86 128
198 88
191 123
189 139
130 49
200 137
182 142
35 169
93 60
55 115
43 95
150 72
118 50
111 171
73 87
175 75
180 163
1 17
188 150
19 95
164 146
135 156
79 29
44 84
106 113
137 142
90 30
87 200
85 86
56 105
16 124
197 30
32 28
153 51
188 146
73 24
164 70
152 61
106 26
161 123
164 170
54 180
100 145
200 35
51 148
161 130
122 172
141 40
86 119
99 62
83 166
120 16
92 115
159 83
141 54
89 182
173 34
149 111
20 65
121 148
97 109
43 73
151 38
103 13
45 8
161 162
153 21
16 176
37 96
103 52
115 28
162 156
15 163
119 175
184 199
169 16
41 108
84 183
56 89
170 121
154 93
17 190
96 145
26 58
124 60
194 53
59 55
31 77
54 127
1 48
189 94
109 111
25 196
31 44
197 177
189 89
77 139
183 92
100 52
175 155
109 123
126 122
168 23
36 186
169 68
103 183
120 7
184 130
78 58
70 147
132 162
158 118
122 97
96 168
91 82
106 166
132 124
57 73
7 93
36 102
34 39
182 103
159 111
124 110
61 178
59 135
188 177
192 182
140 154
139 80
1 183
184 23
110 189
134 78
61 15
9 128
31 139
150 84
5 92
19 110
163 164
105 189
121 58
109 44
104 107
63 127
94 49
176 69
132 17
79 121
11 51
143 36
51 132
55 198
29 118
45 27
116 90
119 111
57 37
58 38
98 87
49 16
84 76
154 10
189 56
139 46
101 153
17 151
73 179
63 40
8 182
187 101
187 157
148 199
54 99
134 88
150 62
83 45
103 156
94 53
158 131
9 132
183 93
26 53
82 24
114 138
5 118
168 167
36 183
160 87
128 70
26 54
159 3
93 15
8 1
143 174
126 158
21 166
148 68
30 101
120 93
9 166
55 143
127 85
87 144
70 62
168 5
118 72
57 23
168 132
20 159
142 126
166 65
73 92
186 120
115 137
61 96
42 21
124 133
153 84
196 152
122 110
137 33
164 82
83 72
164 43
112 77
87 156
10 7
179 125
126 97
37 197
100 124
185 89
153 27
171 94
30 170
100 63
107 163
62 78
122 150
74 196
130 55
1 127
59 126
150 7
137 25
184 151
164 23
166 67
44 22
145 35
158 165
141 51
101 12
55 65
117 135
141 180
123 150
184 96
73 183
39 107
27 17
159 183
104 174
39 94
171 167
76 172
22 56
13 57
199 188
140 26
80 199
57 155
145 183
51 120
98 157
107 142
174 54
151 30
164 136
165 138
145 170
46 26
43 49
11 153
140 97
122 93
146 128
133 23
168 145
164 33
49 163
161 80
98 141
181 64
93 151
11 194
141 84
14 169
172 132
141 49
193 187
143 141
87 174
136 127
21 75
57 166
87 97
180 112
25 35
150 195
196 71
114 124
96 115
54 73
89 106
38 116
14 1
6 135
171 73
33 72
106 101
176 127
64 10
187 134
174 20
200 110
50 4
123 158
97 196
165 104
100 159
22 196
176 97
43 35
103 12
137 91
182 126
33 36
185 193
107 130
174 131
114 180
180 67
191 62
77 93
131 69
5 150
175 198
145 193
84 156
47 96
129 68
194 46
7 143
143 131
183 50
170 165
79 15
36 62
141 94
92 88
37 107
41 198
46 173
196 3
60 170
174 124
131 92
141 173
100 126
94 22
162 108
94 156
123 37
192 185
193 44
162 100
182 121
183 9
8 78
88 15
32 47
76 131
166 47
174 33
22 72
22 91
58 29
77 190
43 189
16 160
4 79
184 181
63 88
67 112
51 31
95 24
52 169
128 149
14 174
103 90
170 138
42 65
81 196
185 72
3 120
38 29
25 132
101 51
104 85
132 149
134 131
186 10
14 29
191 106
145 197
66 59
65 81
93 175
99 145
161 35
177 69
23 127
135 113
97 131
27 152
115 82
60 56
92 146
95 167
60 120
108 25
52 113
45 90
51 198
132 26
52 142
159 164
152 127
22 24
26 174
80 51
26 84
8 87
171 138
126 161
129 70
86 34
96 177
86 123
69 68
113 153
126 98
181 38
89 193
28 118
156 61
199 30
70 29
100 76
190 200
70 146
11 189
182 77
123 49
150 186
81 10
153 38
123 121
141 30
30 11
67 111
104 7
90 41
121 113
24 78
85 32
148 94
53 163
156 134
188 161
54 37
6 190
142 199
175 151
119 146
168 169
131 42
18 93
89 123
130 151
144 199
36 45
81 141
5 169
82 98
26 66
85 181
83 75
1 108
104 1
151 48
123 144
28 100
160 137
23 66
139 106
139 132
91 28
59 128
198 191
152 99
145 163
39 11
130 163
67 196
187 180
124 24
32 97
160 43
166 128
142 104
32 190
9 180
120 88
183 68
198 38
127 4
117 48
92 111
155 136
31 23
147 157
37 12
152 45
142 8
116 69
44 155
54 83
107 175
95 129
188 4
127 120
196 27
111 12
193 50
116 133
23 1
170 117
76 176
157 26
57 88
154 139
118 156
75 126
195 164
5 90
193 94
137 11
166 88
143 155
152 73
98 39
52 180
13 148
50 44
82 193
5 196
135 111
178 28
111 101
38 67
94 97
77 191
71 139
111 187
139 177
175 49
104 2
88 111
72 187
76 157
190 44
73 154
52 129
177 64
26 198
82 195
100 47
184 169
82 153
82 147
42 157
55 32
87 9
129 19
20 147
33 107
102 151
192 63
1 76
51 17
97 194
44 137
81 28
102 23
102 84
194 161
9 146
29 1
117 65
69 98
145 95
49 92
108 148
144 192
6 171
138 135
98 92
83 120
37 36
180 64
21 44
187 159
148 159
43 157
41 181
163 58
118 171
106 165
126 32
58 119
69 15
23 183
35 4
84 135
134 69
12 159
11 152
97 162
11 8
124 172
75 168
172 162
12 24
158 46
166 68
91 49
52 198
69 169
96 174
84 178
99 171
116 104
41 100
20 139
127 175
97 147
140 18
129 55
160 152
17 4
199 46
178 98
119 135
167 63
86 106
70 38
128 58
121 119
103 150
65 63
117 190
176 119
170 24
81 7
135 110
78 152
40 105
72 170
39 92
169 87
45 60
147 188
32 40
90 39
58 136
86 139
83 6
87 14
45 144
74 166
100 113
94 27
37 129
164 123
33 85
76 104
150 197
98 48
4 118
165 15
190 64
98 118
179 56
198 46
57 38
190 197
76 48
153 135
164 171
129 18
52 109
39 32
187 123
126 129
41 88
127 168
181 160
66 152
5 27
174 3
133 179
19 33
18 172
69 95
21 122
159 119
102 140
103 54
16 155
198 177
128 26
168 129
131 70
133 103
15 171
8 149
147 194
97 42
1 7
75 178
171 53
87 57
91 174
97 158
159 118
35 85
37 35
7 113
94 7
184 118
2 111
165 35
64 195
136 109
59 134
29 111
21 31
92 129
147 5
175 51
72 120
139 88
145 108
158 113
36 67
65 191
103 32
26 70
182 127
24 14
179 154
138 126
43 133
127 76
143 52
177 42
169 63
7 72
49 165
168 10
55 6
187 200
58 180
155 56
188 95
65 90
98 10
117 177
64 189
67 182
39 123
167 34
172 45
12 151
46 93
101 94
91 177
70 172
143 69
28 47
198 96
45 4
2 169
103 70
6 51
97 3
182 101
179 108
100 17
200 23
18 182
158 128
133 152
121 43
41 171
73 135
79 115
113 22
72 44
199 128
70 20
16 66
197 142
179 83
92 57
188 197
173 99
172 171
125 162
60 15
192 130
22 135
135 54
147 100
134 147
36 70
4 36
120 20
112 88
200 126
196 170
53 161
29 41
152 131
67 69
164 22
75 62
173 9
123 81
167 107
95 38
32 21
195 146
125 43
69 178
54 6
75 67
133 127
195 133
36 107
115 118
139 60
44 179
2 128
24 17
4 11
82 177
74 143
42 158
90 115
153 191
73 130
31 161
158 127
125 124
35 149
40 154
196 95
185 162
143 176
55 98
111 148
34 43
31 30
146 44
135 49
27 104
173 48
115 21
8 25
82 126
87 40
23 158
183 49
18 59
14 38
78 3
17 21
85 150
124 102
64 179
11 170
143 82
164 47
59 200
21 154
58 57
44 8
136 24
17 127
145 1
46 70
117 172
132 15
59 37
9 24
198 60
190 120
101 65
25 124
175 71
195 72
36 184
17 134
8 157
110 137
92 96
4 150
179 178
31 138
184 121
93 193
47 171
186 13
42 199
12 48
65 86
81 121
192 33
104 140
99 63
64 99
63 117
122 138
89 147
35 59
3 112
182 54
6 93
128 133
99 134
74 128
106 111
172 93
30 112
187 63
123 100
73 70
116 176
6 84
113 145
127 9
5 198
127 65
98 186
52 141
162 175
132 72
101 138
158 89
60 101
52 6
54 121
102 86
133 142
173 101
82 13
43 200
198 113
146 120
91 200
196 124
165 79
89 144
79 36
89 111
122 63
193 52
190 148
91 61
196 70
102 183
60 193
106 38
62 149
74 137
16 62
80 189
143 15
148 158
110 161
104 141
186 3
182 43
165 105
136 41
121 197
101 146
158 85
198 91
144 198
39 15
100 143
118 48
54 84
160 171
185 179
71 111
99 80
159 26
7 60
57 130
154 1
132 141
157 172
178 56
107 95
73 155
138 115
187 33
7 142
99 126
188 88
154 177
90 58
25 40
105 190
156 172
74 125
158 58
195 67
141 127
7 200
132 47
51 98
51 19
199 181
83 130
65 111
119 168
147 104
193 40
49 106
83 22
73 68
24 171
177 54
159 8
41 200
187 31
99 113
46 132
51 37
17 9
17 180
63 120
12 53
169 44
56 9
187 17
134 109
60 153
26 139
97 180
55 95
156 5
138 142
148 101
179 136
19 94
91 154
54 5
156 193
82 128
172 106
156 13
83 190
199 104
24 184
90 121
65 7
109 180
117 176
102 94
174 75
64 104
43 58
120 78
37 144
108 55
80 8
123 64
38 159
65 37
198 44
96 40
9 177
82 109
71 68
133 101
149 10
9 74
194 165
69 170
97 62
6 144
137 118
82 54
33 52
17 92
53 133
152 120
5 9
29 125
140 188
17 162
23 115
91 159
75 46
161 82
138 15
85 98
200 73
96 188
66 162
150 77
32 159
134 114
132 120
198 136
141 37
158 48
96 22
173 160
137 101
122 28
102 119
37 89
152 23
101 64
6 117
192 108
161 197
37 146
154 34
174 89
60 197
21 51
63 17
112 122
19 161
54 101
124 138
11 44
199 192
117 159
103 122
17 28
21 66
181 114
97 6
12 77
12 68
134 119
65 98
156 164
73 36
58 53
22 49
37 130
133 155
59 11
35 12
160 150
87 20
138 176
102 71
185 109
15 48
84 154
174 12
167 126
136 2
83 178
10 137
181 54
98 123
159 80
91 173
153 72
120 168
75 91
108 75
108 7
151 160
121 80
121 199
119 105
44 104
195 25
106 62
101 98
189 193
81 71
184 90
28 59
40 29
170 176
39 149
187 20
77 195
6 167
11 130
158 195
159 57
24 101
2 41
44 122
136 114
54 157
75 116
127 179
133 34
122 56
129 24
104 36
137 47
136 128
168 161
64 50
197 144
151 108
118 153
126 62
141 99
128 112
78 92
104 114
45 198
5 60
195 184
24 16
86 82
171 113
109 155
188 102
41 162
47 143
137 61
47 155
164 3
123 84
8 116
88 178
31 8
174 182
31 85
86 149
69 50
131 101
101 150
193 105
86 53
27 88
35 40
41 139
126 198
164 8
87 128
126 160
112 50
64 72
7 34
115 87
56 128
33 31
71 129
8 46
55 124
34 175
139 192
88 164
180 49
95 161
31 96
200 81
80 148
100 34
37 101
64 158
176 120
85 131
56 63
90 102
35 90
55 119
26 8
1 124
154 133
45 115
88 79
15 94
194 74
5 99
25 126
184 105
101 147
180 75
198 151
78 198
88 38
113 29
169 138
65 163
100 107
53 40
169 150
54 105
159 126
19 17
25 150
63 110
165 169
69 129
26 111
56 84
177 15
142 93
187 184
183 91
11 91
22 182
7 45
91 157
175 167
183 45
195 16
108 63
46 120
74 7
7 79
163 35
66 154
35 80
166 26
45 108
162 83
177 8
168 179
167 99
52 138
6 118
189 51
156 144
164 37
141 194
185 142
128 165
150 108
27 30
137 78
61 102
169 37
119 99
61 30
20 2
178 52
74 75
29 123
59 175
89 75
190 183
186 64
170 59
105 126
22 122
163 56
14 165
141 57
67 137
130 116
120 38
123 178
134 73
86 89
177 192
72 108
197 124
29 124
122 88
197 169
97 198
189 159
66 166
24 191
11 67
132 192
176 42
158 109
127 33
113 53
4 130
31 95
132 105
186 127
81 132
75 183
168 60
139 107
143 182
106 11
72 90
85 119
35 27
172 56
161 187
186 139
200 58
57 35
144 134
40 79
26 180
178 72
28 113
75 26
139 90
183 22
160 191
150 32
188 29
34 123
160 39
8 104
192 162
72 34
94 47
75 189
6 104
17 189
40 135
115 25
71 78
196 59
65 190
144 184
135 189
111 163
144 124
54 169
68 123
6 53
149 71
140 175
14 21
197 85
188 60
116 155
125 61
152 39
49 85
121 108
59 72
71 117
114 17
13 19
1 2
47 89
86 25
103 176
177 125
161 34
87 136
171 191
86 49
20 57
147 135
117 2
134 173
124 89
112 107
130 42
192 69
27 116
189 175
83 146
25 43
68 1
73 139
36 6
75 65
183 149
89 163
107 46
164 19
157 16
88 155
47 186
121 53
195 114
26 35
49 21
8 48
133 181
161 183
184 43
54 55
41 4
40 194
152 89
185 66
87 83
121 112
128 194
165 133
45 70
153 55
71 143
162 169
159 107
200 193
185 15
78 116
154 178
179 19
146 46
80 102
151 71
35 98
178 167
6 82
159 190
27 137
105 175
162 9
43 168
191 192
164 29
82 154
125 169
80 143
3 183
165 121
96 25
158 151
101 144
178 136
73 188
156 100
181 156
45 14
79 133
62 159
129 9
188 34
118 110
131 137
124 147
52 168
142 77
48 89
199 23
7 24
112 82
43 134
135 96
110 147
86 142
60 24
19 73
99 123
44 130
110 103
147 32
171 80
95 157
187 143
83 145
19 35
87 142
54 63
128 13
12 46
29 28
137 163
189 145
10 46
16 58
66 15
144 7
100 61
95 93
178 196
22 161
68 114
77 1
7 67
81 192
141 11
82 73
46 86
18 137
47 85
120 145
52 23
130 125
158 80
104 124
109 154
38 125
78 37
6 192
88 56
156 102
169 89
2 93
174 86
133 40
199 27
10 139
181 109
24 177
2 52
119 13
60 140
12 2
96 111
78 95
93 69
24 145
39 49
112 162
103 128
162 7
194 143
197 129
53 88
184 97
66 184
42 49
116 40
3 48
96 23
119 5
148 71
99 140
191 43
46 45
66 120
112 38
172 78
175 150
121 178
44 140
165 127
116 7
5 166
12 73
39 71
102 180
114 21
32 95
95 177
37 117
178 181
91 44
50 155
31 88
64 54
71 101
121 9
14 109
163 132
91 181
192 71
162 3
163 190
97 27
147 166
34 126
96 74
39 137
35 148
118 191
50 47
164 59
98 94
135 29
135 115
194 198
199 171
68 36
159 165
116 56
106 109
97 31
166 62
172 181
13 77
85 135
165 19
63 18
143 149
2 13
39 76
117 11
122 82
54 188
200 62
5 25
116 182
147 65
168 134
19 79
140 48
198 172
146 134
153 182
196 68
110 150
184 48
47 38
21 18
127 143
33 100
30 155
27 98
39 82
114 89
164 48
108 35
14 22
95 131
47 101
200 63
62 66
37 134
63 91
60 162
9 39
18 142
12 71
130 77
49 127
129 196
99 179
114 157
30 124
180 145
176 99
173 195
18 108
84 116
190 14
28 187
137 127
129 194
51 64
90 101
174 183
74 152
19 188
192 100
116 29
144 194
79 86
183 169
194 92
145 10
105 86
110 4
179 194
125 17
198 100
6 124
20 164
138 173
22 15
157 23
146 121
172 67
130 199
145 77
98 90
144 23
60 23
110 90
122 146
48 171
197 162
80 52
187 138
58 149
129 104
80 140
25 100
134 21
164 30
63 37
120 26
152 47
120 197
179 176
127 69
54 42
18 174
57 10
24 113
74 80
168 93
145 164
72 145
103 107
185 81
155 130
85 55
9 188
80 192
29 3
22 178
76 65
39 164
75 66
7 30
28 141
81 135
21 191
147 83
84 171
180 139
95 117
177 130
16 147
185 196
188 27
189 76
44 200
64 12
118 60
33 165
198 166
64 52
184 194
86 115
24 79
145 133
57 144
106 84
66 173
134 117
4 14
91 142
63 188
158 62
55 53
32 130
32 98
72 160
198 57
185 52
59 151
177 25
182 29
181 70
74 144
123 8
84 175
181 138
184 147
78 163
157 112
144 31
33 131
200 97
161 77
17 91
154 101
163 3
17 104
119 27
61 116
167 187
57 101
198 68
2 115
47 26
1 163
102 91
137 7
149 42
137 2
135 14
142 175
169 101
191 140
53 126
167 153
149 79
24 127
45 153
175 195
196 138
151 82
78 154
77 162
15 82
177 67
20 8
151 99
102 82
141 44
63 159
10 166
157 85
94 135
193 5
177 44
175 164
153 125
2 196
8 97
85 123
189 132
159 73
35 30
95 91
3 101
177 175
192 44
107 145
7 53
136 21
164 63
31 129
3 11
158 172
102 49
14 34
74 148
63 60
198 48
101 115
166 118
112 69
179 123
64 77
102 5
101 114
45 57
151 3
62 101
67 191
42 167
41 61
94 111
16 168
182 71
67 198
200 103
157 83
194 134
74 2
119 39
124 101
95 184
141 154
89 148
157 140
157 200
99 166
155 172
173 33
45 88
190 142
11 99
12 186
200 151
14 112
79 184
67 3
85 151
149 182
40 91
141 12
123 80
31 124
67 92
103 189
145 98
107 195
50 57
81 163
175 161
188 168
177 167
35 81
66 110
26 161
97 119
47 88
50 70
19 184
41 62
16 141
67 123
87 145
3 155
24 135
43 173
180 136
117 150
112 119
42 195
40 76
41 172
163 113
66 77
95 46
180 89
33 151
38 134
174 108
187 70
123 142
58 114
78 199
162 65
139 190
44 197
139 38
13 167
131 20
25 85
186 148
165 23
183 107
132 44
147 54
85 88
76 134
87 88
48 192
181 45
156 173
95 76
194 173
139 91
145 150
18 111
193 18
131 109
104 70
36 124
36 86
158 125
120 177
97 16
190 78
148 154
158 92
48 60
94 153
72 137
159 37
29 63
83 67
8 109
131 130
185 135
152 58
81 101
48 185
161 139
83 49
112 17
182 158
139 116
102 187
148 31
197 91
7 97
40 74
199 97
140 93
146 194
197 158
83 198
51 82
194 132
107 97
105 24
179 57
65 13
151 5
145 60
110 107
48 141
35 114
165 98
101 117
173 110
67 187
49 119
180 45
24 147
156 85
118 51
68 134
6 149
94 99
69 78
188 195
91 14
59 56
125 85
27 122
149 68
116 111
177 21
62 174
177 23
99 101
55 46
184 27
115 159
72 152
137 158
174 200
40 90
98 81
136 52
10 36
31 59
11 145
54 123
98 158
1 6
89 113
137 57
12 192
85 17
78 147
13 69
198 95
189 19
164 190
120 34
11 64
60 199
143 76
46 179
52 18
192 106
12 90
131 135
40 42
33 181
40 178
80 94
51 15
166 115
3 160
23 55
86 122
171 34
110 170
180 193
185 88
78 183
87 140
108 48
132 142
98 130
23 34
21 96
95 114
46 150
8 6
9 49
147 91
33 88
42 87
54 4
190 75
157 2
11 187
168 40
103 134
125 86
18 199
10 61
41 57
66 49
67 139
193 39
43 37
168 176
150 144
14 99
4 115
98 15
111 184
74 4
106 59
163 104
149 136
98 54
22 123
152 162
85 61
90 60
3 5
74 13
78 88
153 48
34 192
15 34
38 34
186 131
14 162
152 139
59 144
156 98
63 190
105 79
135 112
33 73
148 60
136 12
148 28
126 72
186 112
125 120
194 200
109 145
173 146
127 156
187 100
50 97
71 109
194 79
77 85
48 154
3 152
120 110
69 11
23 12
8 100
130 63
151 150
78 17
139 123
89 66
153 42
127 139
172 90
94 144
166 192
83 79
118 185
96 180
37 188
45 122
190 181
132 122
85 76
163 187
157 92
184 53
75 3
60 50
89 10
1 134
78 15
170 122
70 100
61 121
165 134
3 90
41 26
142 53
118 15
106 200
53 69
92 44
125 149
81 195
37 33
4 40
96 77
70 99
180 30
88 184
139 145
197 191
169 20
87 46
118 85
92 84
190 84
175 68
28 9
102 137
131 194
115 133
74 22
148 15
135 167
141 169
189 188
190 33
53 77
9 199
185 34
101 8
58 73
27 139
190 46
163 141
175 65
150 68
161 6
50 56
107 8
46 11
122 90
105 41
4 190
165 42
56 182
113 190
172 125
48 9
161 30
27 105
55 87
61 133
114 31
71 97
57 157
16 182
69 132
161 78
81 39
154 61
72 103
179 171
114 85
102 24
198 161
187 189
92 153
70 165
135 128
50 95
55 191
117 87
47 75
96 123
178 31
127 42
109 18
79 66
3 146
195 130
160 118
149 126
160 97
51 107
22 61
83 97
47 150
49 122
100 75
41 40
7 153
166 151
8 145
93 149
200 26
191 156
26 127
86 73
166 18
59 114
94 192
178 35
168 160
6 170
125 91
132 1
76 6
104 134
31 123
40 109
109 19
62 44
60 66
55 67
71 154
31 175
20 188
175 148
132 78
171 43
100 79
191 58
135 170
77 178
87 43
59 172
114 117
7 190
118 39
60 185
152 111
46 69
141 198
79 59
131 156
135 16
5 18
12 199
196 134
23 71
30 53
166 61
30 118
127 19
140 125
159 163
74 71
105 140
57 34
182 75
106 12
71 21
149 37
57 28
81 191
112 148
163 173
198 21
115 172
3 138
42 141
178 23
54 112
147 103
69 121
73 121
141 92
80 1
180 5
76 82
113 94
6 33
81 82
6 166
142 50
141 72
129 116
65 2
136 94
185 86
196 35
134 175
92 22
1 85
24 66
150 154
84 158
2 88
7 123
83 37
157 115
167 142
100 154
100 112
170 84
161 71
2 190
45 16
77 109
26 181
4 125
77 181
158 96
68 136
25 78
161 186
120 65
71 172
24 23
154 159
120 154
154 128
126 44
169 185
122 67
4 178
174 58
120 45
186 73
67 183
133 196
13 101
72 21
181 112
52 199
6 200
36 54
139 108
104 125
19 72
55 36
171 151
100 39
74 156
158 15
66 167
145 54
12 161
199 139
76 113
170 147
92 110
13 75
158 180
108 73
158 147
92 40
48 156
108 180
138 146
42 68
47 2
166 72
92 10
71 60
144 65
140 180
4 46
129 158
183 15
126 145
122 76
114 106
50 153
22 37
166 159
11 68
89 200
50 151
58 45
189 7
89 116
152 56
179 192
176 23
182 125
81 117
41 151
164 180
186 86
32 181
39 35
129 91
17 129
55 183
6 90
21 111
82 32
58 144
168 74
73 197
170 104
193 43
146 58
150 105
173 1
15 11
76 60
130 196
79 94
179 103
40 110
62 187
4 147
121 38
105 116
192 101
151 19
177 124
180 95
176 27
122 123
72 62
133 143
67 171
31 117
170 94
34 68
30 44
24 181
55 90
27 142
92 143
6 26
15 3
23 120
200 88
173 103
184 114
74 72
98 134
14 36
30 9
50 147
59 179
62 65
172 8
187 128
169 117
183 151
125 106
75 53
4 145
132 5
41 160
14 126
174 76
169 67
4 2
126 131
70 114
58 109
65 56
72 107
72 9
155 102
39 190
179 175
9 91
9 104
130 182
83 30
113 161
91 166
104 29
192 11
137 151
165 109
182 76
37 93
127 126
63 42
132 184
185 156
161 47
58 159
154 110
167 8
154 174
179 69
96 101
70 132
50 158
186 37
197 153
173 83
24 138
100 59
7 38
111 155
111 43
38 78
115 174
30 120
102 113
20 73
152 142
95 83
140 35
11 172
107 43
154 9
1 168
135 186
126 64
89 55
118 172
135 55
6 9
103 185
89 15
190 140
88 189
105 122
184 190
116 42
100 85
101 128
86 177
121 105
161 152
97 129
118 66
29 51
48 176
36 18
80 176
174 95
115 78
31 154
96 172
74 19
47 162
29 27
178 190
136 47
129 199
44 153
58 42
57 19
109 87
66 176
197 166
140 171
59 125
10 111
170 111
51 44
150 59
11 34
182 184
161 100
44 24
3 12
28 159
95 17
151 89
32 124
9 61
86 87
93 124
177 3
16 82
70 24
133 189
86 101
184 158
31 32
176 72
123 108
7 115
41 138
11 179
60 88
28 138
65 71
128 109
69 149
48 21
4 137
149 90
30 58
55 188
43 82
54 187
105 161
98 97
31 103
9 155
92 163
75 101
52 162
37 181
149 176
1 121
111 174
63 55
186 107
32 144
118 24
16 111
79 8
18 40
128 137
187 142
136 197
62 136
36 35
175 13
162 170
170 107
78 30
26 165
180 111
156 47
24 116
38 96
153 2
92 51
31 135
89 39
50 115
200 19
184 32
25 66
91 84
3 66
150 27
48 191
120 178
75 151
41 192
85 166
42 74
1 140
59 190
48 152
192 1
35 166
198 187
62 185
25 93
194 199
47 79
162 165
44 108
76 146
30 89
160 85
170 191
38 101
47 66
87 16
89 85
128 130
183 135
196 117
120 9
17 133
29 109
177 48
167 86
140 121
59 162
103 117
65 97
57 1
47 86
60 85
10 130
5 101
159 89
159 92
168 164
42 34
62 13
73 164
168 19
188 128
192 8
8 150
113 6
74 24
113 5
172 65
9 90
35 14
70 175
129 83
137 49
17 121
124 137
193 19
83 27
72 122
17 157
86 127
78 97
19 199
158 194
29 186
143 84
10 73
20 130
151 129
38 147
138 6
56 161
146 14
173 187
95 57
3 154
90 95
141 31
194 71
23 19
36 196
163 152
1 33
132 75
97 186
88 170
129 4
119 25
189 186
21 83
144 122
129 72
120 95
79 38
80 178
92 43
96 161
56 129
105 154
10 119
20 66
128 178
62 63
102 95
30 123
44 144
136 32
6 175
13 91
105 167
110 58
12 10
156 197
163 74
151 67
59 161
99 161
81 33
191 45
197 20
88 145
199 138
86 57
146 133
101 69
149 172
178 189
128 41
175 69
28 112
167 106
183 167
76 198
76 116
50 195
132 34
142 113
174 151
148 103
135 136
32 179
47 131
91 50
110 56
33 197
152 57
181 124
164 75
55 16
99 79
167 28
155 161
164 162
198 184
186 5
8 152
56 96
199 196
189 168
177 174
114 45
100 97
27 131
29 138
84 48
184 47
74 124
102 122
119 166
51 126
93 163
189 92
33 14
70 166
99 13
140 108
34 56
184 192
114 149
119 17
121 114
30 131
70 110
179 110
192 68
146 183
46 27
81 146
63 52
26 82
91 144
17 193
53 20
168 97
31 91
16 70
7 61
173 154
140 120
7 8
127 6
61 19
157 100
117 131
164 101
113 36
128 91
28 127
140 138
174 99
81 32
45 137
4 191
110 74
141 160
185 165
23 13
144 42
129 74
127 35
3 124
122 30
61 29
179 84
15 119
97 86
96 175
103 38
109 179
79 32
114 57
151 101
45 93
46 83
157 48
102 178
46 48
36 22
134 180
59 168
16 20
181 159
87 175
46 23
76 195
95 94
39 88
99 100
189 108
52 35
14 197
135 79
87 84
48 120
73 173
144 189
59 152
34 153
185 102
192 129
10 33
188 141
60 129
111 47
35 168
196 96
35 89
84 69
65 50
192 93
91 104
30 93
134 92
85 54
30 34
6 168
107 155
141 126
143 51
60 151
141 38
16 113
188 138
52 110
48 199
115 24
53 14
103 196
95 195
84 21
76 138
74 23
52 195
96 83
22 76
169 79
67 73
191 105
98 146
94 29
108 110
9 191
92 174
5 94
28 4
131 129
15 151
175 115
95 89
30 91
6 174
136 189
150 66
169 187
82 83
68 29
119 191
118 154
75 31
108 138
5 131
192 128
46 148
84 89
62 193
115 178
124 162
22 186
9 111
134 185
89 142
125 146
66 145
14 119
21 145
35 67
68 24
89 54
57 68
22 19
53 149
11 132
147 18
199 150
80 6
177 39
128 161
84 49
116 41
136 71
117 155
73 99
183 81
89 90
21 8
104 31
103 62
199 134
67 46
64 29
170 49
136 110
68 171
82 48
180 2
31 126
194 108
38 72
49 171
38 68
93 84
110 142
161 107
135 101
166 131
113 174
162 45
15 13
57 42
135 36
86 95
188 167
72 61
56 148
112 124
45 186
134 48
150 102
87 101
61 105
17 170
40 100
125 110
136 76
81 150
98 200
128 110
119 41
41 45
104 167
102 30
113 30
55 7
117 195
189 138
172 116
169 167
14 111
145 26
11 50
166 162
43 172
60 40
111 11
151 58
162 46
199 198
172 61
31 16
131 68
15 186
80 101
39 48
147 42
102 64
165 69
194 177
18 71
25 102
34 18
147 146
165 66
143 144
71 6
16 136
59 76
42 23
135 88
138 45
179 156
30 68
37 193
20 115
196 19
63 183
2 8
73 3
25 200
2 81
134 133
5 13
18 50
109 118
178 199
72 93
33 55
178 58
182 105
79 30
119 104
26 143
174 106
76 129
52 156
30 50
137 100
68 87
36 180
47 153
164 126
56 153
32 129
25 17
131 59
103 112
198 71
78 193
197 174
195 190
50 185
106 177
66 91
121 57
46 110
137 79
109 157
140 27
73 192
181 39
161 43
109 73
78 122
142 63
49 151
112 155
138 151
86 157
80 15
55 189
193 198
193 54
122 140
117 93
196 50
117 85
144 2
110 22
11 82
178 67
20 149
131 140
175 100
160 198
196 20
166 60
5 161
77 16
173 47
50 61
155 186
131 36
69 196
32 139
150 22
166 2
151 44
77 7
25 152
125 81
52 158
90 70
91 130
121 101
108 95
155 37
176 62
83 180
128 49
121 120
13 141
65 173
200 145
113 49
83 78
98 180
82 70
175 180
22 199
160 195
94 3
70 40
165 189
6 147
22 70
150 21
129 173
108 13
78 186
138 96
140 114
107 18
15 50
147 98
108 178
2 149
162 95
68 48
135 62
37 185
21 65
81 128
96 173
56 176
190 169
23 159
58 185
185 23
59 157
134 170
39 40
2 77
76 148
51 138
194 196
41 13
132 90
120 24
49 110
193 143
124 65
10 51
17 93
49 71
140 71
32 50
36 101
61 53
4 104
165 74
62 57
104 159
30 63
169 60
138 47
133 74
29 62
50 89
60 39
180 50
182 194
188 132
12 63
200 3
127 12
175 17
50 73
126 50
80 132
95 115
71 53
25 15
179 76
176 10
14 129
44 187
189 160
121 128
29 174
4 90
113 64
62 47
85 14
33 134
50 36
4 199
148 95
149 19
105 186
35 181
180 151
18 83
128 159
11 116
48 127
76 93
14 10
166 84
102 170
66 67
131 190
166 15
41 180
47 182
38 108
44 58
147 133
171 35
91 16
123 136
26 99
164 83
112 68
43 83
19 118
142 81
82 50
89 34
165 179
21 178
16 129
179 98
69 97
141 63
30 127
151 92
166 120
193 81
79 21
187 151
60 157
47 72
95 44
146 170
77 118
8 34
168 42
173 49
19 106
87 127
165 195
60 125
88 26
95 66
52 1
115 5
189 200
10 49
22 173
85 27
192 137
54 38
79 87
188 65
168 158
43 115
21 113
46 143
148 137
4 174
89 44
178 27
135 87
145 147
48 73
68 72
159 198
178 81
197 15
6 37
193 182
48 104
54 48
6 30
44 76
81 85
149 163
60 95
54 200
104 185
32 165
180 81
166 194
166 51
2 140
109 7
174 27
14 191
24 183
134 158
122 39
109 72
66 189
109 46
29 128
47 179
124 5
104 108
37 27
106 120
175 176
4 186
126 165
83 62
81 18
134 129
171 125
59 146
72 57
53 44
171 156
139 2
12 17
184 125
91 73
64 176
125 75
79 134
52 123
198 150
80 75
93 146
106 95
90 152
174 82
146 131
29 141
113 118
122 183
47 39
68 200
34 35
33 91
160 14
102 128
99 153
167 190
158 156
185 93
16 25
194 17
10 58
25 62
32 138
176 191
38 71
149 115
91 143
49 54
176 68
22 41
76 78
127 89
75 107
144 117
109 119
110 76
117 49
114 135
164 147
189 116
187 81
194 8
157 124
96 54
156 114
195 104
25 179
189 35
25 198
12 66
164 7
104 194
132 156
185 8
39 18
36 153
20 24
14 171
44 82
40 163
92 117
100 26
14 184
124 37
124 61
140 173
154 131
126 73
169 57
186 170
74 76
44 159
107 132
49 12
126 150
5 4
14 140
24 194
8 38
40 5
24 43
28 62
86 16
75 145
125 24
134 27
113 26
44 124
124 73
110 38
130 154
64 67
51 131
176 139
102 38
84 35
26 72
59 15
199 81
160 86
40 54
37 69
77 6
145 142
86 70
48 113
122 136
182 180
99 129
134 192
76 75
56 53
158 143
124 66
51 172
182 62
4 159
5 96
198 170
161 146
53 32
15 63
47 97
189 163
115 141
58 32
83 57
5 189
146 176
189 151
180 198
99 69
188 139
156 83
62 102
49 58
137 183
18 157
17 58
20 158
168 137
110 159
107 56
180 189
99 34
22 152
76 160
195 94
192 103
24 4
78 23
28 176
97 155
123 19
8 90
34 71
17 138
3 65
114 143
57 80
62 76
57 33
139 33
14 142
164 57
17 124
102 45
141 197
176 13
170 48
89 105
130 178
58 79
135 33
99 178
58 14
171 13
109 175
104 14
31 106
119 200
185 61
14 153
176 173
78 108
16 43
181 83
156 24
50 38
145 104
106 129
17 81
98 109
192 29
148 117
32 192
103 74
96 16
131 113
105 81
19 194
195 19
186 89
98 122
9 185
181 5
82 118
182 4
199 99
3 128
6 153
40 121
197 111
191 22
196 168
187 43
89 122
138 137
52 164
54 18
145 149
2 194
166 58
186 46
192 110
31 176
165 181
178 91
165 156
31 122
147 93
144 21
148 192
72 101
74 175
46 127
97 145
25 174
184 196
132 64
99 137
177 43
139 3
110 83
124 191
13 28
111 46
109 34
13 95
57 102
14 173
56 188
99 125
150 34
132 43
95 21
142 45
162 56
152 98
91 15
178 96
87 70
29 185
70 85
104 58
13 165
127 44
129 149
182 108
183 196
22 154
94 82
139 163
152 26
102 123
158 107
77 11
14 192
36 17
131 153
136 118
13 200
20 47
106 194
181 58
158 34
48 75
86 146
87 22
100 141
84 107
61 13
25 105
142 30
2 141
189 162
130 84
8 108
15 17
155 1
165 54
83 185
84 120
180 27
98 182
57 160
55 79
172 3
28 146
41 9
136 188
184 124
122 196
178 166
145 135
119 18
27 197
29 54
199 77
8 73
30 195
155 170
99 65
79 35
137 50
149 75
38 75
13 154
185 138
44 96
35 185
45 71
157 104
101 82
165 82
34 177
44 183
110 139
5 76
104 73
78 65
147 92
67 118
141 83
192 64
36 168
190 60
148 196
64 146
133 62
23 90
163 136
84 189
87 184
93 171
147 191
139 53
192 113
200 122
78 99
184 50
191 64
110 29
4 143
195 70
12 76
183 116
34 70
1 122
169 176
107 59
91 163
69 7
133 67
57 150
146 11
82 89
34 145
128 72
68 197
25 120
75 186
39 113
116 16
132 76
10 35
125 170
191 42
187 112
142 124
192 122
39 37
181 196
178 64
179 111
112 78
47 15
121 141
38 98
44 101
148 150
35 87
83 65
67 77
123 189
11 25
156 149
164 197
96 139
186 21
194 103
182 91
7 76
199 146
101 108
152 101
130 110
188 142
185 152
144 149
77 17
181 2
16 117
41 52
86 175
126 178
131 145
112 196
135 10
148 91
175 120
200 49
138 92
62 69
187 153
153 157
102 99
48 2
54 72
25 92
133 35
128 152
86 33
194 185
10 116
70 118
32 19
157 28
40 130
124 150
108 83
100 182
77 45
55 84
50 148
110 113
35 126
104 72
67 74
51 41
118 86
4 139
174 188
19 124
91 36
177 28
163 50
151 34
9 158
7 32
196 200
125 82
24 163
163 172
22 159
157 120
170 141
140 19
116 160
164 158
8 67
134 125
4 61
14 76
195 7
21 162
116 68
17 86
179 24
77 128
1 169
28 14
180 24
76 164
123 177
70 167
63 16
18 87
21 98
153 195
108 42
184 12
45 52
80 46
89 58
112 151
54 125
117 165
62 194
148 82
164 56
134 22
151 23
46 81
142 92
34 174
9 192
102 115
21 141
15 105
23 87
136 53
174 70
101 31
107 13
165 97
20 52
130 200
159 31
77 89
159 72
73 158
161 122
145 91
180 38
20 25
89 78
51 124
40 72
37 30
117 119
182 161
44 93
27 170
153 158
71 123
194 142
195 49
164 183
74 122
72 130
39 51
64 43
43 72
48 139
4 135
142 58
130 13
160 163
159 16
52 50
76 89
187 57
96 200
63 152
104 93
180 190
198 149
101 48
113 179
5 33
161 106
88 86
46 178
144 19
137 164
134 75
166 173
70 51
106 141
76 4
7 160
174 81
63 119
54 58
90 197
47 108
134 14
40 198
43 192
60 127
172 200
80 53
88 147
87 170
186 115
26 7
60 70
56 126
138 134
62 116
96 129
29 137
43 41
47 14
174 130
35 142
55 101
160 156
52 21
68 142
136 191
40 187
52 188
29 2
81 55
119 69
92 186
117 161
4 59
4 149
195 159
82 129
185 56
69 38
72 52
141 107
138 143
94 151
166 4
97 153
154 151
58 9
78 167
22 126
185 7
32 160
144 127
113 4
183 195
34 85
102 16
67 190
126 177
184 9
196 104
145 114
63 32
124 34
149 82
25 147
167 165
85 40
82 168
55 22
131 57
167 191
162 110
172 192
61 173
9 55
32 148
106 196
16 139
65 182
85 190
21 182
27 66
82 92
198 84
84 167
69 122
119 44
69 114
102 135
79 153
187 179
137 16
90 117
20 69
20 141
145 105
57 47
113 18
133 91
161 49
152 82
134 6
14 5
109 137
84 124
88 68
90 156
105 152
165 120
176 95
150 9
163 64
191 195
46 154
37 125
17 65
167 16
189 68
1 67
141 41
166 16
74 43
5 187
149 141
32 178
176 32
126 130
120 35
156 65
75 56
127 198
198 33
197 70
98 194
12 57
92 172
6 150
190 58
153 78
83 17
99 71
28 184
142 43
19 46
74 21
199 174
28 79
53 3
60 74
168 187
96 104
142 76
111 162
4 75
80 111
123 131
33 170
2 36
60 87
143 139
178 140
137 117
120 61
77 60
25 32
194 63
35 167
75 130
101 91
176 45
127 72
149 72
9 77
97 139
174 21
123 174
119 40
174 120
35 107
36 127
87 52
112 198
168 18
11 18
47 116
157 123
95 189
95 158
95 45
171 176
140 49
75 200
113 122
11 110
78 191
9 23
98 151
145 41
30 108
104 56
37 52
32 24
150 128
9 131
4 87
8 103
11 186
144 154
197 147
14 156
46 103
34 198
154 95
183 17
46 94
18 139
99 194
152 153
57 112
41 174
68 177
184 69
114 71
14 18
158 198
40 6
145 89
180 61
40 140
115 194
185 189
61 31
158 10
157 5
63 145
66 133
127 187
148 58
78 146
29 193
136 39
173 114
121 10
17 166
2 198
3 54
122 175
113 8
167 49
170 161
74 105
90 42
3 147
46 100
137 48
98 170
166 55
127 118
79 110
174 105
157 11
30 56
140 76
144 119
75 16
85 39
188 121
102 198
3 193
188 164
153 35
87 53
59 199
176 151
161 65
101 27
77 174
39 182
155 22
13 143
113 188
103 129
4 71
136 181
89 178
60 105
81 69
77 143
40 2
77 154
63 185
110 188
31 64
115 32
153 104
81 60
189 45
104 30
88 160
116 46
8 136
178 110
168 141
66 104
168 138
83 2
104 33
93 34
12 95
177 73
196 172
49 112
28 87
157 164
178 194
153 19
194 116
103 154
21 82
1 90
33 102
196 52
170 100
133 49
32 109
93 178
145 190
38 100
175 133
184 102
112 149
76 63
102 77
88 77
53 164
87 148
28 40
73 167
51 23
192 147
8 110
90 49
27 40
111 55
41 129
37 25
52 102
38 17
19 93
159 10
98 14
117 180
16 184
34 156
66 68
101 46
145 138
197 62
96 197
159 158
120 94
160 35
162 151
142 108
196 128
59 69
192 190
97 106
103 2
13 146
108 89
195 106
68 144
151 6
51 127
137 87
91 167
5 81
25 90
38 154
19 119
188 103
99 193
135 65
55 162
140 38
125 92
13 160
32 94
79 123
17 55
163 112
180 113
174 57
188 14
85 91
48 179
29 105
37 200
92 11
138 93
131 28
178 165
62 50
185 136
110 26
93 112
17 74
26 48
20 10
40 167
84 132
184 123
185 87
142 100
2 21
46 57
116 20
175 124
33 22
20 98
41 170
48 195
103 89
114 178
90 146
121 28
32 111
105 70
84 98
20 79
9 186
193 38
23 174
17 69
132 131
178 158
176 60
9 141
178 49
3 184
82 187
107 181
97 53
5 26
152 16
106 118
33 156
132 110
129 94
145 93
148 176
27 190
12 139
66 9
4 161
129 123
71 100
31 54
2 119
13 7
113 124
134 23
68 155
198 73
148 84
60 128
135 105
21 102
173 148
20 49
119 90
79 192
84 99
93 176
74 130
4 31
32 76
24 175
19 111
104 127
133 76
47 181
188 106
28 72
6 181
79 145
19 21
104 34
74 186
23 62
167 149
197 28
99 186
180 99
147 189
195 10
111 34
123 61
43 144
23 143
196 118
133 160
1 99
99 16
192 17
2 64
10 134
174 46
96 49
116 13
92 184
41 24
59 85
13 144
86 99
149 147
43 135
194 180
146 31
83 88
160 9
32 116
88 110
39 28
143 104
138 11
102 160
192 42
121 147
3 82
195 63
151 86
67 185
59 173
200 71
147 168
173 58
182 99
24 139
35 68
92 168
178 18
37 97
75 28
108 114
104 59
139 133
137 69
112 140
23 89
59 182
67 130
98 174
196 77
192 96
179 143
99 149
135 191
98 44
163 29
48 79
3 27
51 191
61 79
199 73
57 190
15 72
166 1
5 183
42 31
181 182
97 150
88 98
14 15
174 195
13 50
163 101
148 122
115 13
6 16
169 97
10 150
28 63
65 151
159 36
150 153
197 4
76 8
108 90
45 113
62 95
7 134
198 86
158 8
138 136
90 192
199 110
63 83
175 82
136 106
43 109
23 67
74 35
154 113
200 34
162 75
55 120
181 69
88 94
158 61
44 135
95 73
97 64
10 68
134 16
163 43
121 15
121 94
57 146
171 7
141 67
139 74
186 72
168 69
83 64
79 191
88 102
79 168
63 93
85 26
161 93
110 174
51 190
2 127
179 102
13 90
54 2
175 32
139 15
185 186
111 188
85 140
37 178
114 112
136 166
62 196
98 89
9 36
89 183
55 154
50 171
97 171
76 16
97 128
107 55
23 146
81 118
35 123
125 181
80 63
92 120
68 95
143 40
28 137
109 59
12 36
145 32
78 165
14 60
187 50
189 183
189 158
9 11
13 37
76 96
54 185
147 41
94 187
118 84
194 122
185 21
63 170
105 26
98 29
60 37
38 185
125 51
122 142
80 87
41 28
23 3
121 24
106 33
93 155
111 126
163 150
54 176
16 194
30 159
146 117
82 194
191 86
23 26
54 79
121 139
39 20
73 40
141 85
40 177
149 59
16 37
88 154
52 48
115 16
13 123
108 51
62 184
112 168
175 83
108 106
109 156
186 18
159 186
59 103
127 32
43 99
172 36
177 88
145 52
92 107
97 68
28 27
27 65
118 38
99 97
146 71
52 111
113 71
63 124
69 3
80 56
21 179
190 3
39 84
4 69
89 74
143 170
194 36
169 116
36 30
96 33
149 159
119 153
31 125
8 54
183 76
102 182
128 63
43 167
99 189
179 43
121 196
117 138
200 47
59 45
60 34
147 177
125 139
110 183
29 158
162 118
123 185
48 103
81 12
81 157
45 131
164 46
90 178
152 97
194 193
90 133
21 165
3 92
166 36
139 64
17 108
171 120
105 32
38 150
79 143
74 106
90 143
125 167
91 7
85 167
95 185
50 68
181 102
80 146
64 80
176 154
49 177
189 196
129 25
26 197
120 158
8 168
43 124
161 140
127 40
136 151
83 9
184 80
138 119
192 189
132 95
61 103
185 17
64 156
129 107
158 99
76 21
147 115
46 138
33 25
172 119
76 28
178 11
184 78
108 80
184 100
65 48
71 92
147 53
21 128
112 138
41 169
166 94
81 20
179 135
120 44
29 127
86 170
157 150
175 15
45 24
104 191
189 2
114 52
97 110
157 84
139 182
7 197
184 86
97 116
145 67
44 34
193 111
10 31
15 67
61 194
66 41
11 169
89 94
160 127
25 118
157 177
163 128
43 136
144 12
161 118
135 67
52 81
187 58
78 50
53 13
50 39
173 122
143 57
147 173
90 190
3 22
16 3
49 132
49 70
57 170
106 56
61 150
85 192
169 50
177 196
186 14
78 81
101 11
4 98
153 172
190 26
189 182
192 155
115 162
153 198
16 108
131 74
97 9
162 18
114 160
113 74
195 200
134 56
143 30
35 44
153 128
99 95
107 1
56 74
17 99
167 160
188 12
50 67
64 33
94 38
157 170
88 4
110 51
4 140
185 85
6 159
46 76
103 83
45 154
154 83
196 187
154 170
16 178
110 1
180 184
15 86
168 142
74 14
99 127
48 31
22 119
13 4
88 143
92 27
54 131
158 145
4 60
142 186
71 55
192 56
143 86
82 30
13 100
137 53
188 163
68 75
72 1
39 74
111 36
18 44
53 177
131 96
39 145
68 138
34 147
41 131
114 131
78 178
122 151
143 159
178 79
91 162
143 109
18 155
103 82
144 148
182 155
119 137
180 94
128 93
43 148
148 172
112 55
58 37
18 28
9 92
161 104
166 7
116 53
19 28
129 170
60 41
142 135
200 142
193 77
16 138
90 142
182 61
177 114
170 55
118 142
123 48
130 5
126 95
110 28
5 170
131 185
93 129
105 125
126 68
16 161
49 196
153 15
114 141
121 4
165 24
191 26
65 200
23 138
165 125
173 108
150 194
34 159
99 38
38 170
137 114
97 91
107 173
95 136
18 106
46 135
11 119
183 40
37 131
144 77
37 50
128 99
108 171
131 16
72 142
152 191
143 165
56 200
135 180
191 126
124 173
16 122
137 17
129 137
25 76
43 154
111 85
197 53
90 145
101 140
144 90
121 172
48 188
181 192
102 133
147 116
18 160
116 186
30 51
121 56
29 139
190 172
184 84
197 173
179 85
168 22
70 58
75 119
75 94
176 71
1 89
169 179
9 151
83 66
14 120
25 110
47 110
2 51
122 120
34 195
58 106
149 119
188 171
162 1
2 187
23 20
42 12
183 53
9 193
77 86
6 146
17 155
191 34
95 109
85 53
151 31
49 81
101 59
147 10
112 9
57 96
54 67
38 20
76 58
89 160
92 170
18 131
177 57
58 154
149 150
41 178
6 131
142 48
13 188
158 119
54 92
35 141
197 6
187 140
108 77
9 107
129 1
17 7
126 166
69 128
112 19
51 187
160 183
180 11
138 25
88 149
28 1
31 142
111 49
37 180
5 177
147 117
190 160
131 63
145 82
103 21
166 12
45 134
88 132
170 133
6 66
163 115
29 86
64 28
72 192
90 97
98 154
19 12
33 11
39 108
137 31
92 124
62 186
87 199
10 142
12 171
169 133
122 2
107 121
139 191
199 165
183 197
89 11
187 68
27 82
14 161
27 70
104 41
141 144
82 19
200 169
104 62
27 56
82 119
116 149
195 29
24 157
104 39
153 28
180 110
194 171
116 174
16 200
69 29
16 171
183 148
103 158
189 155
115 124
54 94
94 181
108 157
169 85
151 88
160 73
52 121
129 184
87 5
162 187
41 39
156 124
29 126
74 30
60 52
43 139
73 89
24 86
39 72
70 184
102 168
170 189
121 18
11 20
88 192
199 103
97 156
175 121
154 12
198 168
129 122
7 173
15 109
178 45
148 16
63 160
140 126
28 6
163 183
16 1
173 23
174 198
33 195
161 133
64 20
122 130
175 2
96 15
24 80
99 147
94 179
60 73
117 167
183 188
3 178
44 113
53 192
176 81
97 134
118 151
85 137
60 42
136 143
32 54
17 110
56 108
20 18
47 121
143 184
162 62
142 51
83 44
65 138
56 145
200 198
162 76
69 105
188 75
182 90
41 20
99 169
104 95
11 175
189 126
14 124
93 82
89 18
91 155
8 173
181 29
63 57
105 143
153 174
171 173
182 124
198 196
83 123
51 52
170 15
170 197
42 115
143 95
185 154
23 189
176 59
45 11
158 17
150 19
199 54
95 150
10 112
125 34
144 129
38 128
109 147
176 67
106 71
39 93
19 56
192 178
112 158
2 146
111 23
92 116
196 6
6 178
155 78
172 14
66 111
113 184
29 49
92 89
6 21
106 70
154 14
25 173
42 85
148 93
10 105
46 96
150 113
66 193
12 137
104 19
64 169
176 177
174 64
105 142
198 4
12 30
78 80
56 173
58 52
144 97
111 128
171 1
141 131
191 130
147 58
83 114
90 74
91 132
87 139
17 140
35 70
96 18
182 163
189 6
18 163
136 72
105 196
182 199
181 92
65 43
145 156
61 189
163 8
111 30
101 177
138 104
188 94
22 144
121 102
122 59
98 176
108 135
86 199
158 11
1 170
50 90
131 121
109 63
5 104
113 173
18 25
173 193
109 139
168 64
162 88
165 149
161 84
8 193
3 4
88 14
17 167
154 19
198 13
47 70
78 96
161 58
161 136
58 188
71 141
175 39
39 198
65 129
33 51
196 101
96 112
107 80
186 167
165 81
198 15
55 173
51 27
175 10
109 65
122 25
187 65
193 6
83 172
187 21
196 136
14 167
198 1
70 68
47 34
88 10
27 149
35 22
28 195
133 37
84 187
108 166
59 96
15 164
123 172
190 93
55 168
2 152
118 170
98 30
30 85
180 72
199 92
101 175
107 166
197 42
132 117
31 112
53 141
50 46
16 121
66 63
163 129
127 39
151 186
1 159
65 179
182 68
34 184
58 88
1 195
102 120
7 49
166 137
72 196
63 7
107 135
136 17
147 129
172 57
33 23
19 142
62 51
134 106
44 103
192 91
26 16
31 110
175 18
48 174
73 172
74 184
171 178
93 141
82 171
85 194
81 143
196 161
141 70
168 191
5 121
96 147
59 113
174 149
151 120
177 112
174 165
84 113
62 43
112 52
114 77
197 77
172 12
168 84
127 199
65 95
86 8
195 119
45 49
48 38
65 142
194 94
138 22
34 13
119 84
111 84
95 40
118 57
33 124
192 173
62 12
176 147
14 2
178 1
117 185
60 180
63 165
74 199
65 178
167 3
24 31
62 59
51 154
166 165
192 131
97 84
16 7
120 12
168 21
37 104
25 181
115 54
196 46
60 94
56 54
42 105
83 189
138 162
91 57
101 35
168 51
56 186
85 74
79 91
70 67
34 115
151 135
86 54
69 87
183 4
177 11
157 30
9 179
20 33
92 122
128 46
83 128
199 70
195 125
19 183
177 75
120 172
109 45
106 42
194 4
186 81
150 94
191 199
140 36
154 157
46 99
163 169
145 167
157 19
132 191
129 26
144 175
