500 8917
76 191
452 284
150 465
106 29
294 316
96 68
497 173
303 245
393 8
364 36
346 384
311 23
449 419
189 190
214 109
391 291
432 454
276 371
216 393
191 61
253 478
426 36
172 298
202 136
455 35
182 104
77 492
302 21
136 486
476 210
256 306
345 485
325 128
463 37
318 464
387 179
396 498
133 356
339 39
198 74
243 266
251 75
99 237
176 57
192 155
368 193
91 130
348 336
132 64
186 371
408 259
279 132
447 37
242 33
39 62
304 51
416 379
71 264
140 37
314 381
237 344
393 325
303 409
31 364
135 250
382 102
451 31
45 94
459 348
378 305
481 359
457 259
97 228
57 69
262 396
277 459
101 478
358 340
172 322
37 260
234 442
68 58
301 475
184 370
483 362
90 197
467 420
161 263
208 51
493 436
24 90
329 168
473 190
447 56
500 336
154 173
317 32
171 461
475 219
94 239
33 388
140 387
247 54
10 72
101 497
135 248
428 53
12 487
117 480
74 211
45 393
178 54
411 16
460 394
132 482
454 284
369 132
318 206
140 474
184 332
223 357
255 208
313 68
321 98
29 142
486 195
349 247
245 223
116 183
327 315
333 379
321 258
464 212
148 38
211 71
426 25
27 26
17 362
223 103
312 293
499 347
411 80
329 124
480 373
306 191
411 398
393 101
148 483
42 166
4 388
433 176
162 239
210 152
313 44
143 379
308 271
340 437
171 36
378 358
359 254
365 344
99 471
95 74
382 100
249 32
31 358
275 118
303 277
267 201
8 233
30 211
3 253
443 494
477 80
127 480
147 300
33 319
149 480
457 59
219 283
496 334
404 102
155 140
154 410
289 480
159 316
202 470
262 23
258 453
37 148
492 18
332 157
301 223
123 139
101 196
333 206
160 321
312 53
60 402
361 144
299 103
285 142
488 280
488 381
456 469
239 188
177 434
279 195
367 415
124 19
232 195
62 286
7 383
295 31
152 364
384 316
187 347
451 171
391 287
39 155
121 491
91 21
398 464
280 461
470 382
399 159
320 272
260 86
376 222
154 114
483 310
205 445
94 399
475 416
342 500
328 119
53 21
182 144
478 429
163 75
236 230
43 293
141 93
469 107
7 419
184 266
137 322
245 115
6 265
181 299
151 469
269 152
432 390
221 481
434 31
245 287
412 86
106 219
149 75
218 252
299 139
19 398
256 277
41 309
143 180
77 36
239 330
315 101
173 336
111 8
212 253
445 156
22 157
157 360
309 474
97 381
254 303
34 104
290 203
21 301
49 223
113 64
290 388
236 283
181 396
392 451
315 196
26 290
72 237
215 74
32 278
385 36
251 204
481 134
125 318
141 455
262 473
44 185
203 14
331 352
42 109
22 38
8 31
451 183
485 431
197 422
438 451
107 234
31 42
195 142
410 492
482 443
127 410
250 110
210 436
396 368
193 262
479 130
348 115
401 329
41 241
238 319
391 231
479 405
132 142
494 418
347 117
315 371
465 253
64 358
295 418
496 441
170 224
235 209
200 262
431 145
347 320
210 111
76 100
312 259
246 422
197 187
103 70
252 326
176 395
371 389
331 412
131 483
362 332
36 280
428 480
52 226
190 432
113 195
430 287
175 159
267 69
60 124
356 290
18 88
342 254
263 446
185 226
24 189
201 235
186 60
480 69
25 387
411 446
85 84
116 2
91 399
416 132
53 282
200 499
413 301
64 180
164 377
259 124
486 42
110 450
140 204
322 152
291 354
448 442
472 98
197 294
249 201
201 134
3 256
200 350
237 9
320 60
38 348
404 274
151 432
81 87
212 332
411 288
403 61
271 127
138 355
485 416
276 4
345 178
9 191
470 275
426 483
158 145
13 465
227 270
267 128
255 121
222 361
382 124
145 65
404 446
53 236
317 298
253 205
266 174
290 266
201 348
45 245
421 350
25 62
452 17
204 255
31 132
57 193
83 326
208 470
132 284
453 408
292 269
101 450
31 101
101 149
114 135
410 98
323 443
472 82
480 141
210 387
216 127
405 429
459 471
61 481
229 262
218 220
267 92
156 317
435 387
230 98
68 237
349 482
160 42
342 461
131 261
491 52
193 422
51 474
245 399
155 341
405 57
124 127
8 306
485 405
380 70
417 308
254 24
307 8
230 213
127 496
408 314
50 484
391 113
433 488
174 206
185 368
320 69
265 37
214 239
264 335
325 240
344 6
315 105
340 66
433 492
233 160
132 127
356 185
314 319
167 102
468 40
252 459
22 291
255 351
67 289
138 11
256 185
314 353
281 205
182 351
83 349
210 7
225 88
44 280
370 223
158 379
464 61
301 30
12 52
115 195
316 114
201 374
28 169
59 49
154 467
430 267
359 373
426 330
240 203
271 176
301 438
269 379
337 395
181 374
87 355
416 148
426 254
400 492
390 10
356 387
205 157
371 54
3 252
345 405
346 496
20 273
354 83
384 294
406 356
62 493
203 430
269 281
351 131
431 107
25 468
483 138
465 86
254 290
410 71
143 188
358 279
102 222
336 42
190 37
306 390
235 467
121 139
229 139
175 24
464 17
83 277
459 400
54 318
168 24
125 36
210 68
363 296
78 110
210 255
94 101
263 356
282 179
340 429
500 93
179 100
419 404
292 412
235 447
62 38
394 462
93 183
389 340
443 247
463 435
259 99
210 97
44 21
467 87
235 334
421 99
442 209
274 225
275 256
420 280
319 245
25 87
57 311
219 86
189 5
56 366
84 294
30 462
263 114
95 238
475 56
174 403
188 472
172 78
257 279
173 176
364 336
145 490
477 121
202 109
239 484
198 343
322 389
177 59
33 220
79 425
479 241
324 171
471 197
2 249
96 399
48 226
6 37
63 411
156 81
16 180
88 317
418 376
378 246
255 491
284 383
385 119
143 356
225 205
116 316
186 316
419 73
260 226
493 204
48 140
48 353
247 272
370 347
265 102
296 300
55 200
316 480
334 464
411 91
263 99
416 349
489 475
109 66
371 324
339 96
497 263
235 199
86 399
276 476
371 196
96 302
215 376
10 125
171 481
157 484
467 129
185 194
19 433
145 450
211 402
204 334
123 458
98 263
17 447
388 276
47 351
95 172
116 61
198 451
356 338
434 448
236 388
263 184
400 204
173 249
255 426
279 251
463 307
437 48
155 470
448 464
279 7
198 92
438 94
281 475
114 18
426 179
55 140
82 425
289 486
79 100
343 444
314 55
132 126
290 222
258 101
288 478
363 469
426 371
240 264
62 307
355 395
450 296
413 74
11 19
348 302
254 474
471 124
216 328
167 234
416 163
471 139
183 208
292 441
85 66
367 108
87 121
114 278
271 450
408 486
96 453
28 296
331 423
333 439
340 260
215 482
19 334
55 475
170 80
25 64
380 34
67 432
226 212
272 355
357 110
331 302
241 199
248 277
307 37
376 207
212 432
411 160
280 368
316 36
371 188
66 91
399 343
56 483
117 451
121 149
402 355
442 410
274 474
24 104
24 97
366 62
247 425
114 75
127 455
106 398
157 394
405 276
186 247
133 142
131 121
242 115
181 10
300 76
231 302
277 307
243 305
170 329
163 96
308 495
24 339
429 144
269 430
425 339
258 44
91 95
384 319
364 407
189 384
363 310
385 376
331 30
271 432
193 231
176 104
388 71
218 364
115 5
229 175
372 276
183 468
66 143
403 247
186 286
209 238
297 189
461 499
173 369
104 28
17 307
243 107
369 43
352 374
325 316
9 82
347 311
14 429
267 242
26 184
194 48
408 347
355 201
257 93
36 457
492 246
132 244
120 275
464 71
497 5
117 85
333 385
472 449
458 448
455 33
133 55
140 482
34 176
10 77
392 19
355 221
326 178
279 387
484 412
468 365
441 333
396 75
116 36
132 474
389 72
39 240
191 128
211 20
220 75
290 391
21 160
489 87
36 13
392 444
122 260
59 498
218 386
500 78
376 68
336 197
226 197
164 274
305 34
215 452
271 482
21 167
186 359
116 176
89 113
196 152
363 276
76 261
428 20
415 36
480 59
465 17
109 427
486 238
8 353
375 398
335 190
139 178
136 203
303 364
216 390
34 280
387 328
122 480
294 377
329 138
266 132
346 330
222 407
22 83
226 387
425 139
480 46
430 481
34 289
15 132
136 390
157 337
256 394
382 76
330 427
433 157
466 72
233 27
354 437
23 395
414 462
51 20
469 257
23 453
84 198
443 179
34 464
358 25
118 254
477 410
440 140
344 296
23 475
181 368
185 284
185 360
208 312
369 329
86 183
222 418
413 274
65 450
201 309
94 417
109 461
488 418
240 327
168 389
398 403
330 127
164 79
496 231
227 406
254 152
411 73
412 184
105 156
118 444
431 117
225 155
129 96
423 200
241 419
192 125
313 174
219 111
35 137
252 333
369 75
472 257
425 497
91 51
318 104
52 101
198 205
134 353
413 329
406 31
88 425
220 136
183 87
95 288
246 438
38 343
415 22
35 156
93 447
32 126
228 389
241 83
347 337
113 316
412 39
447 386
254 382
443 418
319 473
431 336
428 50
204 111
35 465
87 294
195 452
358 202
228 98
405 156
365 133
446 459
44 441
466 268
432 253
396 346
21 50
308 433
416 476
197 177
477 274
116 483
426 395
286 194
78 173
197 298
461 269
71 222
160 331
325 387
233 427
427 87
112 311
367 20
210 412
296 80
388 466
58 268
170 217
20 185
434 178
136 450
379 459
193 453
55 142
227 215
31 108
486 484
408 237
404 386
109 306
399 335
247 301
141 364
31 180
449 469
372 374
177 41
386 162
164 183
158 439
255 409
156 254
422 427
363 436
315 264
457 110
415 304
101 434
189 172
173 465
491 18
333 481
9 314
173 447
277 173
355 7
9 325
470 280
167 154
166 301
71 327
199 168
463 85
147 269
479 449
347 286
365 199
438 105
433 250
491 266
186 445
469 27
469 361
83 14
203 294
155 182
314 163
40 479
454 49
222 120
182 154
186 162
14 10
410 312
400 341
373 212
257 12
244 417
421 169
406 258
24 367
451 185
30 156
70 499
440 288
150 263
467 351
366 120
338 137
431 120
387 324
272 243
48 73
428 406
373 53
443 455
263 367
144 302
419 148
454 137
457 304
112 453
495 317
209 290
118 246
215 325
324 32
248 356
290 401
407 487
155 301
161 294
444 460
116 16
266 409
261 171
409 24
226 414
284 408
198 287
287 256
5 101
307 486
78 124
394 422
249 453
16 398
441 280
350 175
463 95
374 137
212 333
410 54
251 405
129 304
292 227
384 391
475 367
340 101
485 11
333 142
168 348
181 342
377 124
269 238
270 258
60 443
78 306
141 53
102 277
240 369
355 393
65 479
230 76
83 362
265 411
89 215
66 228
192 448
2 337
384 41
42 193
26 494
266 433
188 440
415 335
365 393
44 262
160 182
500 293
444 285
108 10
45 122
216 225
183 326
280 99
498 358
333 207
274 63
261 451
56 408
7 346
395 242
389 285
336 440
182 186
429 393
332 461
219 446
462 482
196 22
117 362
156 292
405 120
209 65
428 128
311 64
494 43
351 471
326 95
132 325
394 246
81 43
74 291
126 257
82 136
351 373
413 226
237 111
35 298
327 217
428 219
122 34
58 237
152 414
101 191
334 390
337 59
164 71
24 176
215 257
295 231
155 154
144 91
11 144
63 183
497 21
254 239
407 388
469 418
319 240
130 212
127 30
270 385
401 463
448 243
7 479
245 70
417 266
208 406
4 410
310 184
267 196
167 120
72 469
374 246
137 14
56 410
106 171
307 244
291 93
275 371
152 5
476 129
446 420
371 218
332 317
42 195
296 69
200 148
209 463
390 176
158 208
301 56
500 179
238 379
300 397
418 391
498 179
94 358
229 354
57 42
398 437
101 492
191 241
340 493
126 286
90 101
361 226
256 329
159 421
482 234
302 260
108 49
74 77
433 30
298 330
88 463
191 419
310 154
377 172
346 436
353 125
7 75
78 102
355 58
441 262
316 248
173 15
446 126
493 495
190 58
219 4
148 477
78 230
297 325
276 393
374 365
281 474
166 329
126 11
26 11
242 385
390 87
303 185
362 281
302 303
387 234
289 347
305 15
257 82
270 415
186 231
260 172
123 436
438 65
390 253
223 88
263 58
173 281
406 39
434 308
329 87
340 14
488 242
301 458
85 120
236 485
368 155
406 226
218 89
62 326
249 55
214 215
19 190
119 37
320 238
370 212
30 88
172 350
53 92
477 344
303 375
475 355
17 43
362 344
37 62
36 229
277 188
269 467
205 101
258 204
100 70
446 283
203 233
408 138
313 449
16 208
188 225
32 33
356 323
233 222
365 324
117 95
136 429
396 442
158 393
7 289
428 271
17 273
345 328
76 193
459 188
186 142
150 18
284 160
242 375
172 13
352 490
118 328
338 429
227 122
11 106
319 326
127 213
444 317
44 406
396 51
125 167
435 286
290 279
459 427
161 460
193 75
480 78
184 68
186 120
278 435
403 44
395 104
350 191
118 135
176 207
476 64
303 91
414 175
296 468
164 166
180 420
178 334
354 169
106 74
182 419
107 328
188 454
253 186
112 248
369 92
418 441
460 128
350 460
348 407
64 280
64 262
312 316
321 494
85 127
374 31
269 433
146 171
298 80
322 443
290 353
221 186
293 427
272 329
272 314
237 264
119 126
471 360
219 405
71 197
126 417
47 238
33 417
62 425
228 375
448 131
53 158
101 451
36 270
407 65
435 343
260 487
477 275
176 330
298 453
3 193
415 122
218 135
438 377
115 372
199 82
82 482
360 276
37 45
205 99
360 455
279 100
406 418
202 390
471 232
391 143
227 398
117 316
86 132
209 344
170 135
281 90
219 173
7 15
116 185
494 210
80 263
225 37
114 305
120 203
405 115
125 126
151 399
229 80
165 87
109 418
329 118
419 18
260 139
464 471
147 64
453 26
54 155
413 173
462 428
471 283
355 217
456 196
44 414
164 308
31 206
253 93
122 302
168 288
238 307
61 379
73 403
70 22
403 297
225 170
41 192
177 377
472 120
436 487
5 453
484 417
126 384
187 87
127 36
147 223
257 412
491 396
393 490
318 43
383 435
214 60
285 244
420 325
424 239
199 276
308 316
234 194
460 82
489 334
185 108
289 311
117 132
179 9
373 253
32 419
17 490
438 262
15 367
221 86
479 45
10 220
403 464
218 157
318 131
201 324
263 429
160 304
96 311
56 80
258 251
284 335
421 327
157 29
76 348
262 69
53 289
182 3
230 58
69 174
260 313
73 166
240 101
354 109
77 335
439 279
374 25
471 368
457 101
7 154
8 160
478 11
222 449
432 431
392 478
315 142
75 237
325 29
266 70
165 337
385 456
416 121
348 328
27 346
287 11
200 284
200 286
34 174
199 309
47 26
465 42
34 481
314 412
407 478
226 83
414 161
370 44
336 189
174 11
125 495
382 10
191 379
413 114
294 409
244 260
7 322
246 303
299 470
242 351
92 358
467 364
378 143
105 170
386 442
253 319
344 478
268 43
205 307
433 329
263 28
35 115
444 131
229 470
368 272
453 227
335 359
245 447
44 225
351 335
292 499
470 492
468 221
333 67
172 24
346 374
99 103
90 383
358 172
146 263
311 475
377 437
382 307
483 164
51 407
253 58
447 178
53 377
83 498
371 88
408 410
241 303
382 52
263 68
399 124
433 267
252 266
132 135
35 220
7 269
373 266
130 424
341 128
251 273
315 320
61 417
459 246
146 275
492 150
313 194
361 214
3 382
365 493
234 227
270 284
118 207
95 429
122 107
122 12
269 78
437 275
450 186
461 137
76 119
437 106
432 45
452 239
122 16
5 216
111 59
108 319
418 151
499 464
14 289
234 148
158 375
215 49
39 480
324 305
68 91
53 189
231 373
341 243
244 361
266 413
428 157
110 222
420 479
63 122
160 144
53 52
3 181
265 49
408 440
3 134
169 326
454 61
220 88
27 490
142 9
292 4
432 478
197 442
463 385
397 141
444 385
475 71
414 293
371 224
486 413
461 28
334 263
41 17
103 354
475 472
420 267
465 493
465 351
115 213
442 295
480 396
234 421
497 422
267 75
19 238
390 154
443 293
421 48
68 303
462 464
47 225
282 388
148 56
299 48
444 339
322 30
483 70
210 257
490 34
122 282
154 267
335 213
412 425
359 306
85 29
154 400
6 483
283 62
419 76
31 363
285 469
464 478
138 252
111 313
174 131
212 65
314 137
254 383
154 263
300 270
9 92
24 232
80 396
465 331
359 162
479 471
237 6
183 251
91 266
399 244
362 32
429 456
318 215
349 112
224 39
426 20
32 92
136 61
223 40
160 424
270 230
243 423
369 304
354 308
461 299
432 426
380 2
79 163
44 247
113 229
360 150
194 408
220 19
221 295
445 335
155 117
105 253
139 457
202 285
324 497
218 247
11 487
225 390
29 267
390 494
249 251
426 47
281 40
328 396
154 450
383 36
462 270
141 298
426 10
396 32
380 235
406 112
131 177
453 265
226 386
183 225
242 417
69 346
277 320
436 68
168 315
67 196
259 18
427 290
10 189
319 45
142 397
327 108
414 404
119 368
98 20
357 324
295 149
368 100
179 175
477 262
41 399
315 285
44 179
342 305
142 418
70 149
427 138
161 112
96 62
5 86
369 96
385 96
422 209
240 251
411 246
470 206
200 233
190 86
34 45
212 178
161 28
330 274
425 349
170 240
180 72
306 371
321 60
400 127
364 99
177 192
310 188
107 100
140 165
226 445
270 304
325 327
427 261
265 9
138 301
473 462
242 154
106 191
374 384
372 85
195 285
394 497
186 203
390 227
465 23
201 72
302 159
144 276
55 201
102 364
316 357
304 72
147 478
117 281
259 158
150 485
20 366
376 95
48 309
462 412
451 326
345 54
131 141
127 183
260 308
278 407
495 61
368 140
264 49
208 280
262 479
136 269
444 105
225 472
283 122
229 9
489 222
306 92
467 332
445 17
220 335
180 270
490 237
83 180
475 41
357 42
47 268
81 403
152 88
199 145
140 14
428 500
499 190
198 484
190 145
217 181
108 289
423 416
92 451
360 131
179 55
31 230
327 24
316 307
173 236
380 95
102 242
170 130
323 238
222 219
397 232
368 495
108 260
173 395
111 455
296 181
352 281
16 355
148 9
280 301
228 238
216 167
24 54
437 252
413 56
323 438
182 414
16 461
127 377
97 191
38 332
300 359
208 396
89 61
261 465
397 266
201 401
426 487
415 216
446 186
392 106
6 248
261 281
197 95
410 172
85 328
234 63
240 365
145 239
271 422
177 277
353 385
251 396
194 434
153 489
19 164
96 343
358 414
369 25
23 176
83 263
193 116
277 7
378 300
103 232
450 57
148 66
128 450
439 128
21 265
451 16
75 210
49 360
244 168
259 159
468 101
75 495
328 281
199 434
488 400
447 500
287 164
203 112
153 85
500 275
407 191
127 113
3 336
104 465
135 138
117 220
235 105
122 121
437 408
425 152
390 468
93 452
180 267
294 230
87 378
183 178
39 286
181 387
259 287
129 104
336 206
465 336
406 117
259 215
13 331
285 181
117 274
17 240
158 174
208 53
117 146
408 139
451 53
312 193
337 232
147 212
467 201
167 287
58 167
145 468
320 447
280 464
54 399
91 25
69 473
39 158
493 454
417 85
460 473
462 391
55 495
177 436
240 104
205 93
482 28
13 160
377 251
479 412
245 182
224 353
268 478
269 155
288 467
165 94
36 341
136 207
160 209
16 69
343 325
318 385
370 359
237 350
253 407
232 296
358 24
287 408
35 352
186 489
275 215
337 83
339 221
469 272
277 381
42 58
265 370
252 291
23 53
119 120
354 373
220 327
96 340
428 114
296 402
153 115
409 357
350 425
445 361
165 320
246 313
205 111
222 336
353 331
438 216
294 156
457 32
287 116
214 264
297 397
323 299
472 232
414 409
394 375
176 13
285 248
323 139
155 287
41 116
25 134
370 450
178 73
400 238
276 261
207 82
190 121
370 451
307 120
423 446
207 485
322 163
366 342
479 201
175 127
136 400
115 186
104 225
81 162
36 140
481 15
494 116
186 432
384 360
87 152
222 313
145 253
223 378
246 278
497 63
17 120
434 81
79 439
318 18
403 369
488 185
10 266
208 118
166 132
174 188
213 447
440 184
58 56
110 452
40 186
119 32
90 312
1 274
70 359
273 75
226 206
21 375
244 89
492 346
99 58
495 390
152 251
468 36
340 223
432 224
4 53
419 255
457 249
460 409
135 2
296 77
368 241
491 294
341 94
317 284
455 245
253 163
435 391
285 256
41 277
302 110
61 279
153 499
109 138
424 217
5 68
101 342
282 327
95 25
28 465
477 449
472 122
175 211
13 479
83 356
146 405
259 327
84 375
353 330
150 146
358 247
14 380
500 12
473 461
2 393
355 88
303 459
391 180
55 243
339 119
49 210
102 101
474 409
94 437
346 38
410 43
71 188
494 247
48 397
484 131
249 222
96 46
167 279
57 19
192 328
176 499
260 374
399 258
28 387
287 78
461 37
141 99
433 23
164 75
163 68
106 155
105 374
450 466
236 151
317 282
187 447
450 396
95 132
488 291
227 75
212 309
367 437
388 82
156 472
231 278
224 155
454 237
30 460
139 153
405 381
217 248
6 162
326 212
280 334
353 164
110 425
191 373
16 175
304 203
125 83
459 300
426 497
212 156
368 32
206 388
351 21
123 278
347 424
82 172
167 372
327 174
50 232
186 117
324 277
116 351
303 356
234 74
288 435
178 123
470 212
159 499
91 367
150 402
394 122
177 149
56 49
213 293
57 427
54 315
27 343
292 332
498 341
249 160
312 482
343 356
357 184
437 103
455 24
100 171
457 216
497 216
216 231
79 314
239 245
490 261
2 178
497 399
387 437
202 28
362 389
212 417
42 448
120 48
96 376
475 391
213 338
476 425
456 98
452 496
236 30
195 28
113 57
151 137
99 470
306 224
394 57
373 297
326 303
439 188
487 143
475 103
364 268
62 348
274 454
81 140
248 494
457 267
386 335
3 90
48 326
27 447
416 381
87 490
325 278
104 229
441 184
356 128
45 324
489 411
268 57
130 318
347 341
455 78
457 335
267 471
292 152
380 286
404 286
65 421
361 154
97 257
106 403
426 455
383 457
415 390
279 178
6 323
35 438
92 236
5 375
97 401
272 157
476 331
340 64
351 190
482 146
325 170
473 481
268 448
474 5
436 459
492 87
181 415
7 498
450 99
305 29
344 283
337 219
37 489
5 107
32 39
65 448
468 131
290 127
94 338
34 123
111 359
432 450
14 287
472 205
1 486
70 178
168 211
360 209
24 296
346 197
33 304
197 322
214 82
23 223
129 256
360 366
309 167
21 183
11 208
53 295
227 54
230 120
31 112
477 191
153 27
380 313
468 492
345 335
327 97
108 423
397 345
102 488
205 19
408 326
51 383
448 203
199 331
157 330
272 148
250 64
338 111
244 157
332 35
335 367
177 21
371 140
42 71
100 473
396 65
480 67
402 480
150 220
250 421
26 252
206 242
63 252
500 299
325 342
420 127
241 120
234 51
87 170
484 247
485 180
147 426
394 139
129 80
180 39
287 20
320 435
62 237
262 384
204 79
72 215
407 381
467 416
357 457
288 344
260 148
342 317
440 312
493 164
364 249
245 109
12 208
386 315
342 160
483 497
471 261
360 364
348 156
382 123
399 239
374 441
132 319
53 160
203 77
251 321
217 182
418 472
448 320
498 478
299 432
272 221
11 265
115 48
157 19
283 234
489 412
399 369
73 195
43 469
349 452
218 192
290 441
248 33
133 153
265 482
327 464
303 74
40 253
100 227
178 320
204 35
429 449
159 386
314 106
389 262
106 473
254 403
321 56
489 156
389 43
169 132
469 329
192 351
4 198
237 121
58 242
297 170
45 178
428 75
434 440
123 148
67 473
324 332
354 270
422 265
418 381
366 220
15 181
238 450
428 86
415 412
437 500
64 85
126 82
49 113
1 164
320 468
177 500
61 44
95 432
7 291
201 288
337 202
389 275
446 59
62 395
119 356
256 30
56 255
482 383
196 112
233 242
326 493
265 80
314 152
293 209
266 199
105 173
173 273
445 270
133 500
207 493
113 135
126 122
218 258
265 146
32 161
398 324
331 29
84 5
459 109
378 301
47 126
131 266
79 59
160 78
116 60
376 122
393 57
218 493
220 170
210 378
259 8
483 448
438 389
490 327
402 173
112 491
246 420
324 442
389 481
196 241
321 408
415 221
306 119
495 472
351 244
2 127
168 63
19 52
215 3
52 327
372 432
385 305
138 257
106 42
165 382
173 294
231 440
454 283
315 287
419 379
258 161
382 331
29 387
207 109
294 105
426 92
498 5
268 176
2 456
265 386
476 317
465 368
197 150
5 172
487 289
431 385
204 313
344 419
482 466
182 51
485 420
122 161
53 448
204 317
433 451
273 455
135 355
321 359
49 274
190 166
381 290
45 355
346 110
261 396
284 254
321 85
341 26
297 180
498 404
168 236
450 254
365 131
366 472
415 183
369 156
385 396
47 355
87 399
410 104
366 241
482 183
371 154
474 178
420 284
206 118
322 90
45 420
254 335
485 24
28 338
243 172
169 184
357 280
131 328
238 461
23 334
289 244
291 48
145 15
11 242
130 349
251 498
119 493
158 230
123 5
441 265
408 255
496 115
252 446
38 232
419 471
77 66
133 348
287 361
303 457
352 314
460 208
419 170
354 383
343 54
144 258
441 248
426 248
350 204
303 148
400 75
14 188
345 494
366 263
398 292
443 301
10 169
208 367
346 120
133 194
450 368
427 11
234 123
63 319
246 135
325 428
171 494
356 326
339 107
483 72
67 14
468 452
301 468
481 17
247 40
234 429
309 479
42 462
41 455
170 259
36 413
382 171
390 315
276 195
282 315
452 227
341 373
407 356
112 91
136 251
196 139
25 440
71 89
69 305
444 63
101 363
51 211
483 126
378 249
83 198
434 475
201 130
135 347
107 76
39 47
198 275
145 256
483 484
87 143
412 185
240 157
17 83
431 406
288 321
348 463
355 157
104 450
215 303
233 319
61 47
97 208
92 172
185 172
393 327
407 148
73 371
327 483
247 52
287 114
459 128
112 330
485 391
325 158
473 19
385 409
54 165
54 187
99 94
445 143
124 378
109 115
434 141
385 379
142 329
340 359
127 18
315 241
19 150
16 443
172 351
189 136
98 225
122 263
478 296
67 410
86 490
248 466
266 9
302 227
89 363
117 177
156 241
211 398
369 292
391 217
276 398
76 234
70 392
105 199
394 335
385 62
92 123
288 167
386 246
226 255
303 50
69 398
243 217
414 342
120 140
439 244
14 419
201 463
16 400
474 109
259 358
333 22
124 458
268 262
258 173
3 161
75 119
252 405
403 236
225 77
369 473
235 19
27 104
209 27
108 298
423 301
438 493
188 299
237 27
189 467
379 121
151 304
213 56
492 140
419 461
146 3
21 450
275 490
268 84
111 363
388 478
55 18
483 143
284 485
418 304
361 126
409 97
182 254
484 382
318 136
15 355
492 203
499 311
197 219
348 39
87 36
309 228
126 464
166 101
354 146
178 303
84 61
321 382
297 25
150 267
387 153
14 213
411 301
396 27
218 18
33 73
177 90
400 478
369 382
52 137
343 237
133 25
400 382
326 163
284 104
401 243
18 195
291 120
96 462
297 3
493 440
316 194
34 146
393 404
223 70
347 25
289 392
481 425
429 331
287 272
251 10
150 426
467 83
464 262
472 124
28 209
448 50
115 133
474 322
385 455
6 371
60 253
252 458
271 208
360 404
421 401
299 148
428 197
115 214
228 472
327 316
42 169
83 376
217 1
134 88
121 434
446 248
390 149
479 467
357 20
201 108
301 220
490 148
271 144
430 387
166 405
402 190
441 286
199 67
454 158
282 369
41 176
239 78
414 47
262 469
397 256
290 379
300 286
92 27
250 489
334 477
453 98
73 283
24 416
226 473
391 4
478 331
50 166
495 331
370 262
220 458
133 158
475 260
283 302
76 21
272 496
434 107
408 466
304 153
51 257
58 487
241 130
296 99
220 114
473 173
232 171
418 268
302 217
30 402
128 423
379 224
320 47
221 400
436 272
214 404
484 406
230 60
122 460
485 244
235 173
440 161
291 326
160 108
460 76
68 471
274 311
28 73
399 187
110 231
250 443
119 151
329 43
38 303
354 232
457 425
474 10
156 84
338 339
185 416
418 145
83 266
127 485
456 428
243 369
369 86
240 472
27 275
22 452
451 402
58 335
149 373
105 489
124 66
98 104
183 278
472 174
429 51
75 420
122 195
368 197
167 196
241 301
36 176
224 313
462 247
179 135
486 363
65 320
167 413
312 424
404 11
107 198
64 428
6 345
145 491
156 157
400 222
378 160
352 325
24 264
398 452
170 154
76 303
187 90
47 424
143 50
302 13
322 426
187 112
426 418
59 281
429 497
326 30
386 19
426 323
495 118
483 115
311 208
116 408
428 12
420 134
415 222
219 259
158 492
117 485
102 76
446 90
149 304
498 372
15 128
379 409
81 204
409 345
223 111
358 144
3 89
156 264
474 445
431 244
374 339
4 337
429 470
301 403
355 3
258 168
490 398
443 253
410 478
90 6
477 348
422 16
41 266
391 325
318 377
141 227
176 397
266 485
15 100
211 190
432 319
36 65
273 188
490 119
56 434
441 134
41 260
361 203
46 178
249 148
72 423
183 432
5 291
206 11
490 81
34 300
296 299
176 500
292 459
130 126
379 446
254 178
196 115
164 85
365 107
393 294
82 291
272 395
304 402
96 184
401 64
493 196
408 167
157 417
86 396
337 15
415 4
147 395
134 217
29 195
449 381
105 383
65 164
361 393
457 461
381 169
148 413
226 280
56 251
167 322
51 21
44 120
418 195
41 416
440 20
131 15
37 68
367 325
9 216
443 390
187 415
288 60
493 117
43 375
23 497
296 81
111 236
347 231
138 432
96 38
152 183
177 343
354 248
450 448
403 419
29 353
183 319
192 207
76 333
139 202
408 318
388 354
265 236
422 315
174 208
312 125
173 264
401 459
415 451
404 3
99 356
198 91
399 388
332 375
477 140
175 401
211 132
272 22
402 321
497 55
407 47
270 102
449 97
158 11
381 349
78 255
404 5
445 466
232 314
205 132
385 244
194 489
371 151
5 362
257 124
10 455
115 100
490 105
351 454
129 40
455 466
315 334
423 385
435 228
442 431
427 107
38 374
85 436
481 273
68 81
314 426
474 249
43 467
136 42
326 69
424 338
392 450
241 1
384 188
71 437
76 355
186 26
82 487
291 357
81 494
384 421
62 280
253 440
169 3
95 452
500 193
186 275
472 255
197 91
137 228
85 20
18 469
170 317
255 381
252 141
304 193
328 63
401 239
483 235
200 271
393 377
53 264
441 474
470 235
356 480
339 7
13 171
30 184
347 146
25 275
287 322
389 19
391 353
461 379
437 458
257 54
51 13
226 262
51 361
152 94
327 495
63 40
380 336
185 417
153 426
137 478
140 444
395 240
21 82
397 247
49 355
276 170
459 447
384 467
427 128
225 266
303 3
145 326
324 378
90 238
452 274
184 312
394 399
442 310
378 133
458 473
302 102
219 347
110 32
121 219
265 496
192 430
202 38
242 455
23 7
49 322
400 500
184 442
317 498
35 245
316 86
121 357
438 405
225 246
271 83
214 325
169 79
131 215
132 294
491 393
103 413
254 378
160 41
346 165
461 132
129 368
374 111
65 120
241 73
360 487
96 108
155 384
138 440
84 485
92 135
294 108
152 357
353 366
424 401
490 452
16 300
245 453
260 154
306 259
141 432
139 383
186 424
453 319
315 187
479 446
74 259
441 264
245 234
436 129
244 389
292 124
289 72
145 2
374 86
325 449
112 411
205 403
302 264
188 361
465 460
240 212
459 179
461 175
452 485
144 216
35 398
287 204
108 465
269 191
277 203
19 285
93 424
326 120
337 340
35 130
191 342
458 466
105 195
403 217
368 184
90 292
465 270
422 44
271 368
132 202
175 362
246 395
347 293
49 497
1 358
18 149
444 434
117 271
475 500
332 458
177 147
93 258
96 310
451 224
52 345
183 88
55 324
418 344
438 313
483 418
26 428
191 64
14 73
300 482
363 418
408 199
359 395
351 4
112 303
285 137
384 479
62 281
13 356
359 40
484 99
254 390
410 407
243 327
184 124
199 277
20 134
325 455
309 95
438 273
248 266
334 169
357 222
155 394
339 320
436 280
441 102
228 8
211 393
376 430
306 472
374 77
389 380
39 165
162 292
285 383
226 235
182 479
128 257
184 22
437 172
78 354
405 430
268 54
69 36
83 119
181 257
366 401
487 249
462 11
224 368
467 293
349 466
366 400
95 372
92 219
63 371
225 461
408 370
497 491
275 230
76 114
105 99
56 269
314 179
471 455
155 402
238 235
86 294
467 67
264 111
286 29
179 244
124 370
68 196
394 166
23 16
352 464
380 125
355 357
362 125
11 6
166 81
446 333
171 328
30 373
160 365
158 197
486 204
303 86
303 145
154 451
1 102
347 313
82 236
359 266
210 118
61 296
200 186
326 485
39 153
492 220
471 147
81 52
179 284
251 421
177 116
283 35
319 246
423 267
441 37
483 239
433 416
101 226
220 415
473 311
82 413
247 220
81 40
207 62
257 249
185 472
342 404
164 199
380 212
359 496
61 463
17 38
289 62
288 253
204 370
357 292
425 475
55 370
165 139
436 155
412 170
350 456
299 143
163 154
360 243
319 460
428 32
321 23
110 416
170 315
64 259
209 207
304 146
480 33
33 195
417 393
80 44
418 456
127 201
121 15
425 342
118 200
478 139
286 492
90 118
497 192
302 263
79 206
34 336
89 497
366 42
178 233
437 168
417 120
400 429
111 431
448 495
208 433
335 177
381 427
487 210
182 274
413 268
315 500
79 427
29 243
338 364
500 312
166 219
251 232
286 308
43 228
210 180
307 75
421 451
311 389
356 25
452 129
289 154
258 91
359 461
430 270
95 262
78 466
116 191
24 412
193 315
63 132
250 20
254 398
206 417
88 500
39 458
227 114
321 298
275 357
279 1
403 424
326 175
177 136
163 368
299 487
436 300
8 247
270 384
286 172
349 256
21 408
261 439
186 296
336 78
390 62
357 38
431 193
434 459
382 248
361 391
221 322
421 131
381 347
228 462
231 298
261 186
420 423
368 473
495 11
56 288
304 294
347 111
89 299
396 395
162 126
276 295
381 284
426 185
365 47
319 235
385 127
139 404
180 493
93 15
244 282
229 319
497 406
225 74
107 338
377 284
41 163
490 337
303 335
75 224
430 130
205 11
103 465
319 346
432 100
480 73
477 496
436 12
47 203
404 29
216 62
238 353
400 444
19 102
397 234
236 110
217 106
228 216
316 105
169 103
376 408
48 322
144 289
422 458
319 227
191 483
220 12
216 339
342 460
331 339
497 348
251 30
300 185
401 198
122 206
475 43
152 176
269 222
111 40
61 98
412 358
61 350
371 385
51 8
279 28
324 239
7 82
15 231
75 498
245 178
324 336
385 99
431 279
124 454
7 384
34 68
203 478
227 143
91 484
459 96
200 131
216 45
322 69
147 245
253 436
254 63
244 428
411 290
345 118
416 190
229 298
462 459
161 489
40 219
162 356
327 20
175 282
297 204
406 328
434 419
383 223
130 62
71 150
55 399
40 241
187 176
187 426
192 336
128 106
484 46
278 249
332 435
132 22
310 260
394 386
217 412
175 344
21 108
335 23
4 170
92 80
299 233
67 202
395 424
166 346
292 241
290 113
136 28
96 48
336 449
406 123
159 428
56 189
310 194
123 478
137 302
498 378
444 396
123 68
54 490
193 49
467 134
463 223
154 298
380 419
446 250
492 65
138 166
313 387
413 139
10 188
259 474
360 220
246 307
270 222
28 102
100 467
160 372
96 11
196 219
121 44
318 367
415 399
217 35
89 404
499 282
86 407
417 328
284 463
353 406
456 189
130 178
471 411
78 129
270 494
258 374
61 410
308 188
415 361
290 468
498 492
262 55
148 89
202 24
74 165
334 54
85 116
499 60
197 382
329 150
432 396
497 284
162 242
208 235
421 47
423 480
261 52
392 27
82 109
36 293
300 361
9 486
95 402
242 362
265 390
442 139
211 324
281 110
178 79
49 185
371 2
189 320
311 266
460 220
292 426
292 232
9 352
373 419
84 372
424 200
172 462
357 423
17 333
244 396
236 398
310 100
10 362
459 38
87 306
268 484
48 118
231 476
106 110
67 17
479 500
306 355
295 150
389 192
113 322
307 308
191 404
382 119
130 195
428 245
176 180
355 70
104 64
104 314
108 149
17 2
387 394
486 381
379 370
220 480
411 394
231 46
467 477
389 317
479 24
393 174
182 266
329 76
411 128
206 345
34 39
450 220
407 102
483 409
265 126
437 210
215 331
391 133
365 239
162 96
315 166
9 169
455 117
405 404
406 149
489 391
250 133
327 364
453 335
71 377
97 178
144 371
294 185
409 417
497 397
93 324
6 363
178 305
353 200
310 161
43 203
169 366
1 256
353 87
318 152
11 85
469 63
475 18
317 132
77 88
99 189
238 322
446 9
276 256
50 82
68 148
243 67
234 444
254 322
380 456
97 281
168 465
220 240
242 204
174 17
92 390
222 78
364 55
430 52
18 159
250 104
429 423
467 340
78 138
85 115
43 343
52 295
52 456
144 420
467 497
348 326
315 227
372 307
169 159
100 143
231 444
361 298
155 174
27 13
51 413
406 26
50 449
258 309
222 280
432 6
496 367
203 400
119 214
108 490
361 266
111 136
284 41
26 102
244 376
344 82
97 70
320 359
175 289
494 447
194 416
326 333
111 476
303 90
296 469
341 51
87 421
112 201
275 174
60 39
226 341
269 206
58 341
252 94
349 340
153 14
173 467
257 401
57 174
427 310
23 357
101 73
181 207
59 346
80 164
377 297
219 268
474 388
452 90
167 221
119 40
156 273
90 323
239 469
183 55
426 316
438 31
277 472
348 93
34 274
302 439
248 413
59 245
444 69
156 251
21 467
77 406
103 288
159 410
54 301
179 90
388 441
60 480
194 372
230 447
70 224
329 377
304 235
195 374
282 89
14 292
109 73
480 255
252 344
62 267
355 411
378 326
385 138
205 406
155 291
73 88
410 461
199 336
265 279
371 305
311 305
24 451
338 490
410 386
115 452
465 447
217 467
297 62
398 231
293 465
368 34
44 1
272 483
323 410
190 411
287 312
267 278
445 279
166 367
124 207
154 500
456 76
448 277
463 134
498 250
159 405
227 295
95 106
246 336
437 492
232 480
146 220
479 244
90 195
422 300
344 81
321 217
445 389
490 56
43 224
32 347
318 370
463 274
453 43
335 231
236 456
487 125
439 447
298 148
218 59
242 399
340 240
138 280
190 72
40 315
120 384
39 327
139 258
30 293
197 113
356 472
444 12
214 258
357 246
473 60
255 447
177 30
276 399
33 273
20 184
98 36
365 68
44 435
164 47
191 63
70 229
144 346
222 245
495 473
396 408
330 289
178 450
150 270
430 311
327 487
462 208
70 287
253 61
304 381
103 118
141 172
270 159
254 158
222 210
93 463
360 443
176 407
22 482
460 188
343 306
189 59
382 338
71 62
147 337
323 225
353 121
232 30
378 288
120 376
45 450
462 273
261 1
32 406
282 291
219 460
436 348
75 373
196 407
189 432
368 317
489 111
346 185
305 270
487 160
198 101
315 400
148 311
405 250
220 317
154 369
177 8
262 443
293 20
135 402
132 470
463 21
349 101
384 356
213 22
431 361
236 4
166 288
338 314
247 181
8 315
27 207
427 475
346 132
163 97
228 371
260 290
353 209
183 15
373 263
308 400
263 77
289 13
420 428
235 404
177 478
265 99
244 139
370 143
202 347
316 223
131 286
28 239
58 479
56 484
62 374
13 376
296 267
30 489
331 177
484 221
423 264
291 29
471 275
16 159
229 15
112 289
317 490
469 1
70 39
3 32
261 59
86 215
364 108
224 363
492 205
442 314
387 82
470 360
91 185
5 334
406 267
177 313
363 453
465 199
479 435
164 426
17 36
190 357
430 78
400 328
113 463
420 331
37 313
305 487
260 484
15 25
326 441
156 12
15 320
277 194
105 181
383 26
304 362
137 276
267 3
388 50
422 282
287 413
328 207
230 82
176 99
289 358
436 488
118 211
43 286
333 95
477 74
24 188
336 344
108 353
452 177
380 151
476 404
334 87
365 440
16 351
371 226
496 92
239 175
4 67
350 145
97 261
130 296
311 51
151 60
168 445
342 183
149 83
447 290
116 20
104 468
500 404
301 293
351 282
292 322
178 288
385 489
127 329
329 281
135 171
301 200
484 448
304 484
152 106
24 405
244 466
186 421
12 44
480 291
160 465
87 39
376 388
130 139
309 264
219 16
292 28
362 391
390 116
365 15
59 422
209 286
419 381
326 103
325 118
208 155
208 366
258 83
304 252
313 417
126 185
309 384
371 291
38 422
500 34
386 264
240 274
141 471
131 262
61 70
385 384
309 428
69 343
390 177
131 476
9 452
165 292
405 195
438 420
63 36
46 476
434 91
116 353
89 440
191 395
326 419
361 255
189 46
35 181
70 42
428 176
167 249
197 60
311 39
456 288
152 123
97 142
93 467
153 54
43 272
84 51
452 303
379 303
300 204
56 103
264 308
355 6
94 185
430 34
319 147
287 359
53 42
130 231
84 245
62 302
56 266
183 34
331 117
448 401
184 44
10 184
309 133
354 198
448 306
101 438
270 311
319 394
18 456
495 262
398 420
199 357
216 40
157 396
79 289
92 331
235 496
386 127
469 298
344 202
457 446
189 470
473 475
253 246
303 226
219 150
137 232
427 398
380 401
230 278
368 381
209 262
371 387
332 67
404 165
374 340
9 183
178 164
361 136
253 333
375 168
61 29
468 378
379 431
480 374
89 46
196 443
253 394
385 330
328 208
470 444
347 314
144 78
357 262
295 44
202 363
125 261
346 24
268 336
69 149
159 131
51 68
89 6
371 269
10 94
157 106
3 329
299 87
94 64
393 126
484 248
422 161
371 18
121 57
138 478
480 88
114 169
69 403
447 274
250 240
64 138
284 359
290 467
133 480
457 233
284 156
299 476
419 378
216 431
228 52
140 238
131 181
212 325
415 251
266 444
1 282
432 494
216 301
322 486
421 105
98 496
98 386
10 96
338 278
327 233
397 163
32 1
285 238
89 10
412 96
201 154
460 48
358 418
352 266
234 332
266 64
202 463
185 25
173 3
27 484
272 42
244 91
446 378
150 429
321 250
431 169
124 13
216 174
265 74
275 232
388 362
413 202
474 473
216 141
285 434
29 263
14 180
159 228
267 341
116 265
262 118
443 83
312 232
292 435
385 403
198 122
66 247
204 122
349 335
83 64
110 13
222 5
223 52
388 265
468 458
53 498
161 439
276 102
114 244
162 99
327 173
193 451
195 181
224 314
334 286
463 400
212 162
113 395
481 206
286 434
420 457
367 137
452 78
211 249
244 210
99 459
120 154
96 249
122 154
281 54
136 193
446 421
318 453
402 247
129 203
97 253
84 388
396 338
466 14
458 465
306 419
391 279
179 363
59 175
338 226
283 482
155 366
486 379
59 432
48 357
171 214
311 334
158 185
156 378
76 245
417 399
235 399
150 129
46 269
359 353
253 88
361 430
365 480
316 301
245 197
29 193
210 70
343 361
131 173
359 472
498 153
366 40
294 40
231 332
139 345
345 261
165 363
490 23
70 402
433 163
364 197
291 379
274 385
43 2
221 149
78 261
452 85
492 132
56 292
270 371
55 56
283 362
183 163
157 320
175 397
233 480
287 265
239 88
346 99
168 187
439 444
81 71
166 57
37 353
180 308
75 334
166 334
145 14
212 123
301 258
247 357
76 73
370 70
262 481
412 428
253 386
219 280
259 438
330 120
329 347
291 461
199 391
497 500
86 119
63 152
311 342
344 146
196 96
375 217
487 115
473 97
408 166
497 209
489 238
306 202
348 59
280 22
279 97
290 430
411 447
142 119
141 442
393 358
129 160
411 107
361 31
99 70
267 104
103 64
459 226
208 27
249 42
281 408
102 373
453 120
263 27
447 184
417 355
10 241
488 146
291 156
433 74
98 177
245 407
30 277
280 303
359 211
319 210
371 121
351 186
416 54
250 425
346 328
102 310
16 163
128 312
168 385
12 263
58 149
342 81
385 196
449 83
233 30
144 421
354 344
421 37
449 306
112 242
403 111
422 493
196 93
359 351
421 85
377 230
52 325
152 90
307 402
280 483
345 480
158 423
83 272
129 423
313 268
105 250
458 343
385 468
480 315
139 90
139 286
287 72
10 163
454 204
109 183
94 308
259 456
405 379
346 156
468 66
163 324
430 245
322 196
117 38
314 308
384 380
419 356
392 178
382 494
271 269
463 65
452 16
358 292
78 70
293 15
342 294
440 30
201 365
435 367
298 191
223 424
424 413
367 19
461 355
498 273
484 297
420 26
36 277
499 261
296 202
438 325
397 103
203 440
334 487
236 22
485 252
274 233
162 190
435 151
98 145
381 237
119 425
365 377
373 362
266 237
125 346
491 303
21 314
487 394
171 207
127 349
127 114
272 139
402 455
245 167
484 110
266 46
156 205
24 179
202 120
230 72
335 286
28 418
346 130
236 273
128 442
41 402
413 496
139 157
277 196
56 471
178 240
187 56
21 136
65 218
146 281
392 68
80 36
87 476
470 219
41 302
458 31
84 212
328 253
356 371
218 244
471 179
70 241
384 31
374 183
53 259
132 251
487 140
216 11
373 399
147 410
69 155
139 215
192 175
115 39
335 473
447 400
243 358
419 205
476 361
385 369
382 368
239 493
127 230
130 420
436 102
186 491
238 218
104 138
189 240
375 417
410 469
487 390
435 79
379 92
486 418
283 339
7 338
69 431
404 55
298 485
243 380
230 424
219 27
136 215
498 144
440 155
62 316
409 442
148 219
304 413
160 287
191 49
464 427
149 98
140 27
479 498
351 304
260 191
139 472
477 82
322 372
455 81
48 184
368 411
234 93
244 22
349 207
117 321
200 178
381 278
271 242
70 297
9 49
499 475
63 376
8 157
442 435
117 215
135 273
34 489
144 425
136 73
362 77
454 201
11 76
65 422
373 92
403 214
417 31
19 407
385 187
301 196
28 190
379 434
93 188
298 355
361 353
227 449
481 494
219 459
358 142
266 289
351 108
444 369
62 451
486 426
17 75
248 465
222 138
247 496
286 25
181 221
148 295
326 251
469 424
424 15
62 155
128 410
291 87
465 326
471 429
7 345
312 197
118 61
321 171
481 459
6 420
87 249
209 234
241 247
69 430
153 143
390 156
162 446
147 250
36 420
479 444
211 315
297 289
328 26
81 316
186 189
464 89
84 139
114 358
339 161
214 102
29 81
93 381
114 286
136 364
25 334
150 286
311 29
96 145
280 87
474 355
488 137
368 447
193 395
228 385
337 20
371 340
383 125
288 465
179 355
3 317
157 331
445 148
401 24
99 491
155 479
499 492
214 247
16 488
107 473
434 50
316 392
459 463
329 489
333 332
346 191
159 394
415 408
485 61
284 26
480 427
139 352
69 475
335 68
313 66
282 308
103 305
207 65
129 108
446 68
402 54
359 265
371 394
95 424
434 349
196 390
168 446
426 249
488 127
159 61
436 117
290 493
302 98
263 178
260 457
371 16
331 455
202 100
274 279
449 418
106 291
403 441
279 474
197 469
103 436
352 274
15 217
140 115
431 467
470 433
16 149
393 463
188 183
395 253
222 57
372 172
236 200
183 85
497 88
342 452
163 64
437 47
180 500
183 476
38 452
414 111
248 107
333 396
433 45
412 44
297 209
198 5
267 486
193 184
438 418
445 463
162 161
162 436
69 261
384 15
430 291
59 201
389 8
161 390
430 193
106 481
203 200
30 355
183 270
397 8
279 458
137 17
316 237
469 37
257 327
382 445
89 279
249 404
83 35
332 129
181 266
73 258
365 37
67 137
319 276
222 359
319 213
391 493
81 420
81 463
164 187
27 492
4 439
445 395
75 55
113 377
38 393
393 59
5 14
406 234
20 157
459 268
267 229
15 107
5 493
446 462
349 460
413 6
178 101
55 146
88 291
114 395
488 181
410 463
93 57
450 230
403 482
437 457
237 21
272 17
209 387
304 462
394 273
397 219
379 443
44 372
202 236
410 91
215 270
300 357
11 123
55 174
408 67
218 37
84 499
334 344
456 110
93 451
262 5
21 206
428 199
355 418
382 237
162 169
247 329
211 180
17 156
68 246
149 111
374 168
123 32
328 377
149 433
483 230
221 365
355 290
176 386
469 258
88 499
318 423
291 55
313 184
288 362
441 202
351 144
299 413
5 6
67 261
433 309
142 419
392 25
359 408
438 448
118 403
395 233
479 341
170 93
241 423
48 61
120 341
398 207
187 292
249 388
379 170
202 191
335 133
50 122
168 76
134 36
316 168
100 285
263 478
120 473
173 229
138 412
60 198
314 217
367 339
389 492
19 1
162 39
342 216
80 279
457 365
205 475
355 313
419 224
428 355
401 29
381 242
128 218
138 311
371 460
102 210
420 289
440 265
246 262
18 176
238 174
393 290
458 491
412 495
125 77
147 291
223 229
37 398
207 213
84 109
257 77
6 146
299 332
151 220
112 255
429 417
363 435
453 167
408 68
125 49
48 117
454 245
152 165
66 23
73 140
304 122
394 376
281 301
207 204
343 363
302 383
95 223
341 171
21 62
311 36
61 199
133 332
293 379
394 198
453 398
11 380
268 11
353 358
41 70
147 373
410 63
311 394
212 301
213 242
173 297
249 459
138 10
171 85
48 332
78 156
490 437
305 466
412 407
255 332
308 199
243 396
395 6
55 343
198 225
77 336
98 351
249 422
480 125
95 221
287 275
340 33
369 408
406 288
208 70
33 283
80 128
115 93
232 387
361 346
283 377
66 133
254 47
54 46
461 3
363 108
293 79
394 23
82 454
349 73
110 448
407 115
382 353
299 192
245 445
427 38
359 91
70 316
115 355
255 128
76 453
366 377
308 153
318 411
368 168
418 254
8 208
152 348
406 87
455 128
316 331
179 442
175 258
198 180
253 374
459 113
410 304
50 96
473 44
179 151
223 330
413 436
141 425
326 104
453 443
362 469
322 149
356 182
382 27
105 220
205 440
255 348
495 181
345 36
280 408
62 413
403 459
363 429
118 1
440 10
66 104
455 349
45 341
336 14
265 119
28 44
495 29
256 161
228 226
107 413
177 264
500 295
121 23
300 166
207 28
25 313
205 23
6 285
125 142
482 484
90 147
451 81
480 47
313 316
23 212
235 424
159 450
215 44
425 34
180 309
358 38
119 373
369 114
336 281
408 197
373 293
386 270
106 443
261 341
161 493
471 17
372 253
43 105
273 152
495 299
191 462
241 195
390 263
239 101
204 338
242 465
410 362
461 212
114 469
64 374
324 481
137 297
72 57
13 19
409 238
232 336
20 289
146 375
373 249
484 293
47 187
363 338
12 28
149 289
24 209
186 294
413 97
149 283
377 157
193 458
89 172
57 35
109 29
319 244
131 3
65 130
347 163
405 426
495 258
389 133
433 432
328 456
454 414
325 492
279 272
83 261
62 257
383 404
10 202
290 313
387 255
399 368
412 4
426 398
376 299
81 272
338 190
314 94
79 224
158 147
68 90
291 241
156 108
64 97
186 344
217 27
308 304
254 69
403 271
265 299
126 77
352 113
375 433
304 49
148 29
90 215
459 438
134 478
478 443
209 63
460 276
395 146
349 464
32 82
398 386
245 149
278 489
104 230
393 446
374 284
92 186
227 476
187 445
124 91
1 67
400 345
110 167
434 182
219 399
272 476
213 48
367 459
249 124
133 30
10 217
120 435
227 490
351 305
131 368
114 275
456 431
171 300
132 354
355 243
289 467
439 39
372 473
239 395
230 165
273 230
260 209
494 60
18 272
310 192
280 129
163 188
433 241
319 268
495 361
203 283
161 64
248 363
263 130
351 380
277 288
218 325
135 187
398 213
493 443
307 274
323 351
284 66
311 223
413 183
322 138
322 70
497 490
64 130
55 333
104 273
409 248
341 346
199 66
428 430
124 187
302 90
302 338
449 174
482 113
401 144
307 59
460 250
448 44
267 235
450 113
340 386
434 80
5 330
148 278
68 4
382 75
138 177
395 36
113 15
238 155
125 482
252 21
419 169
246 499
101 45
249 417
314 222
86 400
159 282
138 238
458 262
223 481
157 295
81 436
46 26
273 336
109 342
255 229
232 168
57 283
180 382
27 379
384 59
348 63
449 168
461 123
409 441
105 194
393 264
472 158
392 255
437 324
406 350
473 249
388 334
402 252
322 32
483 412
500 362
283 480
449 136
171 463
368 461
497 97
409 232
250 284
81 399
390 490
284 290
427 213
478 424
147 203
253 341
139 278
354 54
305 51
431 447
356 167
314 483
227 202
357 181
197 259
183 272
314 136
283 129
418 484
443 287
273 49
244 459
389 106
34 51
92 214
317 140
19 490
50 135
434 415
486 392
125 163
8 485
339 330
56 129
4 177
473 196
118 25
110 392
377 24
257 426
430 136
283 173
95 89
424 439
376 115
234 15
129 228
138 306
220 457
491 280
363 305
406 170
492 294
433 390
433 249
227 303
86 26
184 167
453 19
66 386
396 218
61 234
8 236
189 309
369 221
461 29
1 332
160 371
446 258
350 329
263 439
316 413
281 211
332 199
490 51
426 252
188 302
250 402
24 49
43 430
112 54
221 71
458 246
284 227
413 152
372 137
420 358
229 151
438 90
281 119
135 293
494 416
207 69
369 370
370 5
116 280
275 415
458 201
361 164
1 12
68 294
87 94
335 24
299 71
309 354
326 140
395 318
445 467
263 470
65 1
201 357
80 294
401 288
212 487
203 75
309 272
418 342
176 167
230 176
36 329
194 169
375 407
477 50
391 313
445 280
147 355
156 1
302 324
74 122
202 373
418 59
199 13
89 184
136 304
453 404
386 230
122 261
98 118
361 103
180 205
256 108
441 112
226 427
332 111
303 432
75 417
463 176
304 256
356 258
183 257
242 390
222 425
89 212
428 311
455 218
215 248
214 494
109 335
226 109
153 145
450 371
192 170
37 1
21 70
143 136
72 3
131 482
119 462
103 196
4 335
225 200
364 396
20 115
96 243
142 4
271 301
116 329
37 202
199 429
87 80
92 193
490 472
311 174
451 456
335 33
243 479
270 459
321 325
7 329
474 461
81 295
470 173
233 420
473 124
372 356
336 311
267 193
125 44
299 111
490 260
20 53
430 396
411 293
338 122
428 80
252 24
15 334
328 412
289 35
405 62
94 401
257 314
2 384
31 58
264 226
443 303
208 40
205 292
336 175
173 355
118 81
480 466
203 70
358 206
30 195
420 11
207 245
205 87
340 218
344 194
64 63
440 270
396 294
435 290
1 390
21 125
427 194
102 367
79 371
233 433
310 354
23 75
113 139
388 494
121 285
184 482
438 190
366 242
67 154
494 244
470 318
444 84
204 121
328 233
403 215
72 204
478 322
428 426
43 446
141 121
358 347
354 41
458 3
314 49
166 86
24 153
51 4
75 99
63 228
240 261
227 336
4 201
446 45
356 63
122 69
471 415
432 219
308 396
335 385
110 404
500 317
296 269
65 7
499 78
123 296
450 44
369 326
480 50
377 308
121 492
462 440
152 45
66 75
422 299
286 237
335 432
16 133
207 432
56 90
201 98
497 495
436 36
333 478
381 380
372 15
126 164
218 336
427 230
387 148
411 282
103 500
463 97
142 433
132 493
417 477
268 29
238 386
230 193
246 389
168 214
484 324
117 430
214 53
351 57
324 56
363 314
172 418
233 439
52 171
498 398
281 143
145 23
72 53
389 202
123 75
94 487
355 140
275 299
353 390
122 357
230 326
142 211
62 259
246 258
322 400
27 416
411 4
248 270
153 493
255 315
329 419
205 480
274 496
474 379
80 34
204 38
46 490
430 121
28 159
342 20
3 166
351 39
61 109
307 224
49 488
57 99
176 171
32 66
279 283
426 359
488 111
476 393
375 246
450 130
51 235
420 31
435 233
241 374
214 479
92 409
51 135
38 331
249 71
132 374
500 187
83 52
16 70
77 269
426 451
255 399
89 454
443 176
217 47
260 410
499 11
99 303
364 282
54 156
140 158
26 224
443 291
101 473
83 403
50 108
73 368
16 299
254 189
231 420
36 55
383 259
479 330
17 98
391 7
494 315
396 4
475 177
98 173
87 167
490 330
215 94
353 450
288 419
47 497
333 295
278 495
242 437
332 268
402 141
76 441
482 434
33 312
421 96
9 260
478 70
202 267
1 382
16 152
378 442
267 295
289 8
431 283
483 73
267 477
330 192
29 192
117 84
341 467
246 147
81 493
171 210
393 494
227 308
451 188
213 468
367 172
155 326
63 60
483 476
460 310
260 77
268 485
361 237
140 212
346 167
229 370
321 292
498 342
217 366
242 431
320 115
220 98
1 22
64 143
247 211
400 298
206 111
25 28
212 437
225 169
217 483
452 55
432 185
383 21
110 305
454 392
374 319
20 417
328 44
441 428
150 89
44 409
132 219
263 272
237 474
324 359
428 5
403 289
98 106
229 461
222 367
282 374
60 361
137 468
273 294
15 122
219 63
38 397
379 336
221 250
275 100
8 301
340 347
342 95
210 382
363 159
179 346
363 273
286 412
156 164
396 33
252 238
322 465
127 72
287 406
344 46
137 294
449 162
296 32
363 289
123 293
373 67
198 226
24 481
272 432
225 343
287 452
453 373
241 462
410 279
36 18
440 149
309 53
282 154
331 262
356 413
269 58
375 334
220 463
470 183
199 115
102 336
37 204
480 400
266 288
449 7
128 125
114 94
387 187
150 280
302 413
6 452
479 404
255 481
219 434
373 340
140 78
84 312
471 450
416 45
363 203
422 393
374 57
351 376
153 465
59 81
421 156
131 197
486 64
13 33
280 291
386 385
220 134
335 425
291 428
417 442
33 87
446 16
13 335
123 214
144 101
166 458
329 491
378 311
81 80
147 405
142 481
26 167
109 397
9 490
158 91
77 373
13 87
380 92
279 91
406 21
81 319
174 167
227 89
480 77
11 450
495 172
370 156
163 483
486 335
58 92
435 419
228 424
475 200
312 174
172 443
66 242
164 242
251 192
375 396
204 392
403 197
39 284
396 416
15 116
314 265
210 32
458 258
249 290
428 446
18 270
89 402
386 248
268 323
179 86
64 437
412 303
247 365
320 338
147 9
280 341
22 27
399 498
170 155
424 4
63 34
309 310
352 186
395 263
216 384
351 463
296 21
157 177
129 336
256 413
364 458
363 196
273 82
200 352
30 241
155 323
26 244
357 367
447 267
369 295
418 315
334 274
6 414
395 300
7 361
439 390
127 326
212 368
98 404
346 443
469 305
14 310
183 498
24 471
463 359
40 276
307 125
166 150
78 395
275 434
321 115
207 454
85 140
296 377
199 147
144 75
387 155
402 255
457 33
381 76
446 30
366 453
481 215
20 65
153 278
351 401
173 454
136 165
227 365
412 421
247 75
185 220
458 17
68 188
87 344
235 91
174 111
444 431
19 194
323 454
441 203
92 149
360 423
340 351
13 120
252 31
211 36
236 11
422 420
329 176
115 500
111 283
334 37
47 448
138 305
155 358
182 378
380 112
496 21
250 148
397 172
226 460
439 271
286 251
399 362
126 199
320 379
260 362
140 100
99 457
284 23
140 20
461 230
174 115
442 329
136 477
128 270
212 117
391 461
370 313
264 296
240 346
445 115
172 61
49 25
192 278
252 474
340 476
204 450
100 181
100 319
136 242
231 500
482 59
488 96
31 202
285 415
350 484
124 121
182 362
69 150
409 124
402 229
418 93
360 2
125 92
165 49
449 466
16 19
185 199
41 95
269 268
376 500
70 422
486 402
269 407
122 144
312 281
202 312
246 473
352 412
417 342
462 17
432 287
234 425
356 156
198 183
324 384
52 187
172 144
12 314
97 317
327 414
233 202
357 408
289 419
383 469
274 165
87 359
250 38
5 479
387 133
364 229
255 87
31 463
331 264
179 136
44 116
372 312
274 376
330 457
71 243
114 144
177 89
223 353
142 298
185 372
495 302
445 286
167 94
455 387
145 494
299 356
466 160
180 475
57 117
371 362
171 5
276 361
83 165
467 26
57 47
316 153
486 440
148 170
174 93
262 440
346 40
42 253
359 342
215 287
375 144
377 469
337 38
316 207
35 238
425 423
76 91
110 71
120 215
181 449
484 468
39 417
307 229
442 154
148 438
101 224
445 416
454 142
200 138
252 18
20 398
447 73
424 98
4 378
5 80
205 402
341 11
194 37
202 294
330 58
334 486
466 18
37 13
363 399
126 369
49 109
226 149
23 91
476 314
226 252
468 239
438 156
20 108
383 190
15 34
309 54
201 64
375 432
360 232
202 420
184 112
57 363
152 207
20 128
338 191
426 151
285 366
483 375
429 203
248 437
123 362
266 55
493 32
105 478
328 211
375 338
414 474
231 104
381 41
484 241
42 389
66 44
322 259
400 470
422 9
133 400
468 220
384 30
432 201
445 175
63 248
405 26
422 384
47 193
212 334
197 181
468 218
7 153
485 430
410 272
431 250
284 414
25 260
37 407
149 364
83 398
342 229
141 326
392 447
22 447
236 258
455 417
19 263
321 397
494 402
45 102
266 306
371 344
62 5
221 287
493 449
417 472
310 268
106 33
215 354
446 194
8 369
390 192
53 153
105 343
57 50
6 159
188 407
318 295
357 227
147 42
111 323
47 221
34 370
223 35
389 474
313 178
114 78
473 480
49 143
46 108
268 381
465 200
215 299
471 205
263 261
347 189
229 112
79 473
399 334
430 286
375 276
416 409
47 339
92 337
478 211
234 249
214 157
312 492
174 272
89 300
206 377
151 253
305 151
400 42
102 43
79 345
228 257
249 262
475 477
477 4
179 127
249 192
295 478
48 129
227 45
422 428
280 167
392 397
180 111
152 100
371 323
78 290
84 148
259 340
149 305
255 107
434 309
356 368
256 447
466 10
373 167
478 50
82 379
427 375
385 28
318 216
451 211
178 111
437 260
250 247
1 431
352 225
283 398
255 171
31 106
373 292
407 315
404 442
53 228
436 480
169 316
144 30
246 335
249 489
106 86
193 373
306 249
358 194
98 10
356 42
436 157
331 96
449 310
362 238
236 474
387 54
133 385
340 435
392 424
157 283
422 14
100 58
306 165
286 449
120 205
187 396
248 449
32 485
147 208
453 342
101 293
265 205
231 244
145 194
243 155
103 205
180 128
464 10
386 271
407 464
243 230
245 472
257 56
250 390
240 28
402 4
344 102
352 70
122 219
119 53
425 304
271 78
401 382
94 91
441 289
157 229
22 264
68 440
146 84
84 171
308 370
373 299
318 58
340 116
25 304
332 457
276 71
392 4
190 287
163 103
286 387
220 428
163 153
326 198
146 97
212 337
449 461
334 219
335 43
140 374
276 352
69 417
412 392
430 373
403 80
413 347
246 100
159 308
140 112
314 432
135 268
18 13
345 224
210 316
161 357
200 460
285 255
155 63
9 201
115 281
369 397
306 120
395 160
194 100
128 81
223 279
407 399
164 460
299 184
397 74
352 447
340 369
47 195
177 80
495 206
317 415
478 100
305 435
213 91
233 163
129 188
297 366
180 318
153 149
321 467
223 335
400 33
391 444
285 270
327 25
481 225
147 474
154 366
495 482
465 343
334 44
438 478
433 213
268 378
448 184
63 438
215 53
376 12
490 326
402 74
47 174
75 407
86 196
120 38
447 482
266 242
199 57
417 129
157 93
100 371
85 110
133 39
292 487
251 334
174 404
62 175
171 238
475 24
155 477
361 143
171 45
460 405
343 438
461 227
106 175
199 497
193 148
141 481
442 289
439 46
266 267
213 430
482 297
110 247
35 493
21 107
45 387
140 357
65 73
337 308
93 481
318 24
410 271
465 366
309 12
352 434
326 314
417 205
80 329
404 391
449 399
303 34
144 206
481 83
88 232
1 313
309 142
339 169
460 322
16 106
168 378
223 121
337 184
194 237
204 384
427 376
25 421
178 87
283 186
21 240
78 371
94 275
184 80
85 105
216 316
203 375
149 471
172 195
360 365
178 373
466 280
83 179
247 448
151 192
157 26
367 303
397 213
349 350
492 408
475 418
462 29
371 493
376 440
198 32
175 72
25 496
103 29
241 224
296 169
35 354
425 177
99 417
57 340
453 97
336 381
157 322
230 329
418 354
165 283
35 138
270 419
334 475
450 362
134 397
376 413
39 292
103 20
157 76
181 14
114 210
74 451
301 85
499 251
462 425
144 457
396 174
88 104
63 260
368 423
245 142
141 34
276 87
311 143
201 167
185 316
367 441
336 446
453 18
107 396
273 117
46 425
44 101
25 333
327 399
209 285
347 186
429 480
134 264
290 239
236 464
95 155
363 445
409 496
44 52
429 201
96 93
281 488
148 146
155 207
347 248
298 43
38 420
87 236
205 275
97 205
390 120
470 237
344 285
47 288
9 322
223 259
393 360
90 338
432 18
359 45
347 204
401 324
87 264
325 466
377 351
11 364
174 421
406 479
428 384
375 469
186 34
87 90
416 425
303 224
248 498
326 478
321 480
343 219
253 169
238 161
453 500
359 332
173 198
410 499
343 7
11 136
73 407
414 64
271 228
136 388
392 57
134 403
116 380
255 484
191 444
314 61
54 277
92 251
173 409
239 213
183 219
52 148
371 330
96 472
322 414
288 188
55 84
29 77
154 499
110 460
163 481
345 468
373 192
160 67
13 498
30 64
46 277
219 142
223 494
406 307
414 257
312 55
131 205
118 74
368 78
315 39
275 125
346 242
109 471
81 115
26 223
412 448
13 402
154 336
98 355
140 54
304 437
204 373
451 310
424 275
246 387
110 430
453 165
51 260
18 94
208 358
210 285
236 491
472 260
307 377
375 35
279 172
436 142
410 340
239 276
264 157
423 50
377 207
223 472
65 170
462 116
168 377
375 20
305 431
105 22
309 173
124 131
291 81
302 247
140 361
276 124
441 87
310 305
424 175
149 64
167 65
372 50
368 154
355 389
62 158
305 20
14 396
242 252
113 484
102 381
490 69
237 493
184 342
201 449
481 362
480 323
411 41
137 479
387 260
80 13
191 332
325 157
143 148
59 312
233 308
462 382
312 1
210 349
400 144
79 173
92 277
370 341
162 394
4 132
36 71
11 105
249 198
480 79
327 10
94 200
197 458
424 306
327 149
285 51
80 18
148 269
257 189
363 195
120 477
369 157
213 356
355 345
74 6
20 6
479 490
69 198
398 88
397 489
305 352
37 472
421 274
413 75
390 19
7 308
392 382
142 297
169 37
492 52
48 270
320 24
410 424
435 472
235 203
76 40
37 78
217 401
417 57
441 324
175 31
435 69
330 205
277 326
422 391
184 456
194 320
60 486
370 387
228 430
25 201
497 376
422 436
435 458
74 216
9 405
258 105
372 316
403 472
275 418
378 490
64 59
481 2
352 446
307 269
154 99
351 155
376 102
468 454
154 292
100 438
400 46
452 278
422 398
394 412
113 146
45 252
38 384
323 479
331 277
362 400
309 276
394 383
363 367
250 435
335 173
265 168
142 96
236 478
11 103
41 294
358 425
151 62
405 480
261 448
291 70
173 490
167 290
308 262
349 499
129 465
168 489
210 289
158 348
489 216
328 435
454 353
268 265
343 353
138 176
222 48
190 421
160 96
496 228
12 281
313 192
325 256
323 191
195 178
205 172
478 396
176 155
221 361
166 19
423 402
298 380
437 6
246 263
418 364
402 420
295 226
113 112
345 404
412 155
355 164
382 378
373 95
159 127
210 498
284 330
425 148
117 36
441 24
467 350
111 182
110 383
8 73
89 437
490 149
434 237
372 132
352 470
422 443
458 65
250 266
202 49
210 495
312 186
212 454
55 434
379 314
328 311
470 34
151 368
435 181
491 271
389 354
183 35
36 37
365 112
361 218
424 180
70 408
421 479
268 371
110 362
373 139
317 160
224 189
108 13
90 171
329 201
230 369
426 195
36 173
360 390
387 441
284 300
202 119
29 418
195 433
441 334
342 54
218 345
177 339
200 285
305 248
490 295
478 282
236 400
237 412
147 218
305 366
238 331
253 464
271 412
255 410
487 480
346 136
207 142
134 283
35 157
277 24
196 296
68 52
184 469
75 155
342 457
223 221
136 264
247 151
432 234
219 488
106 281
96 330
488 439
49 257
58 126
47 87
216 332
419 282
411 452
118 386
195 494
115 357
139 424
66 132
84 50
417 198
53 26
453 9
77 241
177 184
270 2
491 243
398 424
467 96
56 378
70 145
75 296
96 456
298 408
66 370
2 403
54 377
173 337
495 69
347 471
228 413
207 79
318 44
333 301
366 110
308 441
350 105
164 114
85 102
233 76
488 334
75 198
382 443
333 413
291 100
384 226
48 429
62 8
100 217
318 320
151 270
4 85
84 494
358 168
32 334
398 465
338 116
365 291
387 34
312 447
280 367
420 40
463 261
101 66
155 489
354 30
448 172
485 427
495 399
497 218
500 366
491 468
220 333
399 402
167 369
64 34
7 245
300 478
429 265
152 153
101 15
434 336
18 165
260 337
273 110
425 150
476 102
147 415
428 93
104 14
53 387
327 401
367 174
197 355
481 247
59 122
419 476
340 427
488 69
49 287
123 187
157 55
27 214
368 132
84 49
450 267
233 103
349 361
58 464
394 211
277 416
390 75
183 472
377 241
187 69
49 43
66 495
303 478
414 407
271 48
102 51
193 188
170 448
288 31
288 287
396 77
271 79
114 318
2 129
341 101
458 362
482 316
245 468
362 69
219 253
4 220
55 330
183 190
218 98
21 230
24 380
88 141
469 195
390 380
338 147
9 316
433 411
417 92
185 441
228 324
27 74
88 295
231 114
116 124
361 32
185 38
208 91
310 20
438 286
292 105
309 482
155 481
294 158
356 455
114 53
131 454
208 71
205 80
335 175
229 187
221 90
58 130
294 54
122 64
239 310
193 486
101 234
108 383
489 494
10 36
246 407
265 344
24 344
397 459
349 144
13 208
25 427
105 380
328 403
244 137
87 418
354 415
133 74
419 124
6 36
214 342
310 129
1 55
248 469
333 281
327 382
308 45
44 67
225 272
170 491
171 264
30 497
12 318
233 298
217 434
191 440
495 471
466 52
59 234
148 330
127 427
176 31
33 372
239 369
209 152
109 344
343 213
228 427
317 425
1 476
408 76
423 460
283 139
409 18
252 214
22 54
47 256
203 26
175 248
164 264
424 64
295 13
241 394
411 36
427 168
463 142
316 10
73 351
2 15
420 275
425 427
6 87
198 406
402 232
373 473
449 476
388 219
292 209
475 250
131 152
203 121
89 344
445 12
398 179
156 75
71 125
206 125
84 179
84 19
10 47
127 257
112 199
320 476
52 468
308 54
314 335
195 483
410 496
256 182
412 335
74 331
176 453
149 342
343 443
8 458
3 52
87 103
47 77
129 281
230 257
270 90
98 79
113 78
114 392
481 491
177 212
92 223
373 471
184 304
210 77
212 453
349 63
463 195
314 386
367 273
340 301
154 36
193 437
348 183
489 401
269 302
320 419
353 429
478 417
370 409
154 328
339 99
99 442
120 399
352 222
355 437
243 138
45 452
241 74
77 484
137 364
372 487
246 62
221 207
471 233
191 300
433 443
49 464
144 26
42 51
69 371
456 34
356 97
304 419
313 401
102 335
226 359
8 255
471 296
332 74
265 305
49 338
301 24
208 407
169 66
332 281
376 212
318 155
155 89
246 67
59 392
321 1
131 150
500 211
421 232
304 73
206 227
379 316
105 273
58 292
4 166
105 62
100 364
138 72
494 399
43 472
216 317
198 108
291 43
162 398
486 39
22 352
99 416
175 310
283 364
267 220
454 7
235 324
456 283
127 110
296 329
305 432
247 156
391 341
177 74
380 461
424 11
52 31
414 24
78 312
45 145
345 479
364 144
210 265
114 99
399 191
310 178
135 353
145 470
309 208
465 139
129 34
118 368
314 491
363 192
24 355
192 288
292 2
457 376
429 286
10 282
478 405
428 331
423 90
254 92
197 34
201 128
148 97
142 244
126 293
34 357
417 3
181 34
199 3
284 308
484 143
181 22
291 62
471 243
395 415
482 41
191 302
369 315
488 380
236 391
449 301
240 6
494 93
359 187
98 41
220 466
355 189
447 164
328 264
359 102
426 17
347 215
307 1
72 137
279 99
56 343
380 352
104 33
198 247
437 75
464 466
487 48
409 138
4 291
8 50
24 477
427 463
404 332
188 210
70 126
429 207
475 57
452 186
190 125
278 187
441 89
59 236
417 255
76 361
365 21
26 283
37 158
477 27
133 270
323 83
156 122
359 247
89 262
239 81
495 446
152 155
366 74
413 305
324 494
462 100
149 39
202 26
255 25
135 41
34 41
148 78
244 106
304 264
109 358
306 24
485 10
331 150
72 206
265 10
142 233
295 265
17 196
129 211
293 242
476 446
141 154
360 278
181 493
390 252
138 413
101 68
484 86
434 408
372 360
316 149
17 157
419 110
426 460
468 424
467 229
368 186
117 376
457 63
54 275
285 145
498 393
135 77
182 483
427 27
419 371
437 476
108 381
328 449
199 65
410 451
297 246
148 487
346 67
177 44
290 350
224 14
81 352
200 356
132 309
219 234
369 460
135 343
375 273
28 428
41 418
98 364
353 219
335 124
282 13
379 479
444 382
20 311
286 253
241 488
325 284
315 42
312 439
163 365
277 266
17 21
347 139
172 10
112 358
330 459
10 248
300 4
284 495
71 182
471 417
335 143
295 103
161 323
219 359
424 458
448 404
414 122
315 63
110 472
200 435
342 332
288 388
239 52
52 50
224 222
223 25
116 299
475 224
482 474
291 348
304 432
188 262
297 406
322 463
484 83
428 88
255 414
247 125
413 455
18 154
193 427
103 194
80 201
319 119
194 365
183 286
443 292
447 46
417 323
160 103
98 451
193 440
206 457
347 71
85 206
398 108
432 490
475 284
415 375
144 367
471 115
441 260
149 420
274 214
389 345
454 313
395 79
406 280
330 113
239 476
37 268
387 438
98 291
153 146
400 100
351 53
80 301
225 16
490 130
394 290
326 324
126 227
96 181
178 385
313 450
126 277
314 246
303 94
270 91
60 215
426 403
139 248
395 7
499 411
67 434
8 376
318 164
123 239
368 393
408 227
317 483
32 484
19 179
189 236
69 448
458 243
428 205
471 103
51 346
337 331
104 315
197 451
69 173
457 31
200 5
329 34
438 230
7 59
269 93
468 217
103 460
134 139
290 456
381 78
387 213
215 56
296 282
107 281
349 294
103 217
93 438
21 350
465 240
488 417
487 474
190 285
110 477
173 329
301 81
386 204
355 131
111 310
66 67
364 162
206 405
105 239
147 45
200 30
129 79
32 450
203 229
480 140
448 272
118 310
488 496
199 487
262 433
407 339
445 238
310 170
154 386
133 393
180 130
90 498
287 301
122 430
173 383
367 224
28 205
44 64
420 34
29 344
484 301
287 211
342 439
96 5
404 439
281 321
388 60
383 104
366 443
485 466
386 83
9 480
381 330
468 157
73 207
352 217
18 458
350 195
399 8
126 326
492 391
4 120
340 208
361 306
287 27
275 169
426 266
132 217
301 65
169 248
21 319
410 137
133 96
76 299
118 139
425 187
153 439
431 196
387 75
270 154
21 426
187 271
244 478
1 202
133 212
16 413
6 311
356 11
341 366
170 363
478 477
62 321
213 309
280 456
212 263
39 196
232 33
202 131
191 268
495 41
203 407
26 234
193 69
116 199
210 291
272 118
481 237
270 446
348 188
158 153
176 87
365 77
205 237
431 372
452 329
229 119
269 488
494 200
77 468
52 127
10 73
1 310
115 228
492 13
465 27
176 169
379 142
184 401
204 53
146 125
116 33
131 147
458 365
377 49
389 409
76 310
465 377
198 177
448 436
140 394
180 91
67 435
336 313
305 87
296 63
193 307
94 373
494 92
270 220
159 463
488 369
448 149
151 31
97 42
115 129
410 193
443 146
199 248
31 306
191 77
496 259
113 120
246 409
420 255
156 95
307 358
56 34
469 492
147 282
391 55
182 41
75 318
213 381
353 395
365 491
167 104
381 251
415 2
476 27
4 172
309 235
234 345
194 74
140 498
149 36
491 231
212 341
408 181
456 393
452 418
386 421
392 363
132 306
439 350
184 290
16 123
303 194
213 320
11 433
389 79
162 52
210 460
216 383
170 320
234 311
355 369
63 1
270 80
155 70
87 330
438 135
259 460
69 285
260 98
299 236
172 111
328 32
325 373
33 167
65 141
221 364
412 27
280 395
118 234
374 451
116 132
143 31
373 28
284 207
484 348
416 52
147 53
388 317
198 187
331 303
330 57
207 478
123 446
269 112
477 289
324 458
236 39
393 150
29 383
270 442
141 464
228 38
419 296
178 208
68 128
14 347
140 13
249 140
330 432
465 327
435 455
287 473
89 88
352 283
468 339
456 123
159 233
70 141
469 64
340 145
343 448
295 102
239 301
259 117
312 5
441 59
65 452
277 372
67 495
70 209
235 44
58 351
272 11
120 97
342 412
72 404
316 336
148 158
295 90
450 425
182 114
352 185
120 56
263 286
409 307
450 231
222 383
226 158
437 140
495 250
323 190
278 476
267 257
139 116
137 199
300 240
476 441
3 27
346 400
106 202
326 208
64 496
477 71
100 440
358 431
316 243
184 117
310 185
485 488
217 341
266 272
345 419
347 118
419 103
343 345
178 151
203 184
52 6
364 332
186 204
318 272
26 382
276 95
460 135
424 269
474 99
231 458
195 454
494 215
91 151
275 460
473 470
353 92
288 245
90 239
217 234
64 198
491 215
142 40
5 328
333 323
298 478
305 165
197 325
462 410
224 274
93 113
165 401
429 25
12 141
322 128
341 480
130 476
245 169
97 341
300 471
73 256
93 33
132 324
490 333
121 191
302 210
107 348
133 48
166 98
114 120
36 388
421 78
145 259
310 327
47 210
348 386
221 388
456 33
349 62
407 169
208 181
185 97
236 310
309 289
149 118
42 423
376 33
180 472
273 214
183 10
219 152
354 365
352 15
170 497
195 44
149 457
345 169
300 306
147 231
361 351
156 209
168 135
47 82
190 447
353 41
422 45
102 362
20 160
254 65
203 5
62 428
233 220
292 82
96 351
302 254
448 161
499 203
359 172
95 171
283 467
125 65
436 380
211 321
234 187
467 112
419 437
267 66
213 305
200 207
207 303
32 134
377 376
488 284
285 431
345 80
363 499
469 481
221 26
318 271
394 481
342 154
35 42
305 451
393 43
193 374
393 350
75 145
437 16
375 438
167 208
207 399
152 460
330 194
10 19
106 262
407 291
284 248
83 294
209 357
342 3
173 121
390 35
302 171
468 129
211 106
121 378
289 242
70 248
340 294
344 394
492 47
313 332
64 60
106 342
186 317
483 459
187 308
359 309
25 290
182 100
310 221
312 198
82 22
283 30
328 463
462 233
232 145
492 230
294 246
110 169
165 275
443 195
476 346
133 68
37 468
199 156
491 232
148 207
21 14
226 23
67 161
180 337
341 297
29 191
457 119
300 120
396 190
126 20
497 212
88 31
62 370
334 58
27 442
412 79
65 153
422 72
16 342
377 65
148 424
72 143
359 428
111 166
406 92
217 334
446 468
266 257
125 55
415 199
363 33
431 199
161 315
263 236
