200 13460
74 127
28 103
95 141
94 90
76 98
133 55
191 38
183 113
84 178
56 14
5 92
2 131
42 162
115 64
103 169
37 194
59 141
111 39
47 64
35 147
192 155
19 135
149 200
186 55
106 60
8 59
58 155
195 128
61 17
18 48
100 69
43 86
25 73
179 106
177 134
140 189
101 110
18 78
95 186
80 67
89 198
114 76
145 122
14 141
90 153
61 127
103 102
21 61
175 200
138 8
63 49
161 137
31 102
200 100
66 106
140 15
3 109
110 181
32 36
13 200
103 180
118 11
156 93
165 101
31 22
28 136
86 131
88 150
18 38
80 179
64 22
171 3
3 130
10 163
185 30
107 187
167 22
191 133
169 46
116 159
78 20
123 131
147 167
5 60
184 35
55 75
68 77
180 117
174 31
4 7
82 179
33 60
176 152
36 114
132 89
87 134
39 95
139 122
93 16
192 198
96 133
57 116
143 120
23 65
85 129
109 184
107 29
59 29
142 64
190 187
173 190
122 24
36 7
32 120
71 42
172 31
17 1
170 77
68 135
188 23
21 81
98 143
115 91
192 159
49 181
23 30
103 73
79 75
99 105
158 36
190 8
105 9
135 77
186 141
54 5
145 121
21 130
168 64
197 176
59 97
122 114
83 195
116 165
107 47
117 139
2 43
90 188
73 28
101 155
9 87
22 78
78 35
149 166
61 82
156 170
55 38
129 198
30 57
18 155
43 79
26 166
45 130
198 115
60 110
126 109
88 70
109 138
168 11
37 197
48 20
73 163
140 29
111 136
151 32
49 5
102 63
121 100
88 61
126 200
195 5
128 1
148 18
150 161
96 69
12 9
29 66
164 90
61 157
125 17
48 116
58 3
136 172
66 98
154 173
22 85
199 169
86 21
106 140
134 5
156 131
188 8
48 43
89 190
27 175
179 134
128 129
53 180
148 123
71 27
165 91
145 76
19 69
8 27
101 138
134 84
60 135
66 96
34 32
31 57
69 57
177 179
200 17
1 35
96 65
77 35
3 132
80 76
78 145
146 45
176 21
114 120
2 7
123 115
56 85
161 151
68 78
128 136
65 87
19 158
38 24
199 119
194 105
172 177
106 187
106 20
18 185
78 186
132 123
87 127
50 106
25 135
26 151
150 192
179 137
65 165
116 112
165 135
5 36
197 29
22 173
180 171
161 60
25 61
54 64
33 142
133 120
44 173
97 176
44 14
134 94
50 161
125 94
149 104
80 152
170 42
31 56
192 164
23 161
120 183
75 169
55 152
152 83
124 198
73 129
31 73
24 13
30 190
183 101
21 5
35 124
112 46
14 147
182 180
87 150
104 40
91 188
62 119
122 81
46 119
50 119
193 92
9 38
3 125
55 35
28 151
186 132
144 171
6 78
63 57
83 105
128 20
145 191
142 78
131 33
119 194
142 4
198 77
144 173
170 172
23 61
185 172
33 49
110 24
11 109
21 24
116 5
85 200
168 37
171 136
37 200
159 73
133 71
180 156
137 3
187 119
95 168
89 38
7 95
11 52
89 26
159 46
51 196
14 158
163 189
59 33
67 128
94 68
67 20
107 153
117 67
115 17
68 61
99 64
9 174
7 154
146 88
136 75
13 87
26 114
140 155
61 125
97 49
191 177
148 86
117 186
39 14
81 156
94 25
197 94
155 95
73 148
177 60
186 147
57 99
8 82
168 159
107 127
177 9
78 195
126 124
35 157
41 85
190 128
20 36
163 108
154 198
96 189
59 74
41 188
193 80
54 136
78 170
80 36
144 41
191 107
98 11
110 94
42 111
93 32
179 119
137 80
115 195
84 104
67 98
44 66
58 41
116 28
78 67
60 67
117 14
160 112
177 118
36 121
103 166
175 43
95 105
83 76
109 50
115 68
52 49
107 182
65 176
164 41
57 200
55 37
179 16
78 130
22 35
114 73
49 32
8 179
192 87
1 95
133 125
178 68
6 22
11 24
155 84
41 121
97 74
19 84
32 99
39 136
165 136
166 73
36 164
112 200
128 23
20 34
121 45
119 193
75 105
64 81
133 60
44 129
155 69
148 92
56 77
175 25
125 102
180 40
71 64
119 95
107 23
15 179
149 167
188 15
138 46
101 70
194 133
131 21
198 167
32 68
158 1
161 148
105 172
193 103
3 60
170 149
38 111
184 80
64 90
112 180
50 127
156 77
69 32
187 126
145 132
153 58
137 51
153 62
14 115
190 191
16 80
15 23
147 102
32 133
200 39
53 178
7 131
54 93
164 14
138 67
62 118
120 47
66 101
175 154
98 136
94 165
165 64
186 138
51 165
193 181
152 65
176 166
104 192
192 199
126 57
134 83
88 167
144 29
64 134
95 70
23 6
15 19
177 92
169 84
179 29
6 106
79 96
66 60
191 172
61 140
139 17
164 191
84 77
186 84
119 129
26 49
71 120
104 42
193 123
155 200
101 182
147 106
194 9
195 145
58 74
166 81
174 189
174 121
108 72
47 166
45 133
71 44
80 12
187 18
32 41
20 181
132 99
140 12
84 69
74 84
8 61
172 85
65 177
26 150
57 56
156 4
96 197
47 19
67 27
19 174
117 58
139 98
123 53
183 175
133 3
87 166
23 21
164 62
64 25
41 195
45 171
131 103
191 156
92 35
43 155
5 140
42 47
82 183
131 198
37 148
161 94
6 177
82 157
51 163
138 105
193 183
135 178
39 56
191 141
40 66
186 43
95 48
179 140
165 88
86 161
151 146
161 51
131 60
45 28
112 108
157 166
150 184
200 180
68 64
165 146
1 136
24 39
85 19
18 29
3 66
63 171
3 88
111 74
5 188
115 165
9 62
198 149
63 180
148 105
12 28
46 107
98 169
200 185
53 33
180 197
26 4
94 48
129 48
193 128
103 14
1 65
186 50
189 131
92 69
56 132
77 44
72 116
138 2
106 48
56 98
5 6
14 10
160 124
103 64
20 175
78 59
84 4
65 85
111 27
195 135
142 18
192 35
13 3
59 191
40 154
105 68
110 117
57 148
170 130
194 90
105 160
8 69
28 46
154 19
40 88
64 100
174 63
162 133
33 144
81 177
138 40
181 141
137 125
120 52
4 195
194 113
93 90
165 118
164 81
79 37
27 183
107 105
103 142
88 37
1 191
109 180
179 42
152 198
99 175
158 74
95 152
33 1
165 107
190 111
98 167
9 44
132 114
193 127
101 178
165 172
67 73
181 121
190 189
141 23
166 23
156 3
12 54
135 159
112 150
137 43
179 191
30 146
116 161
7 191
140 134
116 101
119 93
116 140
98 144
98 60
83 153
133 10
171 146
58 94
83 53
12 13
39 86
118 32
163 182
145 194
135 97
48 147
162 125
144 85
179 100
17 3
37 26
159 88
79 155
151 182
125 139
66 65
102 9
76 15
129 165
120 54
195 13
46 130
94 83
93 116
96 81
21 138
116 138
149 7
194 80
104 35
190 36
27 95
84 162
176 83
25 192
168 153
115 56
176 184
4 132
53 57
69 134
140 174
40 89
165 48
191 36
24 149
111 43
136 26
193 165
44 97
116 103
27 23
63 25
125 98
92 190
64 19
147 62
58 102
125 115
35 16
114 167
188 57
144 39
120 101
149 73
175 48
117 118
193 126
31 168
29 97
186 101
47 139
163 125
68 53
13 18
34 169
169 160
172 87
71 2
6 63
5 71
119 60
158 13
68 100
112 174
75 27
129 155
10 30
155 6
155 66
4 44
135 41
80 96
89 141
99 51
125 103
101 28
130 71
171 128
90 169
191 35
63 69
15 159
22 123
163 128
43 153
90 151
123 32
171 11
159 75
40 20
147 9
69 118
142 146
29 171
146 89
54 150
134 41
8 111
141 157
45 26
13 142
4 24
8 141
34 63
155 168
28 7
181 74
146 172
77 13
89 118
66 64
161 11
124 118
142 190
67 136
163 68
142 55
60 132
126 11
41 1
38 61
105 162
199 151
197 98
170 51
182 159
97 187
53 84
156 189
32 114
49 88
183 13
28 95
46 111
94 126
156 106
125 75
109 94
181 93
82 42
162 47
91 161
197 61
22 174
95 195
61 97
124 66
111 129
174 101
167 181
175 158
189 20
118 83
115 71
7 66
75 59
8 174
31 158
173 189
105 166
78 94
23 18
191 6
139 108
60 55
141 187
137 40
146 70
93 91
156 6
115 179
185 180
163 61
24 88
151 74
194 41
187 105
20 146
76 91
126 154
194 32
25 58
19 168
173 151
17 178
131 168
52 186
152 100
51 53
1 114
88 10
169 28
91 184
56 2
166 113
79 195
181 44
45 177
173 175
176 22
39 120
35 156
68 98
176 74
121 77
72 151
128 47
101 45
64 173
70 186
185 24
55 40
46 121
81 77
147 115
108 197
152 146
126 180
11 56
22 164
135 74
56 144
48 41
121 65
44 189
21 40
92 192
111 109
196 44
190 23
120 81
69 171
177 21
22 60
92 91
100 115
160 32
54 173
79 102
166 193
107 124
60 43
183 8
62 71
24 169
157 167
110 64
1 119
60 170
61 20
161 2
98 131
13 25
176 25
172 179
9 137
176 169
180 39
175 174
198 157
192 194
147 151
93 66
29 17
109 115
92 100
196 143
181 148
153 84
167 156
91 5
6 100
91 119
116 124
181 187
73 147
149 134
3 114
60 99
137 113
35 20
190 82
125 13
115 121
74 45
47 187
23 81
171 32
24 8
16 183
99 180
9 58
172 30
77 38
198 164
130 179
18 84
85 142
130 194
127 45
167 133
89 36
78 191
90 85
96 88
36 18
138 64
46 192
85 45
73 106
30 158
128 27
46 113
142 54
128 30
177 155
34 102
164 119
100 13
72 173
85 102
3 41
147 126
143 39
133 123
130 66
41 20
111 69
60 11
145 148
99 127
46 136
157 36
103 140
122 157
186 60
71 150
8 186
58 1
101 196
166 59
73 61
190 7
198 50
21 157
11 49
49 107
7 82
198 119
157 108
110 3
155 188
41 18
168 67
184 11
175 71
6 4
72 193
194 184
96 152
98 150
163 6
70 152
33 113
55 187
88 74
137 172
71 19
102 153
62 195
126 134
108 138
43 12
91 26
76 118
185 195
177 49
168 54
117 138
128 107
41 31
10 101
105 62
133 150
193 57
181 72
155 185
160 165
86 42
5 50
76 54
67 115
64 53
91 121
174 191
4 122
15 64
16 36
172 58
130 200
28 100
4 10
129 178
112 166
166 195
110 156
25 83
91 126
44 194
76 13
69 123
22 195
54 84
22 127
181 14
190 68
90 174
51 46
67 49
193 153
153 100
102 47
70 198
55 171
65 24
140 129
187 90
109 83
26 29
200 102
125 127
79 66
53 49
169 45
42 138
63 36
123 111
46 19
76 37
116 114
116 183
195 40
82 144
57 27
199 50
50 138
145 15
179 122
81 48
54 144
65 159
91 64
156 47
66 160
15 153
86 134
188 109
80 164
147 63
9 161
5 38
10 141
171 46
103 75
43 46
186 174
4 66
125 87
176 161
189 171
141 91
131 91
60 112
180 198
60 89
166 109
31 185
93 84
82 56
50 156
87 50
156 121
125 7
167 41
88 179
61 115
143 21
82 79
27 176
181 55
200 141
186 44
32 21
1 186
54 17
185 150
152 104
198 6
5 133
68 146
147 76
61 123
39 162
44 136
27 147
155 100
116 177
1 16
16 172
87 187
91 160
76 10
90 87
158 18
167 69
176 102
143 42
25 12
162 171
34 92
38 175
147 128
176 148
175 11
22 193
43 94
118 200
70 30
179 180
1 39
160 50
79 56
156 5
37 151
135 120
94 21
191 57
152 192
139 123
11 38
118 99
129 61
21 57
92 93
18 146
131 82
87 47
62 89
3 106
106 25
93 134
26 77
129 163
29 145
103 146
6 75
198 88
145 123
134 182
49 152
104 101
27 182
35 169
60 93
55 115
95 43
102 15
50 118
2 134
87 73
137 143
34 19
173 1
150 188
36 162
164 146
18 156
186 80
156 149
113 106
142 137
30 90
200 142
85 44
68 85
16 146
6 197
178 198
67 110
145 23
41 2
70 164
195 105
23 11
73 55
162 82
84 182
145 100
200 35
38 113
161 130
172 160
40 141
86 119
5 61
166 83
120 16
115 92
83 159
128 32
127 100
115 3
149 111
65 20
171 148
109 97
43 73
151 38
1 10
45 8
161 162
153 21
66 2
115 127
52 25
143 166
51 63
154 15
65 116
28 80
173 32
2 16
183 84
140 98
71 135
177 13
154 146
162 110
182 86
121 143
194 31
30 43
77 31
62 141
104 126
173 94
109 156
18 37
54 81
134 128
189 89
88 80
183 92
52 100
84 175
114 22
126 9
37 19
126 39
169 68
103 183
165 155
184 135
167 148
16 174
138 198
49 44
45 135
96 168
39 55
116 185
194 5
181 119
93 7
36 102
177 47
112 175
111 37
158 135
178 61
135 59
103 84
164 179
16 54
168 62
183 1
68 167
158 22
111 36
65 164
27 100
139 31
150 84
190 5
110 19
163 164
64 118
21 58
1 142
197 52
43 99
94 49
152 144
17 132
121 79
85 9
132 130
92 24
194 1
118 29
120 1
116 90
1 174
37 57
98 117
159 7
191 158
84 76
154 10
189 56
167 197
42 127
18 9
35 97
63 40
49 116
82 97
110 119
57 77
99 54
134 88
142 12
13 104
104 169
105 8
131 158
128 179
31 78
170 53
176 187
13 132
118 5
167 79
36 183
87 160
128 70
144 136
159 3
15 96
1 8
174 133
118 21
23 53
68 148
54 77
184 38
180 71
143 55
127 183
144 87
138 49
81 154
118 72
57 68
132 168
159 20
142 126
65 166
92 133
120 186
50 49
137 64
183 134
100 12
63 111
130 196
41 64
137 33
82 164
69 71
105 102
11 7
87 156
10 37
51 106
109 77
55 36
176 92
26 50
48 14
4 86
37 73
63 100
154 107
78 95
122 150
196 74
81 100
111 127
59 24
98 21
6 124
184 151
189 109
49 191
44 22
35 145
157 168
116 198
91 111
156 80
16 149
180 141
150 123
40 117
45 82
87 177
3 34
109 177
174 104
74 119
6 167
76 172
22 56
149 22
191 33
140 26
26 192
41 162
1 149
183 70
98 157
107 142
28 196
151 30
56 35
103 186
75 170
34 116
43 49
80 11
140 97
93 122
146 128
133 23
145 79
129 168
42 132
80 161
152 41
102 12
132 200
194 11
38 84
14 169
132 172
182 23
187 25
18 125
130 111
49 80
75 21
116 7
87 97
112 1
179 38
152 163
186 196
114 124
115 96
54 73
106 89
116 38
120 103
55 3
171 73
185 6
109 48
127 10
93 155
134 187
20 174
119 47
50 4
123 158
97 196
165 104
186 165
196 11
10 97
172 2
103 12
122 98
22 5
33 69
85 133
171 76
51 122
114 180
144 49
62 191
77 9
124 41
150 5
175 81
145 193
17 174
96 47
129 68
79 92
7 189
131 143
50 183
155 154
168 15
36 95
109 127
111 140
7 107
36 64
191 121
127 172
22 157
174 124
131 92
173 141
24 100
63 9
10 108
174 166
54 178
192 17
3 168
10 100
151 181
183 9
8 78
106 152
9 32
92 191
47 176
33 174
53 166
5 67
58 29
143 61
190 12
64 16
70 10
184 54
63 11
112 67
95 61
114 163
169 52
149 128
14 174
83 184
138 26
42 65
196 81
185 72
3 120
71 57
25 132
101 51
104 85
149 132
134 14
186 162
72 14
191 106
197 145
59 66
188 140
168 14
99 145
164 150
177 69
68 127
130 143
131 97
46 25
82 115
10 140
81 8
167 95
49 155
193 108
52 113
90 45
110 198
72 82
142 52
71 167
127 130
15 169
145 47
91 195
84 170
61 146
123 114
126 161
82 129
34 86
89 149
86 123
77 193
129 21
47 16
181 38
89 193
118 28
61 32
130 129
188 29
126 120
200 92
146 188
11 55
149 158
81 182
150 186
81 10
38 153
23 118
141 30
30 11
111 67
104 7
41 90
21 113
86 93
158 35
76 45
53 163
150 31
161 188
12 1
74 179
142 199
115 175
83 99
79 169
64 131
102 129
123 89
151 130
199 144
36 45
25 158
103 85
167 176
66 170
181 85
75 83
85 163
104 1
151 48
142 77
110 100
142 82
23 167
139 106
132 139
91 28
59 128
134 25
99 152
163 145
98 20
13 197
196 67
1 192
110 61
97 32
43 64
166 128
154 185
182 190
54 179
120 88
68 183
179 162
127 4
22 67
111 195
60 147
31 23
157 19
37 12
168 25
82 178
69 116
9 175
83 54
106 175
95 129
70 4
2 92
27 196
38 63
167 50
170 195
148 155
117 170
176 76
26 157
57 88
28 10
18 72
75 126
195 164
90 5
83 190
137 11
176 88
103 155
84 193
125 97
122 69
150 96
50 44
82 25
7 50
49 198
28 178
105 144
61 112
37 192
77 191
71 139
187 111
139 177
56 23
2 104
111 88
120 105
173 5
190 44
154 73
181 128
64 177
198 26
123 137
47 100
169 184
82 153
82 147
3 199
20 142
142 9
129 19
110 154
86 2
102 151
63 7
181 118
110 17
164 99
86 137
81 28
10 15
102 84
194 161
9 146
29 1
196 5
22 63
145 95
152 132
181 140
113 82
156 61
138 18
29 19
120 83
159 36
36 60
21 44
119 186
94 80
104 83
171 59
152 21
152 75
106 165
60 32
99 87
15 131
122 54
74 94
84 130
134 131
111 141
80 32
163 97
8 88
172 124
199 123
29 172
121 76
158 46
68 166
119 3
198 52
22 163
174 96
50 192
171 143
181 161
100 41
40 161
175 127
189 53
18 140
129 160
40 9
72 157
185 65
178 98
10 2
109 81
86 106
82 38
58 128
119 121
31 93
63 65
117 190
64 194
142 197
81 7
110 135
5 78
34 146
9 153
39 92
160 93
200 45
147 188
73 97
33 12
136 58
83 56
26 118
193 63
45 144
166 74
24 195
27 94
68 44
123 164
33 85
104 76
150 197
98 48
4 118
165 15
190 64
98 118
56 179
46 198
57 141
92 197
48 76
67 100
13 58
129 18
95 151
199 39
147 123
115 122
41 88
166 127
26 86
5 66
27 5
3 174
173 179
185 164
172 18
43 102
9 21
119 159
198 24
103 54
112 191
198 128
142 22
79 129
70 131
77 61
28 33
149 8
66 14
112 56
21 139
145 178
53 171
57 87
134 30
158 97
66 99
27 132
37 35
80 113
6 103
184 118
1 2
127 164
114 86
109 136
134 59
29 111
55 156
190 129
89 162
51 175
120 72
147 56
83 168
113 158
101 148
150 60
103 32
188 26
127 174
94 146
144 62
25 50
2 111
156 127
103 52
138 41
63 169
72 192
15 8
10 79
150 155
147 200
166 170
155 56
188 95
58 24
180 130
108 117
64 189
46 116
39 150
139 13
63 121
183 162
79 104
155 179
149 26
5 138
69 9
47 28
99 198
45 4
169 2
64 95
6 110
3 97
72 148
24 16
100 173
82 43
41 182
178 62
13 102
43 21
6 41
16 103
115 79
170 154
191 13
184 200
20 70
65 130
73 197
1 45
92 57
197 79
99 173
172 6
38 172
15 160
192 130
164 49
165 84
167 56
84 94
123 62
88 191
36 46
44 106
200 60
157 89
135 30
111 161
87 129
40 172
11 164
75 62
9 173
165 123
99 150
68 175
159 32
73 195
112 70
48 119
54 6
158 189
41 103
89 18
56 123
40 112
139 60
46 71
114 42
100 74
11 128
92 173
143 74
81 181
90 115
129 132
113 146
31 161
128 127
42 125
20 141
40 163
62 196
17 162
49 180
98 55
148 1
106 54
31 67
48 105
49 135
54 69
48 173
21 115
25 30
12 119
40 87
30 99
153 181
59 18
38 14
184 141
21 17
93 52
102 42
179 64
23 57
143 82
47 164
197 170
21 154
60 6
44 8
136 24
169 186
34 186
188 46
101 21
15 132
37 59
98 58
198 160
190 120
101 65
195 20
141 65
133 25
184 69
196 76
8 157
137 110
63 95
150 4
26 197
133 100
168 148
193 93
171 47
52 26
124 199
133 1
87 171
81 121
33 20
58 69
63 170
82 34
63 186
173 56
140 193
59 35
196 153
175 196
96 6
133 137
99 134
74 128
106 111
9 172
30 112
63 177
167 47
73 70
164 153
30 84
146 123
179 2
198 5
83 177
149 98
123 50
162 175
136 137
102 126
89 158
101 60
52 6
54 121
102 86
77 40
173 101
179 181
150 121
52 194
124 120
91 200
178 23
165 79
133 47
188 36
64 27
122 63
52 94
79 184
48 61
188 196
136 194
21 60
38 106
149 95
137 74
66 31
189 80
15 189
74 54
161 110
189 73
3 186
36 182
165 105
136 41
21 197
146 197
47 159
183 100
41 69
39 119
15 114
20 124
65 198
160 171
70 116
12 86
180 124
128 64
166 186
146 37
1 154
38 65
157 172
178 56
149 157
17 129
138 115
33 147
158 70
126 61
88 79
104 138
98 102
187 127
105 190
156 172
125 50
158 58
103 195
10 162
24 71
132 47
98 51
19 51
181 199
28 86
111 65
168 119
104 147
40 94
164 13
37 177
47 35
82 24
54 187
37 51
200 22
187 31
23 196
46 132
110 37
22 124
180 82
120 63
41 86
44 169
56 122
53 100
157 136
64 38
195 162
125 176
95 51
187 34
73 138
148 154
136 179
53 41
144 16
54 152
140 57
176 73
172 106
156 13
2 106
104 199
200 104
90 121
30 171
165 152
117 166
102 94
24 138
104 64
58 43
144 155
37 144
108 55
8 80
199 8
38 21
60 47
186 171
40 96
63 168
109 20
186 68
116 58
12 15
74 9
185 32
164 196
97 62
52 161
137 118
54 82
74 77
17 189
185 44
152 120
174 83
19 125
140 70
73 192
23 115
91 21
159 64
82 161
138 15
134 95
102 65
170 82
66 10
150 77
32 37
134 114
134 70
198 136
90 106
127 121
22 93
177 141
137 101
123 75
71 149
89 37
41 37
72 46
30 117
98 135
161 197
146 7
34 101
174 89
45 107
145 169
63 17
122 112
161 19
90 10
181 147
78 63
20 199
126 17
122 103
98 86
121 66
114 181
6 97
115 31
163 106
63 1
65 98
98 116
36 73
53 58
22 49
130 37
155 11
59 11
16 23
130 169
130 167
138 10
166 111
76 129
15 48
195 133
132 153
167 24
67 157
118 190
4 172
181 54
98 123
136 91
91 173
153 72
193 200
174 2
108 75
31 156
151 160
44 56
139 79
99 135
44 104
142 185
62 106
101 98
168 178
71 81
104 10
28 59
146 176
10 170
144 17
69 23
132 115
30 167
11 130
195 158
59 63
21 34
2 18
86 122
114 136
138 150
51 48
127 137
28 37
155 85
194 135
145 58
24 104
190 74
168 161
15 35
115 33
151 108
118 153
62 126
22 130
128 112
31 49
114 197
198 45
5 126
120 100
16 126
82 86
161 120
109 155
9 164
34 97
175 177
40 80
155 77
60 82
148 97
62 192
178 88
31 8
182 174
85 31
86 149
200 84
131 154
101 150
85 72
86 53
116 160
48 180
41 47
20 143
44 195
65 197
126 160
112 74
42 72
75 160
125 45
107 141
66 142
122 55
34 49
55 124
92 42
192 139
71 164
20 51
161 95
31 99
13 31
113 181
34 100
124 81
64 158
39 173
66 6
56 63
149 90
174 65
7 71
8 140
1 124
88 23
89 181
79 157
15 193
194 74
96 5
7 170
184 105
84 8
75 180
24 150
198 78
88 38
125 24
138 12
95 82
107 100
187 130
169 150
105 54
163 26
17 19
70 176
61 39
169 165
129 69
26 111
56 84
114 51
142 93
147 184
183 91
175 67
11 182
7 45
157 91
29 31
147 119
153 16
63 75
46 120
7 74
7 79
163 35
66 163
83 24
26 176
45 108
83 162
31 92
168 179
167 99
176 14
6 118
6 34
144 156
37 164
194 141
194 39
36 118
150 108
27 30
137 78
14 154
159 169
99 119
61 30
130 88
52 178
74 75
13 44
100 131
60 154
61 85
139 23
59 170
105 126
71 76
24 200
172 104
129 57
138 118
130 116
120 38
100 114
56 102
113 99
150 120
148 157
43 78
124 29
9 88
64 140
198 97
143 159
66 168
191 24
153 156
175 166
187 124
158 109
33 127
113 53
4 130
122 118
132 105
117 127
132 81
103 124
27 55
81 106
19 198
106 11
155 36
119 85
193 49
172 56
22 169
186 139
58 200
57 35
144 134
40 188
81 160
11 71
28 113
75 26
174 5
172 176
65 19
150 32
35 23
6 169
185 10
78 28
158 33
85 170
124 53
165 37
6 104
99 104
126 122
142 111
108 127
146 140
122 199
144 184
83 23
75 43
144 166
54 169
94 117
53 6
88 149
63 13
139 28
197 85
60 188
51 113
200 61
169 56
49 85
171 108
194 38
117 88
17 114
24 19
180 2
69 64
86 25
103 176
108 125
161 34
136 87
136 175
49 86
75 104
135 147
177 186
134 173
124 89
200 12
32 88
70 92
116 27
179 184
190 97
10 199
1 68
73 139
36 30
65 75
85 149
104 109
95 107
127 198
157 16
169 171
186 47
137 41
87 195
170 35
8 170
8 48
34 172
17 168
36 184
25 123
23 97
4 194
157 14
66 17
83 142
71 93
128 194
133 165
176 116
143 111
198 22
10 169
37 107
167 94
197 121
107 4
50 43
179 19
46 180
80 102
151 71
35 98
198 171
56 130
159 28
27 137
160 166
122 162
43 166
191 192
200 131
138 142
163 146
80 143
64 70
121 165
51 15
198 165
197 144
99 120
73 188
49 154
156 54
163 179
79 133
62 159
57 2
45 54
192 112
76 42
124 147
20 144
77 87
89 48
172 142
37 24
84 116
134 36
40 159
147 110
142 86
89 19
19 73
116 128
44 130
132 143
127 26
171 173
10 6
117 17
145 83
19 35
142 114
28 130
128 13
87 155
87 21
163 137
145 189
162 46
153 198
79 131
72 7
45 61
89 95
196 46
161 22
89 3
68 52
7 103
192 81
141 11
82 73
86 46
104 148
47 85
120 191
43 27
152 125
80 158
124 104
163 109
125 63
12 127
50 113
105 164
156 102
169 89
9 2
174 86
133 40
199 27
139 10
109 181
24 177
84 63
119 13
31 127
89 79
111 99
78 46
199 88
7 176
98 39
97 117
158 103
7 162
145 177
129 101
57 125
184 97
184 66
122 53
164 107
3 87
50 104
71 83
88 148
96 140
43 145
11 99
120 66
112 141
78 172
91 175
178 121
140 44
157 127
192 116
5 168
181 182
23 179
146 102
21 114
95 32
177 95
200 69
178 181
44 91
159 136
12 180
42 54
101 71
9 121
109 14
34 122
181 91
71 192
162 3
82 48
97 27
166 147
34 60
74 96
164 61
148 35
77 164
50 47
164 59
191 60
29 135
115 18
103 157
121 199
68 36
82 108
21 26
154 172
31 97
166 62
182 92
45 164
85 135
50 173
63 178
149 143
99 2
147 140
71 178
180 20
54 68
62 200
5 193
77 182
147 65
168 134
19 188
48 140
172 198
146 134
182 153
196 68
169 12
184 48
38 47
53 175
189 127
100 33
30 51
162 86
179 12
89 114
164 48
61 191
22 14
131 95
47 121
197 178
66 95
37 134
63 91
60 162
9 39
87 18
12 186
161 20
109 90
196 129
16 92
27 185
84 52
133 97
99 176
98 138
18 108
84 72
177 15
187 28
158 127
129 194
51 64
101 90
162 66
141 4
150 196
7 100
116 29
75 49
79 119
117 37
151 53
87 12
105 86
117 105
117 55
173 125
49 29
122 80
41 59
146 129
15 11
23 104
175 149
172 67
101 171
28 105
31 40
144 23
60 23
58 184
122 146
48 171
162 197
153 52
4 3
58 149
104 129
140 42
100 193
21 134
30 164
97 157
26 120
152 47
171 134
179 176
131 127
45 13
18 174
57 10
87 116
80 74
182 140
129 176
182 2
107 103
185 81
1 118
85 51
122 188
194 60
96 50
178 22
65 76
164 39
145 66
69 147
28 141
83 67
168 48
83 147
153 126
180 139
95 117
22 118
149 125
49 134
188 27
189 76
105 173
12 42
60 118
165 33
176 198
64 52
141 182
115 86
148 195
13 124
179 57
123 182
144 99
155 45
14 4
93 102
63 70
158 62
53 55
129 156
186 26
180 57
150 118
43 141
187 194
193 177
72 182
19 178
74 144
8 123
132 33
138 54
40 8
70 154
104 112
144 31
186 45
200 97
77 161
165 173
49 74
160 19
17 104
119 27
178 60
167 187
57 101
198 68
115 2
47 26
34 180
13 70
25 21
2 123
2 137
53 176
85 99
165 42
141 70
68 50
167 153
149 79
127 126
68 194
175 195
156 27
63 148
78 163
162 77
1 138
177 133
20 8
117 75
87 10
74 18
143 68
168 10
157 85
78 141
67 85
148 79
175 164
80 85
99 81
8 97
183 123
189 132
142 159
35 30
142 61
137 32
187 175
192 44
75 107
111 122
136 21
62 151
124 18
11 87
100 9
102 49
14 34
50 172
167 168
19 133
187 45
118 166
28 117
154 121
37 129
139 102
123 168
90 61
87 178
101 62
105 39
167 64
61 41
104 135
53 50
182 186
46 16
143 200
83 157
125 129
50 2
170 114
154 124
62 184
141 154
57 94
46 131
157 200
117 13
64 101
73 156
45 11
73 190
11 13
117 12
181 33
197 89
168 184
3 67
85 151
46 135
104 178
82 199
123 80
147 66
109 167
112 181
98 145
90 8
73 17
101 25
139 35
13 21
167 177
136 133
50 66
26 161
97 119
88 47
70 50
162 140
41 62
141 16
18 175
87 145
88 128
174 185
119 26
180 136
57 36
112 34
42 195
105 5
14 59
104 12
21 104
95 46
180 89
60 195
92 199
180 144
188 187
20 186
114 58
79 39
76 154
139 190
146 167
35 181
13 167
131 20
170 16
82 88
23 157
107 183
44 132
54 19
88 85
181 134
177 35
73 184
183 119
184 95
62 76
194 173
148 34
97 85
111 18
94 14
176 61
28 69
42 36
86 36
56 125
60 16
16 97
190 78
155 193
127 46
60 48
127 3
137 72
87 37
4 124
83 103
145 72
144 126
89 184
181 166
101 81
185 48
144 113
179 71
17 112
182 158
167 27
177 102
155 131
7 70
62 124
80 180
199 97
140 9
146 194
128 197
4 176
50 115
194 58
110 102
47 51
191 181
65 13
5 151
92 32
110 107
200 146
114 35
98 165
117 154
130 123
67 187
90 124
7 122
24 147
26 59
51 118
68 134
113 120
94 99
14 127
92 188
14 91
21 97
15 152
183 144
149 23
141 53
121 177
62 174
176 20
28 193
167 144
158 174
115 159
152 72
158 137
200 174
4 90
98 81
136 52
176 36
59 31
189 161
43 123
158 98
130 106
113 89
115 95
157 20
185 85
187 78
48 44
95 198
163 195
192 189
149 115
11 64
160 199
33 10
179 46
52 18
175 129
90 12
131 135
33 36
122 181
159 106
193 109
110 15
115 166
184 161
23 55
122 89
34 171
152 77
148 109
140 83
192 54
140 87
198 17
163 159
59 54
23 34
122 21
87 95
150 46
79 26
9 49
91 147
71 33
87 42
54 4
92 75
155 113
190 102
58 189
103 134
86 125
103 199
142 73
41 57
66 49
139 67
155 119
125 185
87 63
20 38
13 14
4 115
98 15
191 184
173 130
191 150
28 125
149 178
54 98
118 108
108 152
61 183
149 48
25 5
79 132
134 67
33 50
125 58
15 34
34 38
186 131
86 30
152 139
144 59
98 156
160 80
79 105
18 112
73 33
149 31
184 94
110 148
115 158
46 63
189 86
194 200
119 20
91 98
35 150
187 100
50 97
139 5
71 94
85 77
163 48
3 152
24 47
11 69
197 131
100 8
152 63
151 150
163 199
123 5
66 89
42 153
5 127
31 119
132 194
7 166
182 148
118 185
158 27
188 37
25 99
181 190
122 132
95 2
25 72
157 92
48 6
75 3
62 149
89 10
1 134
15 78
170 122
130 139
61 121
182 37
3 90
98 59
154 4
118 15
106 200
121 99
44 92
89 126
195 81
17 5
4 40
93 77
167 180
110 200
71 184
139 145
191 197
169 192
46 87
146 199
84 167
107 113
65 6
28 9
102 137
147 113
133 115
74 22
133 111
135 167
141 169
31 155
190 33
183 117
93 199
34 185
54 28
73 58
139 27
46 190
145 175
120 175
99 89
6 161
127 176
91 189
99 46
122 90
100 17
4 28
165 124
192 14
190 113
125 172
9 48
78 149
188 134
45 105
117 189
114 31
36 25
104 57
164 143
69 132
20 75
165 39
154 61
27 33
179 171
103 92
128 12
81 161
187 189
51 28
42 117
192 55
172 184
191 55
117 87
75 47
96 123
31 178
124 127
135 109
66 188
141 196
130 195
118 160
126 149
8 137
51 107
61 22
97 83
150 47
49 122
75 100
96 186
79 187
101 92
191 155
93 149
200 140
156 145
135 48
73 89
107 38
144 114
5 115
192 181
160 168
132 146
108 15
132 1
178 94
134 169
100 172
109 40
167 107
62 44
66 126
150 30
154 71
123 118
5 160
74 3
185 199
130 152
184 166
191 58
75 133
77 178
87 43
159 68
27 101
7 92
39 83
191 94
41 130
167 119
126 47
162 108
179 37
135 16
19 53
199 12
44 143
23 186
126 38
166 61
30 118
80 125
26 125
10 193
71 74
105 140
32 59
46 105
28 124
200 21
162 138
158 185
81 145
148 112
189 153
159 198
115 172
138 30
141 42
46 23
43 112
35 111
69 121
73 121
20 122
80 1
5 180
76 82
5 62
164 134
82 81
180 33
50 73
50 84
116 129
84 11
94 136
86 185
33 159
130 168
15 184
1 85
80 126
10 122
165 200
31 167
46 6
83 37
157 115
142 167
100 163
70 3
84 117
9 66
190 2
16 45
68 120
181 26
51 13
181 77
139 166
136 68
78 25
101 152
46 141
172 71
24 23
159 154
129 63
128 154
169 196
195 86
146 87
78 33
178 187
45 120
100 112
67 183
196 133
101 13
72 159
132 182
186 183
199 89
200 38
155 145
88 196
88 172
151 91
151 171
39 45
181 156
158 15
66 167
75 54
76 161
199 5
76 113
19 170
155 133
75 28
158 180
174 170
112 33
40 92
135 115
180 108
100 106
42 68
77 2
166 158
52 154
60 71
65 123
140 180
72 100
129 158
151 47
38 44
1 44
151 64
153 50
58 123
166 159
177 149
200 89
50 151
58 45
7 55
123 117
98 173
157 188
23 176
125 182
81 117
151 41
164 180
86 186
160 145
148 39
56 13
173 129
147 85
80 135
66 111
32 70
144 58
74 168
12 39
117 104
101 9
58 146
27 130
188 1
15 88
60 76
135 196
79 94
114 30
40 110
62 187
147 4
171 38
116 105
101 192
151 19
6 57
180 95
10 27
123 122
107 177
143 114
112 161
117 31
148 40
34 68
30 44
99 160
133 126
142 27
187 32
6 26
30 15
182 62
200 71
114 173
88 71
93 9
134 98
10 155
9 30
147 50
190 168
62 65
53 135
190 170
157 165
160 107
106 125
156 161
181 87
198 105
72 167
190 114
76 174
98 107
4 2
131 24
3 25
109 58
65 56
116 107
72 9
13 143
112 134
129 186
91 122
168 53
176 138
30 83
127 122
91 166
178 48
11 192
187 10
68 185
191 178
96 37
60 127
64 63
132 184
185 156
99 52
150 131
18 188
8 167
154 174
178 146
101 96
193 56
127 177
186 37
197 80
83 17
138 126
151 157
195 171
155 1
191 43
176 43
115 174
178 123
113 102
15 85
152 142
83 95
26 35
11 172
107 36
122 154
168 1
96 105
64 126
159 121
118 172
173 62
6 93
153 161
23 25
129 117
55 88
122 105
184 92
116 42
145 159
101 114
35 188
88 106
25 127
166 46
66 118
103 22
128 184
47 78
143 97
95 174
115 78
31 169
61 63
190 188
68 162
24 159
178 190
161 163
102 189
153 44
186 10
168 91
109 64
166 66
197 158
140 6
83 14
55 111
116 184
143 51
122 182
92 106
182 184
141 118
140 125
3 12
159 110
185 95
11 159
32 146
162 130
87 86
112 94
60 30
16 70
24 70
133 189
86 101
184 158
93 89
19 8
118 167
115 7
138 22
179 11
191 115
138 190
130 54
195 14
36 149
48 21
79 130
127 90
58 6
105 101
70 43
147 54
161 105
108 58
31 143
155 122
190 163
74 91
52 162
181 159
89 171
133 107
73 51
63 55
72 45
144 32
24 118
16 191
79 8
154 11
78 91
182 18
136 197
165 92
35 43
154 47
163 170
133 135
78 3
165 140
180 111
156 139
24 48
77 65
181 95
51 92
135 31
46 172
74 115
186 110
184 32
66 193
62 86
25 66
27 150
31 35
120 178
86 59
110 160
166 85
42 74
1 140
50 110
38 22
36 178
35 166
136 73
122 62
25 93
199 194
47 168
87 124
183 71
142 98
89 30
85 160
106 138
101 38
183 153
87 16
85 86
66 88
183 135
171 31
99 72
50 136
19 109
48 177
98 161
111 196
10 59
117 103
107 67
33 117
86 47
89 153
10 130
194 55
138 38
143 37
164 168
144 1
142 62
164 73
6 142
128 188
8 192
124 94
171 113
24 74
91 88
65 172
187 101
35 131
70 175
79 183
13 17
121 67
132 190
94 19
83 27
108 88
129 113
129 43
97 78
161 147
194 158
186 29
143 84
10 73
67 87
129 151
38 147
110 78
15 79
130 18
187 173
177 171
154 3
90 95
31 141
71 194
196 132
110 77
152 162
33 111
132 75
186 97
44 172
129 4
119 25
189 186
21 83
90 171
135 198
95 120
188 38
58 171
198 42
96 161
129 56
105 154
10 119
66 192
123 44
25 100
95 102
161 36
128 90
22 165
6 175
86 113
105 167
58 28
12 162
24 156
74 197
132 73
59 161
161 99
5 175
191 45
70 8
145 88
47 200
104 154
126 45
19 16
119 116
64 121
41 128
175 131
56 3
151 21
167 183
198 76
76 116
142 50
51 93
31 109
151 174
43 6
120 138
21 181
131 47
22 34
80 134
53 157
168 185
124 181
75 164
150 168
79 99
28 167
50 54
162 164
184 198
5 186
152 8
27 151
196 199
188 50
177 174
45 114
100 97
77 62
138 72
58 195
184 139
141 33
122 102
113 70
51 126
163 9
189 92
181 154
166 82
49 103
127 167
34 56
29 81
141 138
17 119
121 114
180 21
179 142
51 179
68 192
96 20
46 27
185 159
52 63
26 70
91 144
185 193
177 129
91 72
74 153
188 16
9 189
154 80
90 11
59 84
127 171
167 5
100 157
69 49
101 164
65 105
158 44
127 190
138 178
174 99
200 156
11 31
193 38
158 21
160 141
165 185
1 99
130 101
74 129
35 127
36 70
30 122
179 33
84 179
160 60
86 97
175 96
103 38
109 179
155 28
8 50
151 101
93 45
125 72
48 157
102 178
46 48
41 36
134 180
161 44
16 82
188 181
175 87
55 9
76 195
95 94
88 39
180 100
108 189
63 188
160 4
70 135
34 2
120 48
105 7
172 55
59 152
153 34
145 102
7 129
174 109
141 79
38 183
111 47
168 35
200 170
110 87
36 84
55 85
136 80
124 190
93 30
92 134
117 82
30 34
61 106
67 76
53 81
154 160
64 89
141 38
82 138
116 167
42 121
199 48
115 24
53 131
163 60
153 95
121 84
114 138
181 23
129 105
96 83
39 52
65 195
67 142
19 86
154 125
16 94
196 139
60 109
190 37
196 121
6 89
131 129
151 15
103 100
162 104
78 77
40 142
189 136
66 150
187 169
82 83
68 29
145 119
154 118
86 67
96 63
5 131
192 128
17 60
194 72
193 62
46 115
124 10
186 22
93 111
134 185
89 142
125 124
77 129
15 20
145 21
67 35
68 24
148 64
123 57
22 19
63 71
170 67
188 87
190 15
6 173
39 177
179 158
192 177
41 72
32 176
117 155
136 146
81 183
90 89
8 21
63 77
65 58
148 128
54 43
30 29
49 170
136 110
68 171
196 115
2 146
117 145
128 68
38 72
172 39
96 41
9 84
68 158
161 107
101 135
131 166
113 174
162 45
94 15
57 42
140 89
95 44
157 45
200 11
148 56
124 112
185 74
61 119
125 67
160 200
105 61
103 104
17 164
125 51
136 76
13 32
132 49
110 128
158 49
41 45
45 179
163 177
53 10
29 103
117 195
55 138
113 141
167 169
191 14
26 145
152 68
16 101
43 172
126 40
11 111
32 72
163 46
198 199
172 61
31 16
76 200
117 15
80 101
119 68
42 147
160 102
131 165
194 177
129 28
97 101
18 34
147 146
165 167
143 144
71 6
16 136
41 185
114 25
88 135
22 42
156 179
16 81
37 25
33 125
196 29
57 154
8 2
3 142
200 3
81 2
134 133
5 99
18 50
165 47
166 44
72 93
17 89
58 178
105 182
30 79
119 104
26 143
68 4
26 76
162 79
50 30
80 165
68 87
146 36
99 3
126 164
153 56
176 77
185 25
59 131
112 103
120 29
152 86
197 174
108 26
185 50
11 12
19 200
109 125
120 142
79 137
131 49
27 140
93 192
39 181
175 8
107 34
122 78
63 142
65 64
125 164
138 151
86 157
15 173
196 12
25 198
54 193
134 85
187 91
196 50
165 149
188 104
22 110
11 82
40 101
190 112
131 140
90 48
64 198
196 82
117 109
169 198
16 77
47 173
50 61
132 7
192 45
179 62
67 108
22 150
111 171
38 8
37 77
172 42
18 153
52 158
200 123
91 130
121 101
95 108
47 103
33 67
180 83
128 49
121 120
54 198
132 93
75 200
104 128
78 83
98 180
115 173
175 1
22 199
160 195
57 197
82 40
189 165
190 85
22 70
192 102
183 2
146 186
71 78
94 91
78 106
107 41
20 198
8 102
75 178
149 2
95 67
48 68
132 178
126 101
21 65
128 81
5 178
135 37
179 91
132 118
58 122
185 23
48 16
170 134
39 40
166 12
160 135
155 175
194 183
41 99
13 6
76 73
49 110
193 189
124 65
23 199
122 40
184 14
95 110
50 32
173 37
143 118
4 104
83 144
62 57
104 159
107 125
175 89
99 96
85 143
29 62
89 50
39 60
180 50
59 153
132 188
12 38
30 200
76 127
156 11
133 50
126 50
40 16
115 62
88 53
150 44
76 179
171 183
12 148
50 94
152 129
121 128
93 81
5 7
64 113
62 47
116 148
70 77
36 62
176 153
181 98
149 68
186 105
191 180
102 81
14 6
158 159
116 11
138 127
60 117
14 162
144 73
102 117
40 38
143 88
15 176
41 146
182 139
93 135
170 26
133 147
198 14
93 53
136 123
58 139
164 83
123 112
83 43
19 118
81 142
36 65
89 34
165 179
195 53
114 187
98 179
62 93
110 166
6 127
195 151
166 120
81 193
21 79
122 156
60 157
45 64
95 137
180 170
53 12
33 153
135 140
173 49
106 19
2 110
174 38
125 126
185 51
156 89
97 170
178 95
200 55
49 10
22 37
85 27
119 90
54 38
114 79
65 188
158 168
115 43
94 6
143 46
162 146
84 100
44 89
43 19
135 87
147 145
48 73
112 65
171 100
81 178
79 136
148 135
182 193
48 104
48 54
36 126
147 8
91 62
163 149
95 60
166 108
2 195
73 150
81 1
124 63
47 13
2 26
142 148
91 190
14 145
158 169
158 134
122 39
128 51
66 189
46 109
29 128
103 150
124 5
104 108
15 162
100 150
175 176
8 148
41 67
6 45
18 81
66 134
6 125
107 14
168 170
42 93
171 156
24 77
85 36
125 184
59 180
152 103
145 125
134 79
185 143
125 35
161 15
5 95
168 61
152 90
82 174
124 131
101 76
199 68
183 122
39 47
68 200
92 149
53 16
70 115
128 102
99 153
167 190
83 85
117 193
3 16
17 194
95 165
62 25
79 128
191 176
24 81
149 151
121 29
54 49
176 68
41 22
76 78
32 6
108 107
144 117
143 174
111 53
49 117
36 112
97 39
116 55
81 147
37 30
124 157
96 54
24 111
195 104
191 142
55 62
179 121
12 192
164 7
194 104
118 10
39 62
182 115
4 48
21 112
14 121
82 44
84 149
117 92
116 35
184 67
160 23
12 133
80 140
29 131
126 73
122 168
186 170
76 181
180 18
107 132
124 27
98 80
5 4
14 140
24 194
8 18
40 5
148 42
190 62
146 116
145 75
157 52
27 134
176 18
44 124
124 73
38 110
130 154
64 67
131 51
14 165
5 129
84 35
26 72
59 15
81 199
160 86
40 54
37 69
177 140
170 178
86 70
115 185
136 122
107 6
59 117
192 134
75 76
53 115
143 158
42 66
93 113
100 175
200 190
5 93
198 170
146 161
156 53
15 143
4 123
163 143
115 141
58 32
15 52
12 16
10 146
10 113
1 198
69 99
188 139
185 113
62 102
27 52
11 29
200 183
10 22
103 128
168 137
149 57
107 56
180 189
99 34
22 152
66 148
94 92
192 67
4 197
78 23
176 190
81 50
29 123
19 127
64 184
138 185
69 43
77 124
57 80
76 50
29 119
33 5
167 80
123 108
36 69
102 45
15 170
176 13
12 31
105 89
134 38
4 47
30 174
178 99
172 53
171 13
41 149
126 29
106 31
14 185
102 44
54 172
110 176
19 191
184 159
83 181
30 31
38 50
145 104
176 87
81 17
98 109
138 91
148 117
20 32
72 6
99 16
41 159
185 96
194 19
195 19
18 159
9 98
164 51
5 181
82 118
4 182
96 7
183 74
6 80
171 40
156 194
191 22
80 72
181 164
142 122
28 175
52 164
54 60
145 149
2 194
166 146
186 46
192 51
125 37
168 171
178 91
41 111
9 31
96 147
151 121
111 103
126 108
175 181
95 127
75 97
20 110
24 62
132 64
137 99
100 132
196 174
28 83
191 124
13 110
70 23
109 34
13 60
57 102
17 14
25 44
9 59
150 34
185 80
185 187
78 85
56 162
159 27
179 13
178 96
70 87
93 189
85 70
170 83
137 170
7 139
186 136
182 177
141 64
91 158
193 82
192 170
36 156
167 81
158 107
77 11
14 20
173 36
131 153
118 136
200 94
116 189
107 194
58 181
68 17
48 75
87 82
87 22
124 195
27 126
147 31
105 25
118 175
48 42
143 162
98 49
8 108
137 94
45 67
83 194
83 122
18 137
27 180
76 197
57 160
55 79
35 117
158 200
65 49
63 158
184 146
196 122
130 197
157 38
119 18
166 27
108 19
9 176
97 105
25 194
170 155
164 32
35 79
137 50
144 110
174 78
195 177
145 74
128 96
35 185
88 45
183 156
82 101
162 136
149 189
183 44
200 167
99 75
104 73
65 78
196 48
67 118
141 83
200 187
79 36
60 190
148 196
141 36
67 62
130 29
108 32
189 84
184 87
96 171
191 147
53 139
5 144
200 9
78 99
1 24
64 191
110 29
37 42
70 153
137 68
108 155
188 34
1 185
199 152
107 59
151 122
48 112
84 17
57 91
11 146
89 82
34 145
44 139
68 197
120 25
186 75
159 58
118 102
188 176
10 35
125 117
90 141
100 104
142 124
19 87
72 58
181 196
178 147
111 179
113 112
15 139
57 132
59 46
169 48
92 138
61 109
83 65
77 133
123 189
3 11
76 149
115 107
96 139
21 186
194 103
115 111
11 76
199 180
200 10
52 170
74 37
142 188
185 152
80 128
170 102
74 2
16 117
21 125
175 86
6 102
121 70
81 194
10 135
141 130
107 175
36 197
62 73
69 62
135 192
113 128
187 184
2 48
116 54
31 47
67 174
152 128
86 33
120 156
27 20
70 118
32 29
157 28
40 130
150 124
108 83
150 178
45 77
55 84
189 167
11 139
35 126
104 29
67 74
41 51
166 89
163 185
79 172
124 19
36 91
143 32
151 87
138 19
106 91
192 32
141 193
20 125
55 76
134 19
21 22
120 157
16 180
85 182
116 44
158 164
86 110
134 125
41 189
41 176
53 63
21 162
148 17
17 86
24 179
158 77
65 189
9 46
180 24
76 164
29 89
19 59
153 81
94 147
108 23
181 65
108 64
184 12
93 174
46 80
57 171
98 22
130 31
58 5
75 119
20 148
84 166
164 166
93 198
81 46
73 92
174 34
98 31
115 102
59 1
15 105
87 23
53 136
70 174
101 31
107 13
30 145
169 7
106 151
160 17
77 89
72 37
158 73
93 1
145 91
180 38
92 20
55 103
151 156
40 72
132 38
117 119
73 101
93 128
123 33
11 40
106 94
199 75
49 195
164 183
65 22
107 70
156 21
138 80
42 101
144 161
135 4
142 58
130 13
37 40
16 37
50 52
76 89
129 169
99 200
5 63
78 135
190 180
149 109
48 101
113 179
118 178
161 106
86 88
141 145
19 144
164 137
151 78
173 166
51 70
106 141
4 76
7 160
136 20
63 119
58 54
197 90
138 152
99 107
198 40
43 20
127 160
142 16
80 53
88 147
114 94
126 113
56 143
191 3
56 126
108 84
116 62
10 160
164 142
98 176
14 139
130 174
142 35
128 101
24 116
51 129
165 53
191 136
132 173
52 188
122 197
23 192
119 69
92 186
161 117
59 4
149 4
92 159
132 126
56 17
69 38
149 188
129 107
194 96
151 94
168 4
97 153
84 2
71 3
167 78
126 22
107 12
32 64
183 60
153 140
195 183
114 188
102 16
73 140
126 177
158 47
104 196
8 36
63 32
34 70
28 89
172 135
83 34
127 170
104 130
55 22
167 54
143 96
162 51
7 172
36 51
159 16
83 98
110 88
167 46
53 5
92 85
21 182
10 109
82 92
198 84
119 92
69 185
44 119
53 42
130 102
33 128
47 98
9 19
117 90
20 69
141 82
145 105
57 47
18 113
91 133
161 49
152 82
6 162
193 41
86 6
84 42
80 62
156 90
9 41
120 165
176 95
9 150
64 162
191 195
46 101
125 159
14 63
107 120
68 189
126 92
141 41
176 16
74 43
162 176
38 149
97 14
32 10
47 84
35 120
166 125
75 56
155 23
185 120
162 163
194 49
63 107
87 41
150 6
102 35
78 153
83 185
71 99
184 190
142 43
59 94
25 85
199 174
88 46
134 39
74 60
187 166
96 104
142 76
111 162
4 75
111 173
123 14
149 184
2 36
87 60
146 22
178 140
137 117
11 142
77 60
3 32
90 66
200 152
46 61
91 101
176 45
116 127
142 129
164 88
97 5
174 21
49 123
119 40
99 163
141 139
21 121
52 87
171 79
168 18
131 10
47 116
83 73
140 110
95 128
48 160
176 171
76 159
200 108
9 113
25 32
40 181
70 172
158 183
191 41
3 108
56 104
37 52
126 32
150 128
131 9
87 4
8 103
11 186
101 144
147 197
156 16
81 26
101 7
93 109
17 183
46 193
160 44
188 12
108 146
193 175
88 34
177 68
131 184
96 103
41 14
121 59
47 122
139 99
188 76
40 140
194 115
189 185
145 2
10 158
5 157
63 191
122 73
72 51
119 87
78 124
193 29
39 118
17 87
171 10
17 166
2 198
140 175
29 84
8 113
182 22
80 69
74 105
171 52
147 3
100 46
48 137
35 115
156 10
118 127
79 110
165 163
6 132
57 136
178 76
91 32
51 16
33 61
121 188
102 198
91 107
164 188
153 35
53 87
188 131
154 66
161 65
175 161
45 40
119 173
173 172
135 28
188 113
129 103
38 117
136 181
109 82
105 60
69 81
103 77
103 170
187 46
63 185
188 51
133 38
180 87
153 104
81 60
189 45
6 116
79 108
77 46
136 8
95 77
166 141
70 65
138 166
83 2
104 33
90 166
62 12
79 45
196 172
112 98
87 28
157 164
125 25
153 19
116 194
119 171
21 82
90 1
102 33
196 52
100 170
189 60
32 109
60 159
145 190
38 100
133 175
102 184
112 149
160 28
174 150
123 134
53 164
144 72
116 74
43 152
23 51
147 192
50 152
171 36
97 2
171 2
13 91
3 37
177 103
17 38
19 93
99 62
14 98
146 117
184 16
76 156
66 68
107 136
75 138
38 59
197 99
159 80
94 120
194 179
162 151
142 108
128 196
69 59
192 28
106 97
91 90
146 13
31 53
119 81
68 144
151 6
127 110
173 147
14 93
42 61
90 25
166 129
119 19
133 6
193 99
147 139
189 162
38 140
190 125
13 160
90 99
123 79
168 141
163 112
106 115
57 49
14 79
91 85
179 48
29 105
7 200
163 42
138 96
179 70
46 165
129 99
147 159
165 69
93 112
74 17
48 26
10 192
167 40
84 132
148 143
59 2
142 100
121 2
46 57
24 130
146 175
33 11
98 82
90 100
48 195
103 89
178 114
90 146
190 121
32 191
70 105
84 98
115 188
174 161
28 53
174 23
2 117
81 43
158 178
67 126
100 39
43 52
68 95
187 70
107 54
53 52
114 48
152 16
118 106
33 156
115 139
168 172
76 39
144 131
27 190
12 5
77 190
162 13
59 147
45 124
131 105
119 2
173 149
48 130
23 134
130 133
184 160
84 148
128 60
152 150
185 52
80 148
49 20
15 90
79 192
195 39
176 93
130 74
31 4
106 34
37 127
111 19
169 127
133 76
181 47
12 84
28 72
6 181
145 10
19 121
34 104
4 109
23 50
66 149
178 59
99 186
69 83
189 147
10 92
34 111
150 61
136 169
143 23
118 196
133 160
1 96
16 13
23 28
2 160
134 10
46 174
98 3
94 116
184 195
41 197
179 66
19 102
86 99
150 141
135 43
194 180
137 62
83 88
160 9
32 77
30 26
28 39
104 143
138 88
60 102
42 192
25 42
82 30
173 78
86 151
185 67
47 80
186 200
76 144
140 95
140 50
130 182
35 68
123 71
18 178
156 125
91 65
111 3
59 104
133 139
16 107
178 112
23 89
182 59
122 198
174 98
47 196
96 192
13 181
99 149
191 135
44 98
138 4
144 164
48 5
8 33
79 61
109 74
8 54
15 116
166 1
183 5
42 31
54 182
196 10
28 34
177 1
55 29
50 13
101 163
148 185
13 115
173 136
169 97
150 10
63 28
65 151
198 185
190 193
14 112
31 122
90 108
98 115
63 132
7 134
36 12
8 158
175 192
192 90
59 148
83 63
82 175
106 136
109 43
23 67
172 178
197 115
26 109
187 164
2 79
115 136
193 88
61 158
44 135
95 133
92 180
50 146
63 134
71 12
110 14
86 81
125 8
7 171
107 172
77 8
97 174
69 168
64 83
138 33
114 11
168 79
54 117
137 196
147 141
110 174
138 132
178 9
102 179
13 90
2 181
175 199
126 96
56 142
108 147
140 85
178 37
23 82
136 166
68 191
159 132
90 76
89 183
59 53
81 45
172 193
63 76
71 30
55 107
151 51
118 81
123 35
110 42
80 63
92 120
62 68
40 143
173 198
59 109
160 41
32 75
165 78
13 15
50 187
189 183
152 85
93 11
37 94
96 76
118 3
41 187
187 193
156 19
117 44
21 185
145 51
2 120
98 29
189 191
154 188
182 61
122 87
103 80
41 28
3 23
171 24
196 58
155 9
193 31
150 163
140 186
96 11
48 11
117 124
194 82
48 74
169 32
54 79
121 139
39 20
40 73
36 28
53 129
59 149
16 7
192 103
3 5
16 115
13 123
51 108
155 75
112 168
175 57
106 108
68 139
40 173
145 71
103 59
127 199
184 77
94 158
116 191
52 145
187 52
68 97
101 139
27 65
38 118
199 108
118 94
142 49
71 113
194 45
3 69
155 21
109 154
190 3
39 151
69 4
72 172
170 143
130 125
169 116
160 148
33 96
159 149
153 119
125 27
163 13
183 76
38 31
128 63
29 175
174 136
43 179
80 149
136 142
200 139
182 66
140 28
147 177
134 190
49 30
29 158
37 199
123 185
48 103
16 138
14 86
131 45
164 46
90 178
192 97
193 194
24 91
165 21
30 178
36 168
64 139
108 173
171 120
102 77
110 191
143 79
106 74
56 94
66 125
91 7
85 167
122 95
146 168
104 161
80 146
197 64
156 69
49 108
2 64
197 100
26 82
183 18
94 190
26 164
79 9
171 132
136 151
83 87
180 44
20 66
192 143
95 132
96 124
183 42
82 68
31 140
139 171
111 165
115 19
138 95
159 152
119 172
28 76
113 98
10 56
108 80
116 106
93 20
190 71
90 63
128 21
77 59
132 155
94 166
20 81
179 135
44 120
135 177
91 54
150 157
22 17
24 45
151 113
2 189
114 52
110 97
80 162
182 5
163 93
184 86
86 22
122 82
34 44
111 25
10 31
15 67
194 61
193 13
184 170
89 94
64 127
110 55
157 187
1 4
79 80
12 144
24 34
186 79
52 81
122 23
189 159
53 13
169 88
122 173
79 51
17 147
111 68
25 22
22 177
84 13
49 70
181 132
106 56
61 91
192 85
191 86
196 187
76 88
12 155
32 163
4 98
172 153
190 26
94 182
7 155
115 162
80 198
16 108
132 28
97 9
177 161
160 114
74 113
200 153
144 188
30 189
147 170
103 108
88 59
37 128
74 56
133 121
16 104
79 12
50 103
83 74
154 38
157 170
4 88
51 110
140 4
49 105
6 159
76 95
83 143
114 81
105 111
196 147
193 1
124 21
1 110
1 184
176 193
8 5
74 14
45 166
48 31
22 119
89 110
189 88
92 27
54 131
158 145
150 1
186 142
189 71
25 126
143 86
186 6
28 61
62 146
160 147
101 58
72 111
160 103
1 36
18 86
150 53
96 131
73 47
191 97
23 156
23 10
131 114
140 78
151 9
37 161
59 110
189 164
143 109
155 135
97 36
144 148
155 182
137 119
180 13
52 174
148 43
112 105
77 69
38 114
105 113
92 9
161 169
166 79
116 53
185 79
170 129
159 77
121 166
73 200
116 37
138 63
90 142
46 82
179 31
200 64
118 142
112 194
199 1
37 157
28 110
170 152
131 185
129 9
125 105
126 68
129 50
49 196
80 15
189 122
186 122
165 126
26 191
82 93
51 199
81 125
13 72
194 123
159 34
191 44
38 170
20 64
69 34
52 152
95 136
129 133
18 46
119 11
42 88
162 59
141 74
37 50
105 90
15 195
16 131
74 82
152 111
165 143
200 56
135 180
128 131
190 198
16 9
137 17
87 118
114 65
54 65
20 200
183 114
198 118
140 154
192 163
172 171
70 48
189 29
31 43
57 97
26 31
116 186
30 110
56 121
15 155
7 126
84 184
17 197
87 154
89 138
188 58
180 119
26 94
34 40
40 19
179 169
73 151
128 133
97 162
28 25
17 108
179 18
30 42
34 195
50 131
74 136
188 171
175 40
104 28
142 189
139 194
164 172
114 193
77 166
80 183
169 13
34 191
109 95
53 200
126 112
81 49
97 189
166 71
9 112
64 163
169 182
195 149
53 118
89 160
170 92
118 114
177 57
192 65
61 35
123 196
6 131
29 125
188 13
158 176
92 54
126 103
66 112
49 27
77 108
91 23
129 1
7 73
166 126
69 128
39 129
187 51
168 197
11 180
3 138
149 11
28 1
142 31
49 1
159 180
151 148
187 117
190 160
63 131
82 145
103 21
176 12
58 115
88 132
170 133
118 157
115 163
29 86
64 28
20 72
97 90
133 15
54 148
164 60
39 108
137 31
119 34
61 155
199 87
10 142
80 173
103 31
131 147
21 107
197 51
165 199
183 197
11 89
96 136
82 27
147 190
174 72
104 18
144 141
38 146
23 105
95 104
2 126
82 119
72 149
67 94
157 24
141 60
28 153
180 110
61 24
83 173
194 21
29 69
16 121
42 128
114 103
19 126
85 161
149 64
181 94
33 143
85 169
160 157
160 73
52 121
197 97
6 152
40 151
39 41
146 156
60 29
104 92
103 165
77 29
163 171
155 38
72 39
184 188
102 26
101 23
121 18
144 4
88 20
151 43
97 156
175 121
101 12
166 198
185 129
7 17
15 109
125 191
55 61
60 63
146 169
190 6
72 170
68 113
23 137
174 198
33 195
119 188
44 137
122 130
2 175
15 99
24 80
147 28
179 94
48 155
167 117
127 113
178 3
44 113
192 53
161 89
97 134
151 118
85 158
60 42
136 143
54 32
163 30
108 56
47 77
170 41
189 184
62 162
51 87
44 83
144 65
145 56
198 200
37 45
69 105
48 102
120 13
16 52
169 197
110 25
191 149
1 181
71 126
96 82
120 69
91 155
57 78
126 52
38 57
87 105
186 94
84 65
146 182
90 36
161 154
56 6
186 57
24 170
42 115
189 95
92 136
48 66
172 48
2 101
17 158
19 150
199 54
141 61
112 10
34 125
129 144
63 35
169 21
176 67
107 146
91 41
56 19
183 10
112 158
39 32
23 111
33 177
171 196
72 134
95 191
119 108
1 66
88 89
110 169
182 75
6 21
70 106
101 14
29 44
42 85
107 10
105 10
125 180
113 150
159 82
145 184
45 20
64 169
143 89
175 124
197 160
4 198
12 30
80 78
173 67
58 52
144 97
111 128
6 1
141 131
130 191
58 147
20 104
90 74
179 78
139 87
22 140
96 39
96 18
154 182
6 189
18 163
136 72
196 105
22 106
117 45
43 65
75 156
61 189
163 8
111 6
177 101
29 73
94 188
37 185
121 102
150 179
98 10
54 21
86 199
158 11
111 170
144 26
121 131
63 109
58 35
17 113
179 200
193 17
102 55
64 79
92 90
149 81
38 161
84 61
14 136
14 88
17 167
55 101
112 4
188 47
96 78
147 107
92 105
143 190
50 93
137 20
81 39
129 65
14 47
197 196
96 112
112 52
167 186
184 178
198 15
173 55
74 41
175 10
109 65
142 25
65 187
41 78
175 184
159 187
43 28
26 1
111 198
70 68
47 34
15 33
55 58
35 66
195 28
86 10
199 193
168 108
96 59
15 164
172 123
67 61
55 168
5 2
15 123
138 188
143 50
1 72
195 199
128 114
11 57
123 152
132 117
31 112
53 38
50 46
31 116
28 184
132 137
149 39
67 99
21 1
179 65
29 173
74 33
88 58
150 17
134 159
7 49
132 147
99 187
53 134
142 158
17 136
129 147
57 172
131 138
143 122
62 110
8 63
4 8
91 192
26 16
31 28
41 175
48 174
198 55
109 2
134 130
93 141
82 171
8 194
81 143
196 161
68 99
191 168
80 17
99 147
131 177
44 57
151 120
112 187
174 165
84 113
97 12
97 112
74 157
77 197
172 12
50 42
29 157
65 95
172 139
116 26
45 49
48 38
178 115
194 94
11 138
34 13
119 84
110 111
179 34
118 57
186 125
192 80
12 50
176 147
175 141
180 178
185 117
140 63
107 150
199 74
182 39
145 167
129 25
22 50
51 154
179 188
192 131
134 61
192 16
46 177
165 154
104 37
1 13
178 185
95 196
60 94
56 54
23 119
165 34
163 138
190 194
101 35
187 102
127 49
87 130
79 91
59 169
23 171
153 170
86 54
15 42
183 4
11 177
30 157
179 9
192 40
92 122
126 107
197 153
67 124
92 125
86 147
75 177
71 82
113 20
90 82
22 104
76 111
150 94
183 198
26 36
157 154
46 13
123 52
196 72
1 157
107 39
129 26
73 177
48 108
199 41
173 24
178 72
43 14
194 196
105 189
105 81
12 92
189 72
150 7
76 157
105 175
22 20
195 94
37 175
141 54
132 148
107 170
37 133
58 104
194 75
112 195
142 94
89 43
89 170
4 186
178 193
159 98
80 27
31 17
92 17
124 30
112 27
41 108
199 171
195 154
190 56
136 7
95 13
52 32
147 156
176 58
104 43
61 15
133 34
99 17
7 1
97 124
121 200
149 185
96 106
109 80
88 168
106 42
195 55
185 89
66 63
33 107
4 188
89 195
40 18
86 73
182 68
94 113
55 95
86 15
199 135
92 123
72 75
163 36
3 124
73 23
68 11
140 150
200 42
98 85
30 159
87 56
51 2
130 20
74 81
12 35
109 144
86 188
28 79
62 21
6 18
164 130
144 181
65 7
138 183
43 77
86 159
121 162
22 134
167 191
126 199
64 96
138 110
40 191
35 95
195 37
50 56
101 119
94 47
180 3
164 194
86 177
178 45
91 148
129 41
102 11
152 31
63 62
19 140
168 156
139 148
58 47
142 160
92 145
33 193
18 107
180 69
138 35
23 76
195 32
16 41
74 133
84 168
28 38
51 27
11 183
167 161
56 18
75 116
142 65
53 169
147 67
60 181
39 54
139 20
165 128
37 11
115 137
190 14
196 189
188 54
181 149
21 42
176 56
116 68
175 42
25 115
20 63
108 110
170 146
51 116
124 139
121 185
174 87
10 181
58 174
68 92
190 69
106 24
177 158
11 169
12 146
107 42
58 167
152 27
127 38
136 19
33 30
136 3
72 57
68 141
106 114
47 21
150 67
19 159
113 36
72 150
160 92
18 189
140 163
123 154
155 172
149 130
112 16
33 24
127 180
141 9
178 130
60 64
68 72
177 136
67 55
156 99
76 57
51 39
49 133
15 58
174 119
194 157
69 61
97 137
133 61
184 21
138 134
25 43
118 31
131 94
31 113
165 26
137 166
130 77
134 199
49 92
66 37
120 14
9 81
116 33
56 184
20 179
4 174
71 165
37 49
14 156
70 90
94 170
130 120
163 11
110 53
45 60
79 151
132 141
173 84
113 133
101 107
80 2
66 186
94 82
115 112
27 32
57 106
120 168
78 7
167 150
60 49
105 183
58 154
56 32
153 55
173 33
94 64
162 166
25 152
35 87
177 154
55 140
12 158
99 154
84 194
133 35
69 137
86 104
162 70
162 22
2 114
5 154
79 5
102 17
46 44
50 11
103 70
90 184
43 26
175 185
89 80
69 106
55 125
41 178
83 198
90 23
39 13
124 185
76 148
37 198
114 149
67 52
166 33
153 121
11 187
53 96
77 86
44 151
86 140
165 32
25 163
27 187
58 185
34 126
162 169
147 179
51 89
199 188
125 195
4 113
47 72
18 100
157 131
124 196
20 153
122 85
95 50
43 193
1 117
38 162
8 109
177 124
49 87
112 155
21 52
24 113
91 86
18 25
157 174
135 193
64 188
46 67
193 8
78 161
61 136
15 127
142 168
170 196
13 129
148 89
162 116
67 178
89 78
77 52
67 123
10 65
65 145
15 49
104 146
58 138
149 179
36 56
85 118
144 13
180 55
136 178
54 3
183 173
63 194
71 198
6 59
93 35
140 126
51 190
13 184
130 158
38 30
183 73
85 3
52 127
32 188
121 123
180 142
34 93
40 183
163 12
180 174
151 197
46 104
121 167
70 61
41 192
124 130
76 132
9 187
155 199
171 91
120 170
192 59
164 155
177 138
67 70
139 149
59 60
191 76
1 178
114 191
89 172
65 191
130 58
164 184
195 147
72 121
198 79
85 116
89 144
48 50
17 98
70 196
62 148
29 76
196 41
12 164
131 164
184 167
19 36
146 31
193 173
105 18
37 99
196 55
128 176
39 112
11 28
63 154
158 156
74 184
176 54
148 146
95 23
145 136
143 100
113 7
170 18
77 174
164 151
37 123
34 120
68 117
34 182
193 45
59 64
81 31
128 38
43 126
5 15
51 100
104 19
180 132
136 37
54 110
169 67
160 185
4 21
19 30
83 49
40 32
51 88
62 129
86 150
198 187
194 53
64 84
60 85
88 26
65 190
155 147
50 181
35 4
121 160
88 92
62 72
11 16
174 164
119 136
61 148
161 75
79 24
188 33
140 23
197 109
186 69
194 102
100 96
51 123
157 179
12 167
101 184
126 188
144 159
108 94
101 133
197 11
93 171
84 197
136 2
94 123
32 132
84 135
157 114
149 37
110 46
190 140
150 142
104 132
43 66
6 113
155 54
52 155
75 147
123 155
5 52
12 182
183 28
31 45
15 95
72 70
75 101
7 181
1 115
56 186
47 18
76 109
67 2
199 130
18 186
66 143
184 199
29 142
199 78
26 23
4 181
25 57
26 10
193 107
119 134
187 35
81 155
200 195
76 16
115 146
37 147
173 116
146 43
94 5
102 155
29 165
176 6
175 45
72 3
183 37
154 187
69 78
191 5
90 132
4 110
102 23
17 24
88 7
65 136
24 154
175 14
31 189
175 117
3 91
14 137
84 172
173 59
47 134
47 17
34 78
44 84
118 197
118 113
132 29
47 110
132 135
7 142
4 93
126 12
171 191
22 72
158 170
132 97
66 47
174 55
43 36
56 26
103 1
118 43
164 186
42 52
165 176
193 162
78 196
133 93
40 68
174 39
7 185
28 137
96 190
193 50
125 123
33 14
2 11
83 60
7 141
52 83
135 113
29 20
7 27
58 92
151 183
66 117
168 28
178 64
38 139
153 39
7 39
177 5
153 124
72 74
9 78
188 137
73 14
196 85
81 38
194 131
192 117
107 111
10 143
6 8
61 7
15 97
103 51
76 35
71 80
34 127
121 38
30 121
2 94
110 43
32 51
59 27
136 185
16 111
64 82
176 119
151 105
23 39
24 112
26 107
161 180
73 96
89 97
182 14
199 128
12 193
109 195
155 194
116 102
88 129
195 47
124 40
75 1
74 35
1 76
93 43
108 195
105 26
161 122
134 56
94 54
189 198
187 140
20 196
17 55
194 134
44 177
188 117
173 110
106 12
124 101
168 175
58 57
143 4
2 17
192 36
96 180
90 43
144 22
98 163
173 146
128 177
34 72
41 123
162 123
150 48
168 39
16 96
156 163
5 37
40 61
82 154
134 6
182 108
55 69
84 152
90 139
63 195
153 57
66 138
98 69
93 175
85 54
193 174
52 73
136 49
195 189
133 161
132 110
61 171
131 89
191 182
31 133
188 141
147 46
183 20
4 17
140 118
156 58
28 56
146 138
20 87
177 183
151 177
122 171
45 59
196 35
59 85
25 153
1 197
31 2
34 81
83 77
147 194
110 182
40 116
121 55
129 64
180 43
103 189
15 82
140 109
197 129
86 74
131 112
18 192
22 160
10 177
97 179
60 153
64 186
147 112
95 62
80 55
100 76
155 3
146 49
200 151
11 120
29 167
23 177
97 99
36 122
48 97
169 147
169 25
179 41
112 151
171 114
84 51
109 146
60 171
22 99
124 132
121 130
85 117
58 119
9 135
183 58
150 97
87 39
195 146
161 53
113 40
103 44
140 20
164 149
33 58
127 75
136 187
128 40
36 189
126 98
142 97
156 159
77 134
137 10
193 18
74 138
8 101
96 199
134 157
182 9
114 59
148 28
1 30
173 176
42 40
5 130
62 50
51 159
80 139
148 46
17 199
17 93
174 153
196 106
173 104
146 93
16 14
164 104
48 83
108 135
177 100
58 26
40 1
172 120
6 67
89 182
11 101
106 112
7 99
177 144
99 184
76 146
200 23
88 142
117 78
103 71
164 118
85 14
196 119
89 108
49 179
1 171
196 112
178 167
102 82
82 114
181 195
179 138
31 72
15 121
47 46
72 44
103 34
92 139
26 41
84 120
158 20
73 198
4 139
100 146
113 196
95 143
88 90
20 170
15 147
59 196
32 5
133 138
152 73
180 193
12 60
138 48
144 150
114 172
153 116
49 12
43 161
29 134
12 14
85 156
22 91
176 120
90 39
120 108
68 172
38 176
141 109
60 173
162 33
78 2
135 51
127 185
12 10
77 157
25 131
62 60
146 71
51 21
107 35
130 113
198 36
138 28
31 52
106 195
164 20
40 164
60 18
83 57
125 187
137 15
4 114
73 91
7 60
87 108
61 103
99 183
139 169
31 70
50 39
62 108
99 159
160 176
95 31
82 149
177 105
160 61
165 19
182 95
10 77
194 22
103 185
117 158
49 64
171 35
81 144
48 139
143 153
100 73
55 197
22 112
18 184
128 138
45 150
18 63
19 28
26 196
171 155
28 93
141 192
8 131
6 11
73 141
151 82
42 154
180 163
114 148
64 182
104 74
143 110
46 97
114 23
57 161
20 111
79 49
161 71
141 63
35 64
97 128
140 47
123 91
185 192
148 177
148 52
194 122
75 142
83 139
20 134
169 58
192 180
74 152
181 32
192 178
191 132
62 135
26 152
62 49
126 130
166 64
12 91
76 93
147 34
110 124
149 162
166 102
97 115
197 45
149 3
18 85
4 108
43 91
109 165
71 141
51 71
103 144
92 6
165 16
140 171
63 163
32 166
55 92
127 147
40 47
155 70
83 81
48 132
190 39
14 129
117 120
137 29
35 167
8 12
158 157
184 85
27 88
82 28
190 17
135 13
84 49
187 177
149 119
86 127
100 160
139 26
33 3
56 53
184 181
167 60
155 78
5 82
15 69
44 19
146 21
25 137
199 80
86 89
37 131
127 72
94 145
172 83
170 22
58 164
180 60
20 120
137 4
153 138
94 155
105 38
97 64
71 59
130 157
102 7
118 115
82 116
177 130
14 167
100 60
54 63
25 136
195 173
84 122
61 31
100 48
27 87
158 81
146 64
155 176
62 11
3 92
58 131
24 128
177 143
56 89
127 43
93 96
105 123
180 67
107 43
147 49
127 24
63 200
198 100
180 137
8 142
28 32
94 135
37 140
44 93
6 196
89 47
126 8
169 114
32 23
29 159
41 190
197 40
86 57
141 29
65 137
130 114
46 39
74 163
127 146
6 182
165 10
125 31
184 183
120 51
115 8
119 160
181 30
49 96
106 162
75 168
31 44
21 196
68 174
118 97
173 65
93 121
152 98
84 48
41 10
96 145
123 184
65 120
177 188
73 161
65 90
70 122
127 80
36 175
65 117
197 95
150 56
197 171
87 34
123 171
3 173
48 143
135 64
5 169
63 93
127 120
129 52
117 174
88 72
56 30
20 192
65 55
163 127
87 98
165 148
155 73
61 13
11 127
133 169
15 72
36 106
89 32
65 5
21 31
70 110
40 100
68 180
10 51
168 147
4 46
92 141
65 182
21 144
136 138
159 79
75 188
29 5
5 72
196 145
51 9
92 146
69 160
150 74
161 119
150 95
97 111
51 121
71 131
175 125
108 44
10 190
94 75
123 59
9 118
111 135
131 119
15 200
157 47
53 94
66 107
131 41
17 12
122 110
182 60
14 108
8 16
150 162
141 104
81 14
20 10
178 6
112 86
42 144
84 199
173 61
58 100
126 121
64 181
112 143
63 3
174 64
110 120
93 94
72 130
39 127
134 17
78 48
198 151
110 178
178 39
40 99
162 109
91 197
199 64
34 11
29 185
43 143
5 51
95 47
55 97
81 112
72 164
38 35
177 72
156 84
111 193
108 69
199 99
64 50
67 1
63 176
140 45
92 53
74 131
92 43
86 128
187 148
8 73
27 41
174 61
195 1
177 62
144 189
164 25
145 180
97 93
34 124
12 129
142 48
132 72
91 11
140 69
82 103
67 36
128 56
54 171
122 66
178 109
170 27
75 80
188 169
74 87
73 185
103 39
71 96
55 87
199 154
14 46
181 24
130 136
191 8
134 141
85 74
174 131
65 18
200 124
159 13
1 163
83 130
136 112
99 190
49 189
57 33
48 154
189 182
9 132
155 19
199 30
185 26
147 6
87 84
31 166
52 75
44 179
6 98
34 164
55 83
165 93
36 17
33 55
172 90
113 58
70 129
43 32
129 42
14 60
146 187
29 75
126 31
50 108
29 174
149 50
20 86
121 88
25 174
198 75
140 173
138 167
83 70
110 150
200 28
97 155
88 77
162 93
31 24
174 168
71 182
30 161
166 69
154 64
174 169
83 18
105 3
140 157
177 78
34 90
156 49
43 154
157 137
2 178
80 129
132 162
139 189
4 67
97 66
157 125
14 152
74 38
72 10
185 151
157 195
191 126
79 190
135 118
197 102
8 146
177 34
126 97
171 88
183 75
179 52
191 39
16 66
172 167
34 115
154 178
20 99
199 79
3 194
159 153
163 151
42 123
197 72
161 41
198 175
183 45
75 171
197 30
33 92
162 118
190 136
176 199
198 91
94 17
102 138
105 40
43 144
171 97
148 85
21 49
98 23
37 39
43 199
80 4
29 46
30 192
183 129
98 19
55 30
49 78
34 160
190 76
97 120
174 188
110 8
6 7
20 16
170 110
175 123
51 158
108 98
123 104
104 144
49 178
179 129
112 84
21 76
86 141
116 17
190 25
52 96
25 140
141 44
91 47
93 196
52 33
124 72
93 195
7 144
17 28
47 104
165 177
162 135
135 55
117 48
151 115
31 131
42 97
22 69
178 27
200 117
119 72
120 194
59 20
74 139
54 185
195 129
193 97
196 33
65 113
65 156
44 122
61 137
137 126
200 196
17 71
56 27
160 59
69 107
159 177
71 153
47 137
35 175
146 131
28 163
179 14
166 122
95 91
200 81
57 84
23 52
148 11
53 67
25 4
198 103
23 106
86 100
155 107
156 152
131 176
99 4
183 110
29 74
58 168
190 13
183 22
160 109
168 8
38 80
121 71
100 164
53 177
27 81
197 39
116 10
170 145
31 148
17 120
178 21
13 161
156 126
184 129
199 109
130 32
24 102
39 167
12 21
29 12
87 30
150 89
132 195
26 46
17 9
105 84
113 177
64 13
197 119
38 142
177 77
29 34
111 78
55 189
187 199
73 125
98 106
175 134
23 172
53 71
49 130
26 40
93 145
10 191
63 139
27 66
52 149
98 164
167 125
164 167
58 81
183 161
87 8
175 189
71 28
60 174
43 131
171 65
89 194
108 36
66 76
177 55
187 150
24 120
194 163
21 10
101 122
137 73
35 44
96 77
179 59
51 198
197 3
15 71
83 113
66 158
60 25
26 156
102 99
93 124
33 42
18 144
35 140
67 143
163 88
157 80
129 96
57 187
46 37
185 47
75 179
192 190
54 25
60 130
185 122
23 1
184 40
103 190
10 48
148 127
128 158
187 4
51 130
159 44
146 179
74 169
72 77
40 6
89 136
107 186
176 44
77 64
190 72
132 120
113 13
75 68
138 113
120 115
188 71
56 80
197 125
117 171
57 121
70 19
183 15
44 147
51 4
144 112
141 69
111 139
12 159
113 191
44 128
72 122
191 47
70 114
59 187
144 170
7 121
68 91
118 194
16 57
48 176
66 197
93 169
186 49
192 47
154 28
69 173
12 131
135 107
143 199
5 122
16 178
5 170
91 153
170 116
8 64
54 195
64 5
39 70
141 170
40 144
132 164
61 193
105 152
110 118
148 25
88 185
140 120
12 173
131 152
101 67
38 165
9 186
163 135
129 59
6 184
196 99
168 29
61 6
55 81
83 47
130 75
170 9
21 189
163 69
85 107
99 35
79 142
75 176
192 64
79 31
45 110
96 48
131 52
30 62
125 64
3 164
158 171
41 75
73 42
112 89
165 81
87 142
80 81
191 51
32 96
128 4
183 196
19 164
101 170
120 23
37 63
188 79
147 111
172 86
114 110
160 96
149 51
63 153
60 197
142 135
164 2
172 131
17 151
60 168
90 35
37 67
113 26
30 111
72 113
45 98
156 34
33 99
184 45
31 138
4 74
49 182
187 123
164 64
43 7
194 62
198 32
102 182
118 171
160 153
32 139
86 117
81 97
84 146
14 186
154 151
127 1
150 3
139 110
184 154
33 46
104 198
140 49
83 151
150 15
7 187
88 161
6 84
91 8
36 148
168 93
186 185
97 107
163 153
34 42
69 27
187 93
134 195
108 37
159 131
63 156
84 85
69 1
70 97
43 3
135 100
161 152
45 44
11 67
51 80
69 159
134 52
56 91
69 101
46 70
96 164
185 56
108 111
46 128
38 32
29 79
161 93
160 94
25 181
163 3
47 92
200 49
59 146
131 88
168 21
152 79
54 159
168 133
88 78
95 57
52 1
5 18
65 140
155 62
179 154
103 90
120 195
163 47
163 144
7 69
186 81
31 104
195 98
39 11
24 35
169 189
27 35
112 37
51 29
153 51
58 27
134 110
147 80
85 179
132 67
179 40
104 63
55 90
63 143
115 45
171 187
198 72
11 140
13 92
65 17
25 2
92 174
110 33
168 163
151 33
136 126
19 55
103 179
118 170
5 59
192 74
140 127
139 143
99 73
144 35
46 152
53 121
161 113
143 57
198 150
56 41
24 90
12 145
57 12
113 199
112 198
191 4
86 120
75 163
26 171
90 145
109 87
5 89
26 168
131 102
3 170
56 73
103 187
34 157
142 53
100 113
146 60
73 199
21 15
145 77
34 39
153 111
11 20
180 22
61 14
115 84
113 125
167 4
131 137
139 97
43 150
59 90
1 9
96 46
193 158
14 57
127 67
144 108
36 130
48 25
87 78
50 36
186 112
61 4
82 51
34 51
15 57
179 86
154 101
162 144
169 87
39 128
62 15
103 35
140 159
13 155
167 43
10 52
174 41
20 154
149 10
86 146
195 50
104 183
193 120
79 118
197 135
189 40
88 173
162 75
72 117
108 35
150 149
29 33
16 147
100 22
165 125
17 123
1 84
108 160
127 192
118 139
141 140
115 184
168 70
124 100
31 58
67 8
124 159
123 95
156 100
65 163
27 86
76 69
105 34
35 122
172 45
199 177
193 105
119 135
172 47
96 22
167 32
145 116
57 194
85 154
172 158
154 153
164 57
84 158
7 157
118 54
119 112
38 125
11 51
132 183
114 137
61 76
73 127
88 100
86 126
132 78
121 44
116 195
124 148
5 86
102 10
29 23
160 77
152 169
115 15
104 114
176 49
21 172
168 23
12 139
170 55
181 45
78 197
157 84
123 198
43 157
131 77
4 173
154 45
135 128
41 44
141 159
117 69
129 93
29 37
19 95
42 100
2 127
18 103
133 154
102 52
144 130
83 92
163 139
159 138
58 173
190 22
189 130
134 148
26 14
174 11
64 72
75 149
113 131
170 109
74 178
135 103
161 128
45 168
143 141
23 125
176 194
102 38
153 139
193 40
60 108
59 39
183 187
153 195
25 35
145 161
137 191
90 199
194 137
72 147
7 153
72 103
87 101
136 163
58 10
148 198
143 62
26 39
137 145
8 66
16 171
121 98
192 60
195 29
180 45
172 19
200 192
169 41
27 113
158 144
168 32
94 3
29 155
43 62
143 30
99 128
106 58
93 100
161 4
19 6
178 89
5 75
50 134
109 7
140 24
29 109
111 9
190 101
112 54
118 49
59 108
190 171
51 183
15 120
118 119
129 2
65 200
183 63
164 139
17 146
154 8
111 174
196 45
97 94
5 44
65 110
21 179
34 189
93 39
141 117
166 99
134 160
149 136
196 56
121 68
73 66
46 103
60 61
162 98
126 63
169 96
84 190
47 106
96 142
42 167
57 74
185 169
21 166
66 104
165 72
54 189
112 19
138 199
3 101
112 184
199 69
66 151
36 35
45 75
25 118
146 33
180 150
30 72
121 155
158 151
140 184
53 1
164 27
163 160
118 159
191 162
159 160
129 199
69 151
128 3
40 52
43 10
165 166
110 195
9 57
89 39
136 97
3 2
29 147
24 96
150 28
73 172
146 66
75 35
13 174
80 77
6 144
151 34
48 152
48 122
77 154
88 52
92 181
166 18
33 82
113 16
177 28
141 128
48 56
182 67
154 111
60 166
112 182
60 169
17 170
32 98
92 163
191 80
182 161
40 115
163 113
155 44
161 115
40 56
15 26
180 81
18 139
17 35
80 52
111 96
171 6
90 176
162 188
103 74
1 87
72 160
65 26
33 164
56 60
86 164
116 79
116 43
142 127
140 84
133 146
146 57
94 12
110 34
101 169
40 2
200 25
82 148
11 58
66 45
67 43
143 194
163 187
34 85
32 158
73 179
139 2
145 126
30 177
9 116
36 14
41 139
2 141
185 98
8 7
101 197
19 49
165 82
69 12
144 66
39 71
57 13
125 85
111 177
185 87
171 17
184 27
53 167
183 148
140 108
194 73
132 165
111 168
102 140
156 46
178 176
173 26
57 20
129 123
141 99
153 48
154 156
170 29
102 120
101 99
106 135
124 82
66 51
2 39
172 80
8 127
44 109
128 82
39 170
141 37
199 66
133 13
142 171
24 49
121 25
148 103
47 179
184 82
5 106
166 196
56 133
92 153
102 163
103 182
189 170
38 41
61 149
195 119
26 62
67 71
125 198
68 131
124 171
120 61
4 177
57 170
174 49
126 189
164 94
122 19
79 164
20 52
3 83
122 192
28 40
133 14
149 147
49 71
128 83
83 110
91 176
39 113
142 130
102 3
62 157
148 6
49 2
137 12
170 65
8 145
59 58
190 75
39 5
32 148
84 110
25 15
12 96
176 46
136 62
53 132
195 180
186 121
52 192
43 72
79 38
197 46
168 42
44 198
139 3
66 67
16 193
114 200
23 45
83 146
80 99
90 182
155 72
13 170
111 51
142 109
186 72
154 44
123 99
152 133
170 98
143 117
168 192
175 50
38 192
153 199
42 149
123 160
105 121
40 178
164 66
61 196
191 170
142 91
104 155
84 45
41 15
188 178
39 137
69 85
151 125
39 158
143 5
31 64
38 37
71 97
191 37
191 153
21 170
55 1
151 75
178 93
86 95
171 102
197 124
68 30
72 35
6 105
36 151
17 107
56 95
143 161
57 163
149 161
77 75
78 169
125 14
165 181
179 67
4 52
199 46
164 110
33 6
75 73
46 10
68 140
45 14
84 160
40 169
53 30
198 141
122 46
118 128
81 127
106 117
39 38
91 134
55 178
54 1
8 62
197 113
192 48
16 185
109 132
75 44
191 17
95 106
84 124
191 42
97 123
21 16
56 37
103 164
24 144
92 25
188 129
126 88
16 194
75 106
95 40
28 29
54 29
1 153
161 21
63 31
49 150
90 155
137 87
147 12
167 194
67 158
182 137
159 100
54 22
159 195
93 114
19 141
184 137
3 196
100 184
152 71
172 194
104 32
17 185
120 19
166 168
58 133
107 181
16 33
72 23
179 125
123 174
182 99
35 2
51 195
84 80
35 165
88 17
7 128
151 16
89 188
28 67
69 48
145 127
197 86
154 95
49 16
4 85
99 170
185 176
98 196
133 66
84 195
162 71
1 79
23 189
101 194
90 53
5 119
158 93
114 84
108 145
184 23
192 109
128 2
139 30
101 111
140 191
18 80
4 134
51 17
13 74
145 150
175 104
114 185
156 1
116 86
135 21
83 32
10 188
157 147
170 165
37 31
167 91
41 29
40 90
195 11
189 125
146 119
93 18
175 142
14 18
110 104
131 39
186 31
150 137
143 92
13 148
75 135
39 106
70 137
52 92
116 95
90 104
67 32
52 51
144 146
153 128
151 137
148 192
175 31
133 16
49 171
100 59
65 37
101 88
199 59
167 132
98 151
150 160
170 160
52 78
71 124
101 142
50 144
172 59
23 123
134 74
153 148
53 190
49 39
172 183
166 52
187 17
17 49
112 57
12 2
104 38
132 96
190 20
24 129
165 9
164 177
182 38
154 171
115 9
158 120
184 114
66 131
131 28
186 2
128 91
87 69
197 172
164 108
18 21
80 200
115 47
182 43
188 102
181 84
178 148
83 6
1 130
136 13
84 79
64 156
56 67
141 100
115 124
124 70
141 49
113 5
85 100
24 139
13 145
172 200
8 139
180 14
138 94
190 122
92 1
73 116
161 16
54 55
118 174
61 188
114 147
183 98
151 45
122 104
135 200
51 33
83 114
196 2
166 11
173 120
99 194
124 59
169 61
177 61
198 12
97 84
129 134
109 131
144 102
120 67
156 132
121 113
88 31
18 4
106 157
46 108
73 26
149 56
145 16
127 101
68 123
157 54
84 41
151 167
147 5
65 118
193 60
70 98
199 4
177 157
45 30
186 155
45 27
172 181
96 127
194 92
17 157
87 114
33 148
109 130
80 168
141 67
79 32
95 59
158 23
11 157
172 112
43 170
182 172
79 46
154 120
1 48
190 195
2 62
171 5
79 103
107 5
59 44
116 66
182 91
139 84
22 125
70 165
197 16
99 26
194 140
41 132
31 33
55 64
151 93
122 13
52 124
151 176
71 52
98 79
91 50
87 132
108 174
34 196
6 149
31 191
9 61
71 34
88 22
154 22
27 3
103 196
37 189
49 167
102 83
149 29
156 116
171 178
85 109
6 16
154 108
153 68
77 116
124 38
89 58
37 174
12 81
39 159
85 150
135 50
31 110
148 7
122 94
20 149
92 124
192 69
69 194
143 156
72 78
140 151
176 10
108 20
117 63
131 13
14 172
150 190
138 171
11 122
19 184
182 135
142 192
124 134
24 46
26 130
34 193
111 4
89 145
60 73
184 78
179 28
99 100
21 102
11 178
37 1
141 152
148 95
159 5
67 18
133 132
175 186
48 156
90 163
57 5
20 31
181 198
94 162
15 167
149 53
65 61
163 70
51 189
146 97
77 144
165 187
193 44
102 100
86 24
95 183
136 32
174 75
85 95
153 98
182 111
98 127
7 34
109 183
189 63
178 70
129 92
180 187
142 72
34 57
40 53
167 175
88 144
18 88
67 162
145 166
69 193
26 98
178 199
62 100
166 57
78 181
197 42
78 50
182 8
39 142
58 161
42 59
196 138
2 144
49 185
22 135
112 35
50 120
55 137
93 103
124 128
113 184
199 118
52 172
147 64
47 170
111 52
131 191
55 120
145 131
91 70
10 114
81 37
57 152
105 171
140 152
43 8
29 63
4 20
71 107
24 73
175 49
83 66
184 136
184 111
16 167
153 67
18 39
103 133
168 99
16 5
121 74
193 71
52 168
21 59
55 157
194 108
116 134
33 108
50 60
191 89
20 73
194 40
106 181
99 122
161 121
109 18
99 138
18 147
26 159
66 137
6 166
131 62
106 164
141 97
43 136
125 132
68 155
34 35
79 179
85 141
150 105
1 162
7 48
124 109
103 2
148 90
57 173
141 114
180 97
142 196
150 25
65 80
122 180
31 153
39 169
96 130
101 37
133 117
173 184
121 129
72 79
186 13
25 70
66 161
94 42
63 179
200 169
196 136
73 105
30 69
136 35
165 138
131 107
81 87
53 85
66 18
22 113
128 186
151 99
140 56
15 128
134 33
62 90
90 75
31 159
57 110
89 128
97 116
138 122
131 199
184 163
76 103
95 199
173 196
62 186
9 80
64 180
145 135
146 181
34 76
102 64
71 41
40 29
157 102
89 24
163 123
27 174
183 31
20 6
6 187
162 28
194 79
188 44
165 134
99 95
109 71
78 38
17 175
137 160
54 13
31 128
90 71
65 2
67 72
19 79
173 70
180 47
28 22
14 150
107 78
107 104
56 47
124 24
120 134
61 99
64 172
36 21
74 47
79 180
156 175
49 113
8 197
185 60
107 48
20 102
93 55
66 30
16 148
132 10
11 131
161 129
200 72
148 164
198 121
176 107
187 66
6 55
38 96
106 26
20 24
95 29
170 187
93 78
190 131
54 52
25 160
200 41
187 43
77 119
170 115
113 152
173 169
121 8
104 191
13 178
53 133
58 175
55 190
99 179
186 7
81 174
83 126
154 74
120 33
141 119
142 147
199 77
129 164
165 139
117 96
200 113
195 35
62 78
11 145
37 159
163 80
119 138
128 170
134 186
178 80
107 162
132 39
127 136
116 59
71 87
196 149
57 65
133 8
185 119
83 62
48 134
153 79
35 80
72 29
169 106
155 159
33 124
40 84
2 47
51 56
2 166
11 44
152 173
41 177
18 171
112 146
86 156
85 175
44 175
101 22
15 192
173 162
157 105
118 158
136 70
114 41
136 5
184 53
11 103
68 142
54 166
120 141
96 23
108 2
11 110
78 58
93 69
105 41
58 49
72 92
131 117
12 56
105 100
39 138
25 155
49 137
56 188
154 129
149 47
129 40
92 37
77 97
159 117
160 155
32 76
39 152
43 164
112 177
135 73
153 24
169 137
50 65
141 158
106 145
117 181
193 154
104 15
119 151
35 62
163 87
134 156
13 5
175 191
40 157
172 36
28 112
199 19
151 1
118 2
153 103
158 75
189 62
60 196
161 186
4 15
129 137
123 144
45 56
95 139
3 65
17 78
70 169
73 78
165 43
38 67
193 171
136 164
111 64
189 33
134 196
143 76
125 91
174 183
153 150
144 122
58 197
76 168
46 45
187 5
114 135
99 148
143 1
6 153
28 98
97 129
69 70
75 124
33 26
77 104
165 60
15 185
14 126
146 75
73 57
109 52
76 59
127 114
133 82
187 23
104 156
89 167
196 163
151 23
92 135
148 158
93 104
95 38
83 179
121 183
109 116
61 161
197 5
141 123
49 40
191 193
86 130
103 147
194 162
53 14
191 139
44 51
93 59
79 70
52 45
70 15
69 68
55 34
68 138
48 59
91 15
77 122
37 171
135 89
90 179
86 64
196 184
142 45
157 175
124 12
84 86
69 144
156 56
174 129
183 23
108 124
10 125
19 20
51 176
66 173
85 43
42 158
89 147
54 51
142 104
152 61
101 185
4 126
176 66
120 125
18 160
199 162
8 159
120 79
37 163
163 183
133 68
112 125
134 65
171 166
4 119
107 163
176 35
69 176
92 95
141 66
31 124
98 97
111 199
57 122
193 136
10 172
8 25
63 164
84 106
199 71
164 156
75 34
200 36
30 100
168 125
34 98
59 99
187 44
186 17
72 123
157 71
22 188
89 81
58 150
70 109
182 197
153 32
169 107
35 129
5 185
133 166
48 166
67 166
189 179
57 19
35 11
103 17
125 54
109 190
74 167
138 184
123 151
197 193
169 69
116 135
141 21
118 96
75 12
164 24
181 133
84 125
92 78
57 158
86 23
55 13
78 120
45 188
160 83
200 159
149 141
152 183
166 13
106 33
122 28
63 27
108 143
92 152
156 115
14 143
193 27
135 96
35 161
183 30
177 106
156 186
126 170
89 116
51 140
152 182
145 186
149 176
54 135
185 105
111 131
178 131
4 125
147 98
111 45
117 32
11 95
20 126
69 139
71 148
82 50
54 146
56 165
182 119
35 186
124 61
109 121
113 11
87 128
86 198
185 13
81 35
38 13
129 34
96 173
111 163
155 41
124 173
90 190
121 4
200 54
14 111
49 95
106 180
157 78
69 145
191 84
178 117
97 65
63 114
75 185
121 86
153 2
59 200
78 79
75 173
112 55
113 85
50 158
57 109
34 17
12 76
142 149
24 163
98 72
33 94
68 106
176 31
144 119
196 192
92 111
90 78
78 1
65 71
175 160
35 52
82 39
76 166
189 128
184 29
31 96
179 192
76 122
192 172
129 16
98 175
190 93
118 109
182 156
151 166
39 16
36 66
7 194
133 43
62 150
169 175
177 110
82 192
165 145
28 146
138 32
61 116
64 14
18 167
19 68
186 168
92 107
10 179
188 93
149 190
179 69
148 113
44 58
25 39
130 23
104 187
139 138
146 130
130 42
94 1
88 28
162 112
109 172
105 114
7 111
184 117
199 148
77 28
194 28
180 157
69 40
13 22
116 174
10 167
162 95
156 37
24 192
45 139
175 101
14 163
20 74
59 51
126 28
158 82
91 31
14 187
148 190
51 55
142 132
38 108
80 26
18 7
90 7
91 129
145 198
187 37
181 41
126 21
70 167
158 101
38 136
2 28
171 62
192 144
193 122
64 88
55 119
137 37
1 60
83 35
39 94
123 31
28 50
194 197
133 42
21 105
101 5
12 171
124 149
78 56
151 187
110 76
200 154
153 45
19 189
2 177
9 36
147 13
62 16
200 98
85 131
70 27
39 65
69 21
120 18
135 130
190 197
8 34
82 181
155 71
47 193
69 13
57 168
163 148
3 184
2 19
129 150
15 16
56 105
27 28
198 90
180 151
179 160
87 96
105 27
95 156
194 36
146 23
74 187
122 25
163 23
34 48
26 61
115 148
110 56
139 55
85 26
152 91
157 68
188 106
152 56
32 129
64 6
40 74
188 103
166 100
32 35
87 88
9 54
101 30
144 125
128 9
167 113
21 150
7 133
82 91
164 8
95 45
127 56
129 6
42 156
135 186
168 92
119 128
96 92
138 147
30 184
110 74
81 190
131 75
102 123
29 200
104 157
167 63
42 43
84 66
179 126
13 79
59 83
65 169
116 67
44 52
59 184
134 32
160 88
185 42
60 96
84 107
170 48
197 111
198 3
75 67
146 135
5 114
24 123
171 85
21 71
186 77
64 120
155 88
86 80
159 94
53 20
65 99
63 42
117 176
108 57
175 122
147 175
33 63
60 152
158 165
145 61
105 4
11 43
197 12
100 19
172 190
59 55
64 133
81 92
7 52
54 89
89 67
174 50
194 169
2 53
159 90
197 44
43 185
164 29
34 184
157 50
71 140
24 145
101 94
199 33
28 6
125 78
161 62
137 138
153 192
94 66
173 89
91 45
16 200
127 106
151 31
144 52
132 59
97 37
137 116
60 179
155 125
119 105
65 138
40 25
159 186
185 36
134 106
114 69
54 126
188 96
114 109
183 93
114 39
200 119
178 179
154 13
99 169
177 93
80 14
10 74
147 45
20 23
172 199
103 184
40 13
170 161
187 15
153 27
31 34
27 98
152 24
184 153
155 195
91 174
164 182
173 107
69 97
77 165
32 193
107 9
40 51
96 25
75 86
131 104
71 168
127 66
186 190
151 134
13 36
117 107
191 54
34 198
4 171
83 156
39 109
125 32
186 82
63 159
55 163
98 130
9 65
186 123
121 20
186 33
179 190
83 42
113 1
98 186
57 60
59 62
24 98
126 119
99 114
59 65
85 62
162 78
85 120
63 160
56 59
161 187
183 145
131 133
33 72
12 105
106 101
94 29
131 163
131 27
196 69
131 187
192 22
30 6
4 49
14 119
47 109
30 142
20 178
169 190
116 20
182 40
6 170
79 44
104 111
172 116
162 72
111 126
179 123
53 182
32 55
83 29
81 146
4 120
53 74
158 153
134 163
74 55
81 59
49 28
170 119
141 48
18 44
104 26
67 148
79 174
94 10
24 28
147 148
62 31
105 179
49 183
101 43
16 86
185 38
57 190
5 148
97 20
74 107
163 20
160 143
156 91
3 151
39 160
91 96
173 23
165 159
94 172
121 111
154 59
94 156
130 52
16 137
159 196
67 133
120 93
188 165
127 29
128 52
85 111
162 92
11 125
58 180
99 77
186 27
81 85
107 119
82 18
141 94
139 161
71 55
78 70
3 195
174 120
99 189
44 144
47 117
66 114
17 25
141 35
130 19
187 38
161 102
39 30
71 108
73 79
87 85
109 103
55 52
69 195
191 119
20 18
98 88
1 51
191 101
109 16
76 185
75 38
188 77
197 82
71 129
79 71
36 177
110 91
142 123
72 135
195 150
100 82
10 157
113 48
187 2
131 118
35 50
109 150
168 200
145 39
159 188
146 79
110 185
127 162
75 78
46 194
128 180
67 122
77 48
159 97
111 167
26 112
197 38
55 77
33 145
58 39
91 105
187 153
178 32
118 134
97 122
159 78
165 13
181 102
170 121
18 114
198 38
106 167
11 167
187 192
158 198
126 141
56 38
158 48
57 147
157 27
188 152
85 32
162 120
98 100
135 8
17 62
152 1
24 63
136 135
43 168
200 122
53 3
38 29
89 111
25 165
133 171
42 166
91 177
54 10
36 74
151 59
51 6
50 90
28 65
42 23
96 158
77 113
32 127
141 102
81 129
124 119
51 90
116 56
79 178
122 75
9 90
141 3
86 139
81 150
132 5
167 34
21 96
88 35
59 177
147 120
50 45
18 162
72 52
162 160
85 89
107 178
125 69
61 74
81 141
116 136
19 48
163 58
3 126
83 116
199 141
44 61
7 145
24 14
150 57
194 142
137 91
173 188
108 148
56 182
81 22
6 36
56 69
190 98
90 110
142 133
28 180
92 23
178 4
124 164
92 185
93 106
126 44
89 159
34 37
42 120
191 81
1 46
171 170
160 152
82 47
117 19
176 139
117 89
86 8
150 80
102 186
144 194
132 150
41 68
152 153
13 116
102 70
72 61
39 101
96 98
152 164
30 115
100 147
166 177
177 150
24 105
55 130
177 122
189 111
24 133
74 191
70 11
125 59
2 192
58 186
38 135
42 157
190 63
162 49
131 130
24 85
162 87
62 4
175 178
155 20
2 170
15 119
5 153
72 65
65 132
86 65
99 63
38 137
181 70
109 137
130 7
186 188
162 165
130 110
98 46
44 101
94 77
87 121
167 158
106 18
39 175
153 127
172 92
165 63
182 100
114 92
65 194
163 200
116 41
152 134
197 165
63 108
195 36
141 51
93 127
104 181
154 29
79 63
170 87
172 148
75 139
40 75
133 72
9 120
62 165
52 141
81 157
151 92
142 113
126 41
96 182
75 53
149 49
190 42
38 177
147 10
168 126
148 137
120 12
58 16
197 189
120 96
168 117
117 115
126 183
163 176
146 139
97 151
46 15
86 200
187 142
15 186
22 185
172 41
5 76
120 197
54 44
21 63
152 109
40 134
7 57
142 116
157 44
83 1
19 41
159 95
173 34
121 31
173 185
31 69
33 172
148 184
84 154
127 44
90 60
167 67
168 138
4 11
32 31
85 112
47 182
83 117
113 104
193 55
9 148
111 157
166 194
119 41
124 2
173 82
136 83
189 135
24 44
35 54
66 62
15 74
73 69
79 124
22 95
123 26
138 180
73 110
160 106
54 109
200 48
32 196
69 47
21 35
48 118
171 165
39 130
178 69
70 41
40 177
157 87
183 160
123 38
20 12
12 68
13 52
107 109
42 188
113 159
129 83
185 59
101 95
126 192
32 19
144 149
194 42
131 87
188 99
76 47
81 5
53 79
182 133
149 172
91 97
1 102
80 60
133 178
82 6
198 156
9 82
146 44
189 38
104 11
177 114
200 178
101 179
12 109
6 25
118 176
163 132
41 7
71 18
146 143
40 135
197 14
28 97
113 42
121 149
53 18
185 179
10 153
81 32
151 55
105 44
35 70
164 116
188 100
124 51
90 195
156 68
130 90
145 57
99 157
56 192
78 183
130 128
9 144
132 51
45 134
123 107
31 86
135 36
139 136
168 72
89 20
177 146
104 49
103 43
200 88
181 34
124 168
177 70
19 183
31 75
144 96
58 151
9 117
48 131
5 45
65 48
116 23
198 21
169 115
76 22
121 189
115 72
153 66
17 173
48 146
84 21
134 174
193 129
127 62
55 114
116 150
88 122
93 182
191 99
77 106
85 198
22 77
89 27
168 89
174 195
49 91
15 87
62 197
89 75
193 98
198 113
53 147
125 104
48 23
57 59
90 46
158 76
100 108
75 167
74 32
104 91
195 96
7 108
117 112
134 147
77 4
137 124
21 195
9 33
87 25
104 54
2 52
117 114
32 47
111 192
111 71
139 131
70 133
127 151
126 13
43 34
175 7
136 69
199 139
162 88
13 111
37 122
191 9
90 98
86 153
39 110
14 105
93 167
178 83
66 80
73 167
83 19
158 121
45 122
73 4
165 3
200 43
143 12
149 131
103 181
153 93
143 29
148 81
87 72
134 54
160 191
183 39
1 89
90 154
75 14
190 183
87 31
121 112
53 45
26 110
154 93
54 47
177 7
74 12
187 138
77 118
57 28
17 40
133 90
107 138
129 115
136 85
24 158
34 74
108 114
133 197
195 100
198 134
153 135
46 181
185 135
192 137
106 109
139 197
98 187
159 103
20 193
151 60
155 139
61 80
131 32
19 113
60 88
45 152
199 145
154 162
128 164
193 132
105 32
126 152
68 18
55 12
5 26
158 9
64 42
64 176
189 106
78 14
141 121
151 196
190 59
132 86
91 35
108 73
90 72
124 23
43 17
15 148
138 129
65 45
77 101
166 197
120 179
121 173
163 21
99 108
73 109
75 120
99 6
175 13
142 32
133 83
126 1
135 27
155 92
113 59
194 114
61 3
75 181
83 46
150 193
193 101
192 124
78 164
115 32
158 126
167 174
93 99
177 99
128 178
7 97
180 26
55 24
8 95
152 115
89 107
77 153
7 197
170 132
35 42
156 52
162 156
33 182
55 44
40 162
9 185
96 57
49 109
82 49
75 15
163 2
168 13
153 101
187 191
174 28
102 71
59 106
183 169
52 17
101 117
136 167
165 50
177 104
129 127
198 41
83 197
44 73
3 158
179 25
105 71
26 179
20 133
45 182
115 48
109 161
102 183
158 119
8 76
145 63
56 198
46 5
168 6
70 44
193 151
152 20
104 62
183 24
68 102
117 116
102 30
134 101
88 102
166 192
155 22
14 146
54 57
139 43
172 138
97 165
31 136
127 13
157 32
41 165
42 20
170 169
91 16
94 163
22 32
61 180
51 57
69 2
143 183
143 182
67 195
171 94
71 136
166 106
140 161
33 171
127 144
153 157
173 135
47 12
160 189
174 159
189 114
7 23
81 130
163 39
110 113
42 180
102 90
34 140
151 96
50 130
162 4
118 193
61 27
102 193
128 77
151 13
193 52
196 36
105 191
132 26
7 196
105 20
52 41
141 32
176 89
165 5
166 97
112 78
158 173
192 6
91 143
64 24
152 69
26 194
90 56
61 19
170 138
126 77
10 61
22 151
155 67
124 176
115 180
121 138
86 38
144 124
170 32
142 42
17 145
112 29
105 109
126 148
90 112
23 170
184 47
30 94
43 195
178 42
33 91
55 144
197 107
50 69
17 154
50 31
50 88
159 35
29 156
151 186
19 173
163 56
180 84
149 44
150 117
89 49
147 109
59 49
9 181
192 160
159 108
53 26
197 152
124 113
33 81
10 126
154 41
104 185
17 155
164 23
2 116
180 188
169 164
146 196
48 197
94 24
199 29
48 198
190 24
28 60
25 128
123 11
173 46
43 169
93 56
55 146
152 148
60 2
45 70
196 120
102 150
148 100
113 153
12 191
194 165
118 58
59 122
170 193
34 123
143 47
82 36
65 115
188 55
145 152
131 30
88 175
128 109
64 34
189 138
97 104
164 56
195 138
46 21
151 139
137 92
8 49
8 185
53 44
174 12
8 107
189 57
95 71
132 35
75 140
146 73
68 164
53 174
192 113
100 26
116 8
53 125
94 103
65 32
123 83
133 52
34 132
80 166
134 176
191 138
20 37
94 121
27 76
61 147
2 168
91 149
133 151
200 181
26 66
154 26
81 65
186 197
105 135
92 158
67 171
125 46
191 100
92 161
149 182
72 176
24 30
124 151
19 163
47 55
122 15
102 46
155 126
109 198
15 141
58 187
184 122
25 27
193 83
135 67
63 182
174 47
15 1
181 174
140 17
19 10
30 194
133 127
23 159
191 102
163 38
154 138
50 169
181 28
64 171
164 193
73 71
46 191
152 23
160 16
72 54
173 168
155 136
89 98
117 11
1 159
148 38
178 186
85 20
54 165
22 159
152 11
19 185
65 40
198 133
88 188
135 65
98 38
196 198
87 120
60 126
23 109
20 135
50 168
15 181
168 44
151 76
59 157
105 136
81 78
147 158
199 28
186 61
102 195
198 10
159 14
50 163
129 159
40 79
140 7
174 26
48 57
6 183
182 88
135 5
45 71
21 191
175 24
118 168
189 104
184 93
134 43
91 117
24 6
182 142
52 12
154 180
42 11
43 59
51 7
55 86
130 163
67 77
18 98
184 33
51 78
76 139
41 122
126 42
11 198
52 125
17 27
71 106
31 195
129 106
66 33
8 162
9 180
93 46
108 175
173 14
141 72
199 32
155 16
32 135
68 147
180 52
122 117
163 157
145 181
154 53
58 76
67 160
190 100
25 199
189 168
47 161
12 136
1 182
84 67
188 111
17 48
27 29
58 198
190 32
54 33
66 103
22 117
29 194
147 121
84 39
129 98
166 16
187 86
81 138
162 177
52 82
159 164
10 152
104 139
70 28
123 195
131 55
111 17
127 89
161 136
156 40
67 44
27 11
91 109
162 200
108 70
3 146
130 108
28 158
29 2
168 41
157 95
76 7
129 15
118 84
143 128
108 68
108 1
40 35
111 84
103 156
9 50
84 58
65 178
164 50
162 53
190 165
114 119
9 188
29 160
123 66
91 99
141 151
24 9
89 42
14 89
8 22
97 138
36 128
192 119
190 16
122 165
139 116
27 68
135 39
97 41
103 151
90 143
76 153
182 10
104 27
90 140
170 142
52 104
131 93
101 115
14 100
89 74
110 75
63 110
123 109
190 151
51 166
35 106
75 148
79 86
184 157
120 56
126 30
22 24
140 33
7 120
191 48
174 43
154 145
138 23
6 76
170 179
16 163
58 38
85 188
161 42
199 15
54 37
36 137
107 62
139 109
14 58
9 10
166 183
169 120
74 122
54 95
111 113
32 62
43 16
169 148
182 121
145 67
1 86
170 34
139 91
183 3
24 54
155 143
12 48
1 14
179 127
184 49
171 21
200 133
63 135
100 123
130 186
103 23
84 163
3 160
102 152
156 78
114 46
123 7
101 63
58 17
73 193
181 160
109 191
130 2
5 162
132 128
182 26
52 60
89 133
179 187
107 22
75 189
24 162
181 197
57 4
174 54
161 5
175 116
119 109
45 123
71 36
22 36
76 40
183 137
141 183
157 178
2 13
126 106
14 23
81 57
87 6
13 85
71 122
180 41
176 29
109 9
85 168
97 58
94 38
21 41
166 161
198 117
52 46
52 90
5 30
51 173
154 31
104 163
137 195
163 103
175 150
147 136
24 75
27 200
100 129
185 194
41 110
173 199
4 71
49 151
20 13
123 73
62 138
134 82
77 148
124 74
53 61
36 154
186 106
36 131
67 69
5 9
113 75
183 124
164 145
167 96
140 114
178 29
164 112
53 4
12 168
166 19
199 116
7 58
112 135
184 39
18 154
11 86
107 151
126 178
127 143
181 125
180 102
20 115
66 91
49 119
173 38
19 142
116 16
120 144
153 94
157 70
90 125
173 13
6 188
101 156
172 174
4 103
148 149
123 177
25 177
3 29
62 96
117 126
143 187
144 15
76 44
68 151
91 40
82 13
13 141
138 87
60 37
88 116
121 92
114 71
9 94
176 60
195 196
199 179
133 149
132 11
177 8
80 3
79 191
4 185
149 101
152 184
45 145
115 26
6 37
160 76
19 13
155 151
125 96
176 84
183 72
157 156
39 66
102 25
174 51
175 34
120 146
82 188
147 183
2 184
167 120
19 146
12 151
164 190
132 197
2 14
117 21
192 151
80 20
124 47
72 110
68 170
159 91
86 170
157 18
62 160
58 95
64 170
6 199
80 33
169 17
100 144
68 114
195 107
50 171
112 68
42 105
151 67
104 72
48 99
124 88
162 129
46 32
103 154
85 35
130 67
154 113
42 131
197 53
187 120
63 92
114 98
175 69
185 126
158 114
92 76
196 9
1 190
8 150
194 85
63 175
3 52
4 101
55 179
178 166
101 19
192 89
30 195
7 53
96 84
28 115
85 76
145 60
176 81
102 165
150 181
141 176
121 171
66 41
148 174
96 159
172 93
185 2
13 99
15 66
73 68
187 42
162 65
172 162
71 14
62 176
179 108
24 172
157 63
87 173
72 83
90 6
159 21
116 99
166 169
127 40
44 94
151 25
198 94
198 140
79 160
178 85
87 115
57 114
169 117
140 185
9 52
108 47
70 159
175 109
93 194
151 89
190 155
71 38
77 139
34 52
3 59
58 79
83 165
16 134
89 9
99 82
135 187
14 160
117 8
142 14
126 93
41 54
148 102
38 45
65 47
85 139
34 91
175 62
14 76
73 134
20 83
198 33
136 47
11 107
68 110
200 2
75 134
76 115
9 8
98 99
71 116
1 97
9 73
165 6
13 199
129 20
148 21
145 200
150 36
50 184
12 161
149 65
102 133
126 186
185 100
18 145
161 24
40 85
184 106
111 120
167 196
41 40
85 189
198 101
40 103
129 55
62 169
81 123
183 188
98 73
110 112
61 16
1 109
89 84
179 174
108 122
135 6
180 123
192 76
43 13
64 10
182 44
175 64
58 42
29 181
181 135
25 77
159 57
95 21
77 53
31 46
7 80
65 31
70 82
54 119
141 163
59 194
125 79
50 57
86 35
26 54
99 10
103 87
12 82
15 3
55 169
43 56
9 199
170 45
131 18
146 126
148 186
170 73
154 37
7 13
37 58
8 46
191 200
163 147
77 173
114 145
137 42
139 88
23 9
92 110
121 136
85 16
156 114
134 113
157 142
100 94
118 37
12 46
157 133
60 68
181 177
36 54
151 135
193 26
65 180
95 4
173 155
79 83
16 30
124 54
70 132
125 74
36 103
42 182
154 83
145 179
131 69
193 156
26 96
196 30
91 163
84 24
19 7
42 90
142 44
195 66
168 7
33 88
182 173
76 105
31 51
127 141
101 29
60 20
123 30
72 60
106 150
36 75
88 11
13 62
113 29
116 113
50 3
3 47
199 21
104 70
93 80
183 139
101 54
119 166
158 99
169 1
23 13
171 80
36 4
175 165
48 123
3 36
92 22
114 176
168 162
116 147
69 95
34 142
85 145
100 50
123 153
120 182
180 155
177 88
34 192
106 65
130 117
20 162
185 196
20 177
37 84
96 109
163 4
182 192
41 43
28 190
126 184
124 155
51 156
101 102
81 110
11 78
119 142
106 14
154 152
117 194
124 102
198 144
41 60
55 154
154 116
58 152
103 56
55 41
23 121
2 33
81 79
21 74
55 96
187 19
176 130
112 114
59 87
29 190
193 79
197 164
93 13
40 27
113 180
188 136
153 186
58 93
54 46
18 11
81 163
115 171
25 195
62 82
161 165
9 166
135 170
189 25
150 199
116 196
13 28
162 76
59 72
187 155
122 149
14 15
175 179
34 27
141 39
40 30
49 111
80 48
135 90
137 96
134 117
71 47
7 94
96 155
87 89
58 70
181 90
131 22
188 125
100 95
88 103
194 98
148 50
95 33
127 65
173 8
136 63
18 116
77 1
173 112
87 143
6 146
184 107
192 162
124 60
135 157
36 180
118 161
88 30
36 78
41 34
133 145
122 147
9 138
12 59
199 137
104 9
48 188
107 30
33 23
91 84
188 24
101 59
183 125
173 133
195 70
156 44
19 74
188 197
195 82
15 197
24 141
7 59
145 1
59 79
17 45
74 50
195 192
50 63
147 97
144 178
150 11
111 116
194 10
198 114
81 36
175 119
185 93
104 184
174 105
179 6
170 106
13 103
192 193
16 158
8 172
120 122
34 158
194 97
191 173
16 123
151 10
33 68
53 60
176 145
162 91
9 11
153 30
3 193
45 137
196 177
30 120
1 57
70 60
174 126
111 159
126 53
172 91
66 191
118 17
46 153
35 189
26 97
136 59
76 25
197 19
132 66
176 154
19 105
68 71
21 50
59 168
160 45
82 10
47 199
170 88
124 179
103 123
126 84
70 99
34 79
105 55
9 20
18 42
35 160
160 186
183 146
12 116
126 171
192 19
84 70
104 30
6 158
24 101
138 17
100 29
22 83
33 18
174 6
111 183
19 123
124 8
148 74
72 76
54 31
78 188
37 75
61 29
186 24
67 191
152 155
170 131
87 5
156 136
177 71
33 187
64 29
99 28
69 46
29 21
129 31
5 10
108 156
152 53
170 31
27 172
14 11
28 5
60 78
42 29
96 35
192 197
166 22
128 85
29 67
187 109
176 168
197 138
170 69
3 14
32 145
71 89
68 150
85 46
46 41
94 128
124 133
86 178
148 166
61 102
140 133
102 92
2 157
108 187
87 26
66 87
54 180
190 67
119 127
121 194
79 173
156 173
44 200
51 76
34 95
22 68
15 180
7 161
89 163
82 130
186 73
6 108
192 132
146 180
190 52
25 26
93 12
197 177
194 181
16 17
164 10
89 35
102 173
30 7
51 115
33 7
51 150
54 67
39 156
56 175
128 17
150 148
129 191
178 46
99 38
137 100
41 4
65 175
13 9
161 46
23 93
104 133
139 29
122 153
55 46
51 38
100 11
79 111
44 118
127 103
137 153
137 57
132 131
145 97
112 45
94 13
112 82
113 145
58 90
191 118
196 18
39 193
15 9
145 129
47 153
22 26
103 5
51 67
44 163
193 78
147 101
2 154
83 8
167 51
98 43
176 143
45 199
47 44
98 182
39 21
74 30
135 81
43 189
60 198
109 27
47 5
38 199
148 87
172 20
36 119
89 15
181 69
86 163
1 5
67 102
97 60
32 1
154 169
57 119
30 77
124 152
147 187
68 10
123 1
75 166
119 56
168 51
89 92
172 117
132 80
48 49
184 60
16 63
125 47
47 112
12 73
53 99
60 120
105 180
65 67
95 12
137 5
143 115
145 86
79 138
187 128
68 154
26 128
68 5
39 63
166 55
46 66
121 43
150 16
73 90
196 57
103 118
62 130
84 159
86 167
36 52
79 69
18 79
189 5
144 154
181 129
55 183
61 101
192 9
126 129
198 194
158 26
62 34
155 50
51 119
182 25
98 146
48 194
93 180
118 86
159 190
79 20
148 133
18 110
1 27
138 157
143 99
126 37
162 96
160 56
13 67
181 116
147 11
26 18
193 86
95 10
170 112
154 33
180 149
16 139
15 171
97 121
70 149
161 108
153 14
36 53
47 175
53 72
19 107
159 179
77 127
36 166
60 144
69 26
34 33
65 16
180 23
10 36
126 123
89 186
82 139
97 154
18 62
35 190
23 129
173 197
184 96
56 88
122 27
49 41
97 11
122 129
106 192
63 19
96 4
192 173
188 116
152 196
193 95
161 185
2 89
10 115
163 198
14 161
113 87
170 96
79 90
38 150
56 161
90 47
46 182
36 15
27 73
91 58
66 19
185 61
122 131
42 177
33 152
162 178
20 188
38 68
66 194
124 141
86 37
9 154
39 85
42 46
131 3
16 143
184 57
17 124
70 188
195 88
178 194
171 99
166 40
50 182
47 67
69 127
143 150
82 29
27 37
162 30
45 109
68 65
100 71
45 163
31 71
187 40
19 97
62 70
147 20
74 39
137 155
178 189
33 41
68 88
109 185
172 180
197 141
107 80
1 64
38 76
170 76
34 200
9 47
84 81
84 177
104 8
88 151
26 7
124 48
77 105
120 106
153 145
112 3
143 41
16 55
140 53
169 16
70 192
14 51
49 90
79 140
7 64
110 10
51 194
76 130
113 122
144 172
106 182
184 17
141 98
16 199
109 153
7 179
192 94
57 43
150 59
71 176
20 184
179 1
55 148
200 137
105 33
52 101
20 54
134 78
200 171
45 138
128 72
142 23
18 135
199 52
100 119
42 174
183 90
141 1
92 14
52 138
54 62
138 169
135 169
172 82
112 44
36 127
194 152
17 153
57 130
107 137
162 35
21 100
53 34
143 22
172 51
106 178
121 1
100 161
104 182
187 68
50 24
79 3
194 23
42 176
32 179
85 183
46 123
171 164
165 195
133 9
155 127
164 147
125 158
50 15
195 161
34 117
135 171
22 168
94 193
185 177
159 85
162 31
179 89
129 187
165 144
198 63
193 113
150 126
151 175
200 199
158 110
160 24
134 143
48 52
116 126
121 152
175 12
17 10
131 167
77 92
86 183
83 150
96 61
182 69
27 72
3 48
109 157
195 72
105 17
167 104
10 16
12 64
190 108
55 149
70 17
111 48
175 148
6 193
114 6
95 24
99 56
91 102
137 53
87 164
72 129
137 7
2 61
91 154
140 99
38 156
139 154
25 124
93 40
53 70
14 99
77 66
154 150
24 135
40 98
102 185
172 25
162 48
198 82
86 173
26 92
89 152
124 169
145 4
132 43
82 187
118 156
40 62
145 142
142 37
97 88
43 63
83 45
157 182
165 49
138 194
180 94
189 83
83 186
55 147
90 144
126 95
53 199
96 29
138 60
24 60
57 79
70 147
77 171
108 188
134 162
191 91
31 76
50 98
132 91
196 37
94 144
17 15
92 116
97 172
64 40
174 106
147 25
167 82
186 74
194 171
150 92
64 195
102 119
161 84
58 148
89 72
34 45
18 54
112 71
102 18
149 35
183 159
75 91
24 15
126 128
179 182
8 10
146 153
17 133
116 78
27 197
10 166
189 188
189 3
53 11
160 52
113 45
