300 1780
279 144
37 128
279 61
182 40
16 264
181 286
171 48
146 167
50 145
222 100
247 32
201 125
300 199
2 140
33 196
56 276
224 106
192 271
137 201
271 4
255 237
278 99
228 173
103 112
264 139
272 288
261 128
288 133
155 276
4 85
239 209
195 293
14 161
253 196
129 225
109 80
265 154
126 248
156 105
38 94
116 262
194 8
165 78
139 189
16 162
296 57
214 114
22 76
121 72
73 260
28 264
234 24
215 34
226 46
63 267
224 35
159 202
146 253
44 261
297 201
79 175
187 51
42 250
223 201
68 8
21 143
266 15
235 237
194 254
270 48
252 6
143 299
125 190
135 115
201 206
97 162
273 117
261 252
136 87
176 300
31 62
39 152
124 128
7 187
13 145
182 113
152 221
18 146
49 190
66 253
202 164
161 138
10 57
204 242
65 74
267 140
100 224
140 32
2 177
170 263
78 214
116 1
268 58
66 188
268 64
222 287
197 282
40 61
222 81
83 140
90 49
217 209
259 102
225 83
91 36
49 47
40 276
138 123
204 231
234 290
141 194
136 116
170 101
39 9
187 9
48 299
294 120
268 279
23 12
286 66
193 292
75 39
149 217
48 44
220 178
89 236
5 214
157 223
178 227
162 144
240 224
167 158
118 49
220 42
205 48
59 137
9 149
198 270
129 168
253 197
299 221
90 270
26 76
253 239
90 32
77 278
295 294
7 228
278 96
238 42
154 248
285 270
221 269
137 61
12 254
95 129
97 159
108 159
212 184
158 243
136 242
99 29
46 283
233 218
171 149
204 172
87 60
120 216
211 299
183 4
214 170
241 177
249 213
48 33
245 282
113 57
83 245
174 251
39 288
44 300
245 61
153 5
33 118
103 286
293 161
260 179
259 64
114 221
204 129
223 179
46 79
29 35
168 182
129 282
99 10
10 72
285 225
293 193
294 221
146 207
15 102
279 19
179 206
63 59
281 119
246 222
82 265
203 162
240 236
109 235
240 251
57 208
226 24
197 235
209 9
21 79
39 280
207 292
207 20
205 210
145 236
44 8
265 207
74 109
143 93
206 256
73 267
86 174
127 300
255 183
69 219
83 9
160 68
112 271
247 2
203 83
181 15
240 297
191 36
41 93
93 14
231 49
85 140
99 233
220 276
43 94
142 57
63 243
229 145
287 123
128 85
99 297
63 266
18 46
205 206
60 109
81 220
220 221
286 260
139 281
267 290
200 38
209 287
170 29
182 245
149 216
8 6
93 186
234 138
190 91
11 118
36 29
291 130
73 133
43 160
29 50
292 44
265 208
156 93
118 154
63 32
109 114
279 258
293 170
214 257
133 74
113 299
49 232
141 130
148 28
189 1
76 213
296 151
50 72
271 210
49 248
127 146
287 70
292 272
204 10
203 18
163 38
279 5
81 36
177 266
114 39
249 110
32 291
133 33
178 299
294 224
139 154
255 270
187 271
135 254
56 169
11 82
12 233
215 241
110 260
272 99
212 39
118 263
268 107
211 233
232 9
142 299
179 154
278 205
148 118
40 27
7 50
47 88
152 198
220 133
85 107
3 19
189 208
103 7
78 128
204 278
4 262
256 134
288 96
35 273
3 260
205 98
203 24
28 172
203 195
256 233
53 131
13 33
174 20
173 18
159 12
277 11
196 147
189 276
174 261
23 72
269 174
87 142
195 157
114 260
222 273
155 251
114 15
80 219
15 152
216 264
92 70
130 275
131 126
47 273
21 190
235 150
115 12
205 196
244 146
51 221
135 224
204 227
193 58
122 199
200 123
116 2
289 24
153 1
233 55
281 154
156 143
61 107
281 168
115 237
164 234
229 148
32 243
151 42
90 61
136 235
156 200
276 176
211 300
15 49
34 152
168 158
258 295
37 264
53 231
84 14
22 296
236 287
175 190
164 243
207 62
114 267
39 83
76 59
32 263
208 290
87 93
248 96
16 203
127 236
9 171
8 159
170 238
72 133
169 272
96 100
188 6
78 277
207 181
56 270
160 92
264 144
174 99
90 191
286 72
116 5
189 262
258 238
221 98
292 168
240 168
110 23
163 237
175 9
87 160
181 105
219 126
186 59
193 163
242 251
106 291
92 180
288 57
300 251
257 34
140 21
181 170
14 280
28 106
252 24
89 140
295 257
162 258
33 236
24 66
47 232
58 234
265 217
160 269
141 119
160 40
171 257
94 56
207 5
177 19
102 97
61 271
127 239
180 181
219 34
89 254
130 190
95 72
104 108
77 108
126 94
15 249
190 211
220 37
236 154
118 103
272 140
41 13
130 31
118 232
295 120
12 114
114 160
93 130
199 146
291 119
69 224
247 112
169 300
55 16
205 230
15 284
149 83
107 240
202 113
129 101
72 247
107 106
92 204
84 222
148 249
75 106
187 209
217 249
118 273
142 260
293 96
98 232
261 217
114 51
96 166
59 271
157 7
57 84
101 173
78 26
92 79
147 236
102 255
71 47
45 286
61 141
141 19
276 54
133 238
297 20
229 230
24 19
184 192
150 52
189 265
286 26
160 209
21 63
296 69
15 38
264 151
62 176
298 108
46 132
119 120
189 89
28 247
244 167
69 124
140 268
217 14
183 163
63 43
270 87
232 79
229 192
249 46
147 139
295 25
104 30
19 110
35 141
20 139
86 72
220 86
15 134
211 286
174 242
119 73
164 51
181 17
240 267
204 134
266 254
95 45
58 6
244 282
102 246
159 32
166 67
205 85
133 261
198 232
19 168
173 150
102 214
228 69
261 117
188 224
250 120
135 228
295 286
90 71
219 268
47 111
31 293
166 236
115 16
238 35
73 223
67 256
179 27
81 21
141 230
199 88
150 90
140 104
54 85
127 114
3 195
295 178
139 126
174 196
129 199
191 4
289 167
49 63
50 245
119 40
75 88
74 43
125 45
68 1
206 263
209 75
285 78
156 237
247 31
144 267
48 105
29 93
239 38
69 240
284 219
148 100
231 283
196 95
107 93
211 31
140 198
38 260
10 247
270 201
69 96
149 4
33 292
286 153
220 93
236 98
145 282
260 277
276 79
263 120
198 153
126 134
164 140
129 247
6 38
183 196
32 36
84 162
5 74
127 93
158 202
162 103
212 72
210 261
24 241
46 241
214 151
224 274
26 72
103 260
155 144
38 290
226 201
28 181
190 117
131 173
201 268
296 90
88 129
142 40
252 200
263 174
120 265
265 169
138 45
69 74
284 300
178 255
273 293
236 137
150 177
4 263
251 187
219 255
265 9
202 40
174 236
103 6
264 27
248 147
126 212
22 72
37 244
140 29
142 105
10 183
91 6
152 121
53 198
86 182
111 225
122 151
59 95
295 134
185 275
269 94
141 293
135 199
28 1
53 14
258 94
221 110
191 76
202 294
106 15
137 231
61 178
64 140
143 72
293 2
94 103
6 29
254 47
56 258
261 266
207 204
207 83
281 32
152 210
211 58
170 264
13 261
269 148
211 186
74 191
41 300
107 290
192 164
280 175
272 297
202 171
255 192
220 213
179 175
243 105
135 145
297 223
273 88
163 137
273 121
77 101
43 201
17 205
49 72
121 233
262 275
168 208
122 17
193 92
162 2
217 51
267 196
144 194
35 164
289 109
282 9
115 28
212 75
80 289
194 179
68 201
231 169
27 209
23 246
102 112
164 270
113 205
286 67
229 184
192 281
226 35
181 167
223 190
159 72
228 59
28 156
24 132
219 89
21 251
100 184
212 56
71 143
32 80
257 73
233 21
1 195
276 133
120 279
59 177
88 73
49 290
229 69
21 268
114 178
220 290
289 168
191 167
229 100
218 110
173 151
290 266
299 180
139 238
252 74
131 145
211 260
22 87
163 140
270 41
206 160
1 182
143 61
5 19
11 146
245 252
2 175
99 18
17 178
259 90
34 138
290 90
115 54
260 250
159 227
197 182
170 7
296 244
232 187
254 295
17 89
214 80
284 233
47 107
197 37
213 23
57 62
106 135
206 188
198 260
250 270
156 216
2 42
57 149
69 212
157 178
286 90
256 31
294 272
30 138
293 43
142 118
18 128
135 159
260 184
140 253
104 81
158 186
13 197
68 132
75 176
168 91
73 188
120 189
244 59
91 129
150 23
57 85
272 64
180 174
283 59
36 204
103 174
96 35
286 259
218 62
141 156
273 111
23 134
228 71
65 238
217 79
193 64
292 50
174 203
100 242
92 242
101 238
184 59
253 212
118 121
82 34
140 121
54 122
144 80
60 222
220 60
192 88
124 228
292 258
143 166
147 53
239 274
41 244
236 142
64 21
206 279
155 161
61 268
216 79
185 189
148 30
260 35
96 50
99 249
192 1
77 283
204 102
227 146
210 158
93 234
270 211
238 285
9 229
120 207
96 174
96 184
261 186
98 12
92 1
124 175
5 250
50 17
113 228
158 209
281 76
229 135
61 102
110 117
231 209
287 250
295 60
101 293
63 150
66 113
9 79
286 161
224 289
4 229
106 46
255 238
128 127
284 205
143 239
171 186
284 169
105 65
54 165
19 72
295 43
300 190
228 105
166 29
258 296
208 80
30 286
218 271
245 91
42 194
147 246
166 146
209 88
119 60
188 202
44 52
164 281
155 105
19 218
124 33
40 158
109 191
133 270
32 293
136 86
37 226
239 155
186 172
183 278
35 227
69 111
125 161
249 297
139 136
114 141
40 159
153 294
74 177
99 59
64 12
244 273
67 212
93 180
115 244
91 97
147 198
232 215
32 54
147 136
103 153
83 285
207 232
140 229
105 15
211 64
283 99
157 243
168 233
70 119
9 168
238 23
26 242
81 182
72 203
174 76
43 281
17 275
126 130
112 287
298 179
61 179
31 69
16 83
278 287
237 242
209 197
163 162
242 59
231 261
74 42
123 165
289 155
224 92
54 99
28 29
291 11
222 242
65 115
41 131
156 40
227 11
210 71
238 254
161 136
258 152
100 154
284 185
140 284
6 159
129 3
206 248
212 79
189 48
45 188
103 144
103 275
130 189
94 172
88 35
77 14
252 36
299 3
76 153
111 189
220 131
84 71
284 48
142 134
295 229
287 92
197 264
235 70
115 131
129 231
276 69
299 135
83 248
150 286
45 123
240 283
93 126
242 211
10 34
300 11
104 245
208 49
226 144
41 174
89 38
145 295
213 209
178 128
258 119
233 143
260 216
160 152
183 100
14 192
263 37
105 203
74 104
25 241
16 223
7 94
124 220
277 56
42 276
223 198
176 63
134 248
166 47
61 16
94 122
91 225
124 43
221 230
12 119
217 111
281 77
94 216
233 167
245 280
286 11
48 295
134 132
124 78
87 11
76 134
147 266
142 216
283 263
107 90
94 259
92 187
2 34
272 124
34 254
150 254
134 172
283 144
210 108
263 158
217 211
118 17
61 211
26 196
111 215
117 185
37 215
279 149
112 84
241 120
35 57
38 41
208 112
59 110
124 224
83 256
140 17
245 194
178 175
152 176
167 6
263 187
142 37
8 131
187 286
169 15
255 198
147 3
61 139
52 239
269 275
261 213
111 84
117 109
174 165
229 165
210 217
204 28
17 79
117 233
78 92
183 230
107 233
137 105
210 136
8 281
105 253
287 176
154 109
289 197
97 282
96 54
172 147
122 170
230 196
66 287
57 87
74 25
117 173
53 237
132 205
244 284
41 50
185 234
285 48
219 222
81 249
101 145
232 120
211 4
242 185
173 222
268 34
149 20
209 294
273 113
188 142
290 195
234 102
29 188
246 259
243 195
51 261
295 100
59 225
28 124
291 267
197 78
70 65
212 78
73 141
262 221
298 145
233 193
32 197
99 26
104 125
152 278
25 187
27 109
136 123
102 163
105 108
227 2
108 2
240 83
175 122
189 180
90 121
262 1
15 85
84 1
121 56
105 297
69 42
39 77
224 169
174 171
220 53
57 23
27 42
284 67
211 102
75 119
96 110
265 24
220 10
212 2
166 88
163 26
100 150
96 259
49 23
275 226
280 283
95 236
80 297
62 72
267 87
204 206
16 10
11 57
167 101
276 167
264 182
151 241
19 59
68 287
145 178
140 191
111 269
235 6
120 161
127 122
288 281
39 52
138 300
74 167
209 185
81 134
96 127
205 297
284 81
286 43
43 249
131 129
111 262
122 5
265 125
88 98
20 157
74 171
18 104
9 8
118 84
187 117
124 242
241 169
281 122
46 197
183 179
152 118
52 153
158 13
193 138
91 22
173 152
50 94
128 266
97 295
258 165
267 141
14 46
213 227
58 75
276 245
148 47
202 14
147 31
201 126
15 10
201 99
234 184
260 189
255 155
9 276
133 202
244 175
189 281
195 260
288 234
128 183
267 300
288 270
292 55
208 79
67 119
149 84
56 288
47 2
282 288
27 298
71 1
200 63
269 210
297 289
242 47
245 183
249 226
104 87
49 244
146 160
182 172
37 12
69 19
249 172
181 87
16 141
286 104
108 82
112 51
234 207
201 69
133 244
33 40
253 28
100 165
107 273
28 4
143 76
280 159
132 113
53 282
29 293
68 270
270 174
220 300
204 297
9 76
161 283
248 52
210 33
234 128
107 278
178 224
154 67
1 295
58 99
40 149
145 75
13 149
28 173
278 165
236 222
200 300
75 1
166 185
205 139
91 184
68 96
26 13
23 75
159 28
82 120
300 82
247 274
245 2
162 101
120 283
288 277
232 300
283 95
110 160
143 284
129 278
173 103
190 196
210 94
106 203
171 151
237 264
166 176
194 289
51 211
175 284
4 141
58 115
100 228
52 257
175 136
48 52
235 146
88 39
14 28
253 82
129 244
270 206
34 287
248 63
59 250
128 125
8 274
82 60
225 278
276 283
29 216
267 88
196 51
167 186
246 260
253 106
19 58
268 212
214 104
173 164
82 156
289 68
27 221
219 120
84 83
183 168
108 289
9 81
44 68
282 289
1 253
49 241
101 58
277 241
89 13
252 13
256 142
83 191
167 86
234 111
81 270
113 160
226 233
123 185
258 280
173 95
218 259
219 66
46 36
292 2
284 288
251 209
242 287
108 123
125 235
268 278
112 12
237 106
25 171
223 87
117 46
40 254
52 175
263 226
150 153
189 10
46 144
79 42
156 72
241 103
296 206
268 166
239 20
198 96
221 188
271 41
1 242
74 77
5 78
268 215
39 36
263 121
154 111
198 118
213 299
100 12
187 24
144 292
28 203
141 23
210 129
88 279
221 289
162 67
190 137
165 171
232 36
156 172
279 55
152 289
116 67
289 204
10 269
99 77
299 227
286 125
197 6
180 140
11 17
197 148
138 160
292 286
145 297
61 154
9 10
298 216
75 98
92 212
152 269
124 108
141 22
58 117
156 134
140 215
87 255
231 253
202 29
84 137
254 165
290 256
96 122
137 223
73 288
287 111
150 136
290 146
4 68
260 202
238 70
8 223
292 186
52 18
276 256
16 135
51 162
50 5
221 300
7 141
258 256
68 156
95 101
283 98
98 11
29 211
187 266
170 42
188 100
67 87
139 22
137 102
297 237
100 177
153 248
265 180
49 201
15 290
235 62
105 33
120 128
50 69
207 63
82 10
235 88
22 284
140 19
281 237
236 282
167 43
181 155
83 38
198 117
45 38
243 69
73 180
189 95
3 270
101 286
133 35
211 87
186 228
151 48
25 50
266 162
219 1
208 97
49 10
77 289
290 141
261 149
225 134
258 237
96 265
160 29
114 28
236 243
183 16
118 30
221 208
268 192
292 204
181 253
110 80
8 215
295 223
12 215
286 59
170 40
75 265
208 68
257 174
281 179
115 259
130 181
110 100
15 11
28 121
11 237
108 226
165 293
37 210
297 29
267 57
279 133
234 180
186 28
229 191
298 23
194 4
12 54
218 39
207 245
287 25
64 79
164 252
83 253
260 288
121 219
13 112
65 289
119 223
256 192
45 274
198 77
272 27
283 260
49 176
167 208
96 215
201 140
11 100
252 123
105 233
19 67
167 214
30 244
183 103
