50 1090
27 36
7 16
40 5
32 25
26 17
44 4
45 14
35 4
47 26
8 33
7 38
27 22
6 46
18 11
33 4
40 33
39 37
5 50
8 12
35 18
38 18
24 47
49 39
20 28
38 24
20 1
21 50
25 8
25 4
31 10
41 8
47 22
15 3
2 20
21 30
14 26
17 33
37 40
44 39
34 18
6 44
32 41
18 42
31 26
38 22
33 28
37 4
13 30
29 4
26 35
29 3
3 32
2 19
10 46
2 34
47 20
42 16
49 9
48 41
2 23
11 23
38 6
17 44
50 26
16 31
25 22
20 27
47 42
16 34
26 20
33 42
22 26
8 32
37 49
15 31
12 24
22 32
48 3
13 43
16 22
11 22
36 32
20 31
23 45
50 10
25 40
43 14
46 1
34 37
25 43
40 31
24 33
31 18
49 29
14 34
25 21
46 45
7 12
29 37
19 31
11 25
38 41
34 33
16 39
16 11
8 17
46 8
15 13
50 6
50 19
17 16
42 23
6 18
22 10
9 17
24 9
10 41
50 36
46 25
10 26
9 42
13 7
7 39
14 8
22 29
31 47
25 39
8 38
8 6
44 37
34 27
38 4
7 34
12 4
24 10
11 9
21 45
47 50
31 39
50 9
9 7
15 32
42 35
43 31
36 45
48 8
26 19
31 23
41 40
16 30
33 25
17 11
45 39
21 10
4 15
30 7
12 20
18 14
15 47
48 31
8 31
9 27
23 4
43 15
6 4
30 15
12 23
11 31
32 33
43 32
6 30
50 27
26 48
24 14
34 46
14 48
43 35
36 46
24 30
9 32
46 49
21 32
29 12
4 31
11 47
43 20
8 23
10 9
12 16
17 30
36 25
21 16
8 4
22 31
46 27
23 24
39 2
36 40
29 35
10 29
35 45
50 3
8 34
48 13
44 21
39 4
41 23
19 16
13 38
37 19
27 7
6 31
35 7
30 37
49 30
44 41
37 31
26 30
24 41
29 46
1 5
24 26
5 42
23 15
2 16
33 5
3 40
13 23
41 39
44 3
33 2
20 36
44 7
6 45
13 5
1 45
49 36
49 31
40 34
12 39
31 34
36 42
21 24
17 49
5 36
19 18
42 2
27 6
26 49
20 14
17 3
41 43
3 11
3 18
10 17
46 9
17 41
48 44
6 21
15 19
3 42
1 32
38 9
42 13
5 23
22 2
32 7
16 29
44 10
20 8
11 46
20 3
29 6
44 35
18 22
38 34
36 29
3 22
40 4
31 45
31 25
4 3
21 34
11 41
37 43
36 48
46 28
19 24
14 7
43 5
31 7
34 10
27 42
10 23
32 5
7 3
20 23
28 1
49 19
7 50
34 35
2 28
37 28
36 3
3 30
25 9
20 49
16 38
34 47
22 7
33 6
15 41
34 22
43 16
40 49
50 13
27 16
43 7
25 19
41 9
18 39
30 40
17 12
20 50
26 5
37 11
39 22
39 46
13 40
24 2
6 24
29 33
23 22
48 18
49 48
28 31
25 14
42 45
19 8
1 22
27 10
49 12
38 29
34 23
48 50
20 6
44 30
38 11
12 44
27 49
44 32
25 26
22 13
17 20
27 12
45 9
37 20
7 45
16 28
45 49
14 41
21 29
46 50
14 13
15 37
27 41
28 24
40 24
12 1
37 5
22 42
40 17
39 20
5 44
47 14
45 43
30 29
1 8
5 35
37 50
28 27
34 24
40 26
19 4
1 47
15 17
18 16
25 20
8 21
17 38
17 47
21 14
14 27
9 13
7 47
31 32
3 13
15 38
27 48
47 43
8 18
10 47
50 8
38 28
26 8
22 28
15 39
47 41
40 42
7 1
43 3
36 17
26 28
25 27
22 45
14 2
10 38
32 45
3 41
46 15
13 46
41 34
10 32
33 12
32 13
50 1
35 25
13 12
11 20
5 24
1 9
9 18
7 37
31 41
36 11
18 13
50 30
19 29
7 8
14 23
27 5
8 43
45 38
6 40
47 44
14 39
21 42
19 42
43 40
23 25
50 42
2 27
23 50
42 49
47 6
43 10
26 37
28 30
4 10
6 37
49 50
1 21
38 47
2 18
19 36
43 21
35 31
21 20
20 38
12 31
8 37
45 25
12 11
22 49
36 39
38 43
25 24
34 12
45 13
24 46
38 32
42 7
31 13
15 35
22 15
41 19
2 36
7 2
40 29
31 44
50 45
20 41
43 44
5 41
17 5
30 45
45 19
48 12
21 47
6 2
8 27
32 46
38 49
12 37
23 1
8 44
39 27
18 46
5 38
2 32
42 28
19 20
21 9
3 2
4 47
16 32
31 50
15 11
20 22
16 40
12 21
40 8
34 30
14 22
33 16
34 42
37 48
10 19
29 20
28 23
48 34
37 9
10 35
6 25
43 28
22 17
23 17
8 39
36 6
27 44
13 39
26 2
34 5
26 7
13 1
44 33
37 24
21 46
8 5
20 15
46 40
37 41
7 33
19 40
4 21
42 8
42 24
32 30
47 2
9 34
32 28
10 2
28 5
9 14
49 7
22 36
6 22
3 46
26 18
10 45
24 31
7 21
21 27
15 26
48 30
47 28
42 25
27 19
6 26
5 49
30 41
22 19
17 45
25 1
4 36
41 2
48 9
20 5
4 34
7 36
13 34
1 35
17 18
43 4
20 40
22 48
17 29
4 28
5 21
13 29
12 5
4 20
9 43
18 49
48 10
42 20
16 3
36 33
3 24
25 38
12 41
16 41
41 21
40 50
6 41
49 28
17 24
39 29
48 6
21 11
50 15
26 27
18 21
11 7
36 31
17 42
8 29
33 23
23 46
17 6
44 16
3 28
15 28
18 50
31 46
49 2
17 32
47 29
22 8
47 18
42 43
26 32
10 6
26 21
26 4
50 22
38 46
8 2
25 30
10 13
15 34
19 34
47 30
48 42
38 36
46 2
12 14
2 12
10 14
44 24
38 33
11 42
3 27
49 21
47 48
35 24
43 2
36 26
24 36
4 7
27 31
30 5
48 1
19 17
10 37
15 44
24 15
41 13
6 5
50 4
23 19
18 32
15 6
48 38
45 18
27 18
33 27
13 11
40 28
16 14
49 24
38 2
49 47
11 1
1 26
38 27
41 29
25 10
33 15
7 41
30 33
41 49
11 14
27 4
25 13
14 1
46 43
16 45
4 9
48 17
12 50
5 7
48 25
22 5
28 7
14 35
45 4
23 3
44 42
28 34
13 24
10 36
21 17
45 2
12 25
35 23
22 9
23 30
30 43
35 36
33 35
33 13
24 27
6 16
9 35
45 37
33 49
48 7
16 37
5 16
7 23
7 10
16 15
46 5
47 25
13 28
10 20
7 40
40 23
11 2
43 33
35 12
23 21
24 11
15 29
3 35
41 42
12 38
20 32
34 26
39 9
2 37
48 20
2 1
23 47
29 34
1 29
11 50
41 45
10 18
28 18
17 7
38 39
5 14
17 37
11 27
45 12
35 32
11 19
10 5
30 22
9 26
29 42
15 8
32 27
36 12
16 26
30 12
37 18
41 36
40 27
39 43
40 1
28 44
4 32
46 26
29 31
15 5
16 48
24 50
4 14
6 34
20 35
27 17
17 1
50 41
1 37
46 30
23 29
35 16
5 18
44 29
43 22
49 14
24 8
3 25
40 18
21 3
25 18
22 21
3 37
2 48
30 42
29 48
30 19
32 37
33 11
8 11
2 4
17 34
50 32
24 4
46 35
9 23
39 19
25 50
21 15
2 35
21 48
6 42
4 16
13 4
27 37
20 45
5 4
50 14
11 40
1 31
28 39
33 39
47 9
46 42
45 28
31 42
14 38
12 43
46 20
50 17
8 47
19 46
36 14
45 34
4 49
36 37
11 30
43 11
14 30
1 18
3 39
33 1
32 47
46 22
38 31
30 39
7 15
11 6
35 40
14 3
48 5
21 31
29 9
20 34
40 14
25 17
48 24
31 5
44 40
12 40
50 35
8 16
1 36
44 19
21 40
30 31
3 10
2 21
46 47
9 19
13 2
43 19
44 45
48 19
24 43
12 18
32 29
5 29
18 36
33 45
27 29
45 48
42 26
39 34
30 8
48 35
50 33
33 10
21 38
9 5
17 31
2 40
28 21
34 1
32 14
39 1
44 38
33 20
49 10
46 37
6 13
6 35
10 40
18 44
34 43
16 24
33 48
38 50
40 22
4 30
19 28
30 9
7 46
16 47
21 19
10 8
35 38
3 5
28 12
5 11
26 41
10 15
9 44
21 39
12 19
13 21
49 15
26 3
19 35
44 23
40 47
42 15
47 12
12 10
45 5
14 31
7 18
39 47
35 28
32 49
47 36
12 6
24 39
37 47
9 20
25 49
49 8
50 44
38 1
22 37
16 36
47 33
11 45
23 27
33 31
31 3
39 23
1 24
24 20
3 12
9 15
49 44
43 6
1 30
11 48
26 43
25 15
2 31
6 9
36 23
47 19
35 11
38 42
47 3
19 3
33 21
3 8
34 32
40 38
36 28
19 13
16 10
28 41
3 45
18 41
13 26
34 49
2 5
14 6
34 50
45 24
46 44
44 2
32 48
20 18
43 48
50 43
40 39
13 27
33 22
4 17
17 14
9 3
15 14
14 42
8 9
17 46
30 20
35 47
37 13
18 24
5 19
10 39
8 35
10 1
34 44
42 10
41 4
6 39
36 30
32 42
49 6
11 34
41 25
4 11
33 46
9 40
25 29
5 25
19 38
28 50
1 49
8 28
35 37
23 49
29 7
1 15
15 27
41 35
15 12
18 15
20 44
25 2
38 26
13 20
11 26
14 33
44 26
31 9
48 28
41 33
47 5
37 23
27 43
9 2
36 15
17 13
37 21
37 42
4 42
39 32
13 47
