100 1051
95 22
43 32
20 61
33 54
70 80
75 89
34 83
39 80
72 69
63 61
37 84
23 92
79 47
27 81
9 34
72 8
21 11
41 18
80 25
80 37
96 38
34 80
27 95
81 78
68 69
10 75
43 87
36 41
31 14
57 16
89 82
9 80
56 98
90 43
56 50
90 1
72 1
42 39
66 91
79 91
52 23
9 100
56 25
81 95
53 47
96 74
37 30
86 8
2 70
52 3
15 100
25 100
96 15
55 43
52 92
11 27
96 17
63 58
48 65
60 21
97 32
35 56
66 6
40 1
60 95
10 35
10 18
14 95
91 18
80 52
32 40
60 71
77 49
30 20
59 48
93 88
27 62
25 41
37 43
61 22
48 91
24 23
54 7
8 76
67 95
33 74
20 11
22 79
10 76
18 72
11 35
14 26
44 85
64 86
86 81
66 62
38 82
2 3
86 83
35 64
80 3
88 63
63 5
63 10
62 60
77 15
73 23
98 85
75 83
97 30
13 81
3 96
93 15
92 100
1 50
63 2
15 55
55 69
39 10
38 73
52 4
69 71
89 88
9 8
66 63
82 36
29 37
3 41
92 25
11 47
7 23
90 72
64 93
23 31
94 83
78 83
15 34
46 66
90 12
39 89
31 67
51 52
34 27
17 11
68 20
50 63
48 95
25 52
25 26
9 54
59 27
87 51
40 87
67 84
74 59
53 46
48 12
41 86
2 99
6 99
38 45
4 83
77 10
34 69
51 6
4 90
94 30
67 82
14 53
93 100
42 18
6 38
39 18
27 92
76 13
41 62
72 14
29 6
98 61
2 97
37 33
34 54
40 78
15 69
21 33
63 96
75 24
99 41
10 42
4 71
17 62
35 43
68 24
47 85
49 27
86 33
99 86
16 69
59 9
68 55
90 88
20 22
23 74
85 67
88 59
40 75
61 33
67 96
81 62
7 40
82 74
61 19
59 34
74 80
90 30
27 54
48 41
72 11
65 24
60 49
40 4
82 16
31 52
95 70
30 74
30 35
50 42
27 5
71 67
5 74
12 35
22 55
48 29
83 69
3 11
37 14
33 9
39 34
35 81
80 59
65 95
74 92
45 91
22 52
82 53
80 40
93 7
92 42
76 62
39 48
46 8
20 94
13 46
6 76
40 59
41 77
57 85
5 19
10 66
72 41
48 99
38 98
92 50
53 1
46 84
76 1
76 9
12 80
70 61
34 38
58 13
52 38
32 1
43 21
66 82
24 55
8 65
77 9
22 80
18 44
49 65
46 40
39 46
84 29
63 65
60 20
82 33
80 55
77 46
69 49
56 90
12 85
90 69
45 42
50 4
39 61
84 55
44 7
17 41
53 29
96 25
71 50
47 80
4 21
47 44
91 78
55 65
100 28
84 7
28 53
83 25
40 5
62 87
79 49
90 75
94 53
85 75
25 75
97 28
69 17
77 29
3 19
80 97
44 52
28 90
45 65
69 60
30 100
10 91
33 2
24 69
57 93
64 39
64 18
27 86
24 45
85 21
51 61
22 9
90 44
52 12
99 44
40 70
97 62
82 19
48 82
61 77
41 64
51 65
2 80
81 7
41 69
55 70
5 44
83 70
78 38
43 58
21 69
62 57
81 98
1 85
66 75
8 89
7 74
31 17
8 64
5 89
41 30
95 79
73 74
70 34
25 48
57 96
97 31
36 1
58 34
3 34
67 23
91 38
66 9
83 61
5 7
4 8
13 79
87 14
20 39
74 89
9 27
92 64
87 80
77 93
55 36
25 22
51 31
38 11
59 38
68 4
7 86
28 66
57 41
67 19
7 46
8 90
7 30
28 30
70 54
55 76
31 21
21 61
29 47
16 62
93 33
11 10
94 98
27 7
36 35
5 61
93 47
25 89
36 45
14 73
57 3
93 32
4 30
7 95
79 97
20 5
24 14
50 54
42 87
1 19
29 64
83 96
70 64
67 87
63 38
43 51
97 54
82 7
21 49
57 89
46 95
43 84
32 85
46 50
11 64
52 14
38 65
56 97
28 91
83 85
22 23
76 89
16 8
39 56
53 20
39 1
28 45
79 78
63 94
12 2
77 53
79 82
12 16
97 61
31 85
98 72
58 99
44 25
58 56
85 78
56 54
2 7
77 33
94 59
51 11
65 25
33 16
82 9
68 9
59 91
21 22
65 33
23 12
54 28
19 50
20 37
35 68
76 59
50 26
92 77
42 75
47 83
33 24
22 82
37 15
76 54
27 16
3 10
71 92
82 90
93 6
15 95
44 16
36 4
8 29
77 37
19 26
78 71
13 28
7 98
18 81
40 30
87 48
17 63
9 41
73 43
18 70
42 36
50 43
30 16
38 18
54 26
79 43
15 70
1 28
24 99
28 86
2 34
70 77
99 47
96 78
68 31
17 57
61 95
6 73
8 98
27 42
58 64
2 62
6 90
8 87
84 4
61 59
15 33
39 63
48 68
50 86
39 72
76 19
93 68
83 14
94 58
14 18
60 9
86 23
49 68
27 89
44 82
70 94
11 58
32 15
48 40
86 25
70 27
57 64
2 77
54 11
52 33
29 72
39 2
77 25
54 74
7 97
6 15
72 16
35 5
60 56
11 98
76 34
71 51
12 83
27 17
3 30
39 77
100 54
63 21
87 16
51 30
61 8
51 93
7 50
18 26
14 81
8 22
29 96
94 44
73 94
74 66
72 60
51 85
20 96
46 99
98 47
61 49
20 1
67 4
31 41
57 100
43 70
66 59
56 75
12 95
44 26
78 26
31 44
54 48
24 98
60 93
68 84
41 74
26 32
7 32
62 7
26 52
64 84
56 63
55 30
86 9
6 56
42 38
54 77
58 76
98 73
33 13
71 24
3 64
87 32
7 24
87 68
99 40
96 52
77 63
26 48
29 85
41 68
61 78
48 75
23 29
83 19
9 79
76 68
99 57
58 49
34 12
90 77
43 34
78 41
87 35
34 57
14 28
8 43
93 91
4 55
3 29
98 78
18 29
77 82
23 26
41 23
26 58
32 22
98 12
22 66
76 63
21 42
39 44
89 14
28 67
17 53
83 49
71 89
59 15
19 63
23 94
33 47
76 67
38 85
37 52
74 72
32 51
70 72
31 28
6 84
69 89
73 65
52 91
70 51
16 92
80 91
63 89
98 99
88 5
79 94
38 67
75 71
44 41
86 4
3 37
7 48
15 51
100 85
33 71
13 55
50 32
2 40
53 98
83 99
40 47
14 11
98 18
13 54
98 65
17 6
62 6
36 22
96 40
45 79
15 73
62 3
35 93
13 36
10 24
85 97
61 74
44 80
80 35
77 20
97 95
39 47
46 62
62 65
1 77
35 66
41 91
17 93
87 83
31 6
29 12
72 40
68 19
100 73
10 55
20 15
85 2
76 81
100 8
53 24
62 92
5 80
50 66
76 15
45 57
34 6
14 25
92 38
67 27
99 70
12 33
96 97
23 44
88 69
64 16
27 96
66 77
4 69
46 93
18 52
71 22
77 98
18 19
26 46
40 100
61 9
86 6
31 93
96 54
96 28
67 40
91 47
97 66
61 67
78 6
35 94
71 38
35 90
73 16
44 74
10 98
69 64
48 73
17 55
40 16
58 38
58 78
79 18
40 12
84 49
30 42
19 15
97 78
95 85
55 58
68 70
15 12
36 28
28 68
89 20
91 13
3 91
54 79
14 85
26 92
95 2
55 67
46 35
23 3
37 91
60 63
95 53
23 35
49 16
8 12
44 22
47 54
31 70
67 30
82 99
85 48
59 97
72 3
12 3
74 43
12 6
70 21
17 4
54 39
74 49
23 37
3 22
37 83
11 70
83 24
75 5
41 60
77 58
97 17
9 7
94 37
38 57
88 21
94 80
38 83
20 69
14 49
34 51
11 5
8 3
26 49
78 35
52 61
31 34
35 62
90 95
99 93
79 10
29 52
85 13
49 40
72 44
36 16
44 19
43 91
15 64
94 1
15 10
26 99
66 55
61 18
28 11
93 82
26 9
96 47
59 86
10 78
68 72
9 70
60 30
34 77
72 57
24 64
43 38
89 23
36 95
67 59
92 98
11 18
44 1
72 55
15 74
8 92
35 7
83 98
62 33
56 70
65 12
80 1
94 89
96 11
98 95
96 43
65 90
91 70
39 78
41 71
10 88
65 4
73 93
83 3
49 35
3 9
13 89
87 91
1 73
92 60
69 42
21 68
22 11
52 98
80 66
36 87
16 14
30 62
78 36
33 1
24 93
96 92
68 12
95 87
34 45
12 91
98 67
90 64
21 50
44 97
47 90
31 95
97 39
72 43
88 40
12 92
93 71
73 56
91 96
21 47
92 75
56 69
37 100
65 81
89 84
32 94
49 8
46 96
74 97
24 56
97 67
10 69
25 78
99 27
31 20
83 76
16 70
47 84
10 2
27 38
57 56
48 13
94 60
78 16
57 80
42 19
27 10
19 73
63 29
90 22
93 96
22 40
18 24
25 88
96 99
67 54
81 72
89 9
49 13
29 40
70 10
32 68
10 48
90 62
54 51
23 75
18 30
5 56
54 36
75 70
6 68
100 68
98 55
75 88
71 65
49 18
42 94
12 66
41 73
44 67
27 43
100 1
72 56
35 28
71 3
91 89
91 42
55 74
99 28
84 93
54 22
49 36
24 61
49 46
42 84
54 71
89 35
19 39
41 54
5 49
4 46
14 60
72 20
38 46
82 8
6 25
