100 3998
95 22
91 34
82 6
67 58
91 70
60 85
10 98
10 14
57 35
21 46
84 37
43 48
47 79
72 28
34 9
73 79
61 25
41 18
80 25
29 100
43 98
80 34
67 63
3 61
36 8
75 10
25 87
36 41
26 70
75 53
33 43
14 15
98 9
36 6
50 20
1 90
51 55
38 4
21 81
91 79
95 71
95 92
56 91
65 39
53 43
96 74
52 97
70 80
54 47
52 3
36 68
69 84
96 15
17 72
95 96
98 35
69 38
63 58
31 79
61 68
25 5
73 69
45 70
40 1
53 11
35 10
11 85
35 78
82 42
80 42
32 40
89 60
49 41
57 43
14 55
6 88
57 54
94 31
54 70
52 5
97 5
58 18
16 33
11 45
29 33
2 15
42 67
80 30
45 98
59 63
11 35
60 55
18 22
71 15
69 80
47 46
82 38
16 5
74 36
45 41
35 12
77 96
63 5
42 6
17 5
79 98
9 17
75 26
84 86
94 95
73 64
3 96
11 94
54 68
13 53
25 7
9 99
69 55
19 39
22 69
52 4
100 31
96 5
9 8
47 12
64 87
90 49
19 71
13 19
47 11
36 80
92 20
93 64
17 26
33 83
69 33
20 28
66 46
6 43
5 93
93 36
95 29
53 21
21 64
20 68
63 50
48 95
78 66
14 36
83 14
79 59
74 9
40 87
21 87
59 74
53 46
82 11
7 13
99 2
90 92
34 61
56 51
23 26
40 52
5 86
90 4
46 51
21 15
19 16
8 6
40 24
47 68
32 36
4 24
80 63
48 41
94 46
93 2
34 73
41 25
37 72
60 24
65 58
86 53
96 4
64 62
14 21
92 45
42 10
11 97
17 62
31 4
68 24
76 25
86 98
23 13
69 77
69 16
98 59
58 42
40 63
22 20
77 29
74 28
5 6
40 75
44 13
96 67
46 81
7 40
21 28
87 98
62 10
98 14
30 90
27 54
72 41
89 72
26 65
24 23
30 2
85 87
80 72
80 17
11 39
30 35
65 44
70 40
67 71
95 80
77 26
22 55
18 53
69 25
3 11
19 14
89 28
44 30
84 91
87 38
68 40
89 64
78 84
54 52
53 82
40 8
7 93
62 89
76 48
20 70
46 8
94 20
52 28
90 21
47 41
1 99
60 13
55 85
56 83
50 18
62 27
72 9
92 50
95 6
84 30
6 45
95 91
95 52
26 4
85 97
12 31
57 55
97 35
43 21
3 19
97 58
25 17
9 77
58 16
33 25
65 49
77 80
34 32
26 88
35 4
20 84
21 9
55 80
21 84
31 45
44 17
2 55
18 69
78 51
65 63
18 56
79 20
96 39
12 75
52 83
84 66
66 76
18 65
86 48
31 86
89 2
65 34
45 18
89 19
88 96
72 76
31 26
71 97
2 66
81 4
10 40
85 75
35 63
52 32
21 41
71 94
87 30
15 36
94 6
11 84
54 37
96 62
32 62
14 65
61 11
30 64
81 28
64 29
43 1
68 18
98 30
85 21
71 88
74 90
44 90
46 23
17 40
74 35
51 31
19 82
83 94
77 37
54 92
7 11
70 30
76 53
15 59
53 3
86 12
46 13
13 99
6 39
67 74
68 76
91 83
45 47
75 66
71 8
94 7
28 13
51 64
5 71
4 19
26 15
80 82
21 13
25 48
2 35
58 5
1 36
48 88
63 86
9 81
68 15
24 32
34 68
28 88
18 17
79 13
94 25
31 84
72 74
31 9
6 65
97 93
77 93
36 55
87 20
90 89
21 26
92 14
68 14
62 68
7 34
99 67
43 87
7 46
61 50
65 80
14 84
18 34
54 48
18 96
66 21
42 2
39 10
33 93
10 11
85 17
78 88
47 60
5 66
10 30
25 89
66 24
14 73
57 3
74 18
30 73
47 55
45 30
25 32
56 79
99 68
50 42
19 1
29 38
83 96
64 70
87 89
97 63
57 78
54 45
88 4
74 77
89 57
18 84
20 18
64 41
68 46
64 11
84 8
34 14
36 27
28 91
20 82
67 16
87 53
8 16
39 20
92 3
28 14
45 28
78 79
63 94
12 2
1 49
3 45
41 84
66 97
58 81
98 48
78 1
9 44
33 4
91 21
94 56
12 58
88 65
61 54
15 40
51 74
88 9
15 79
39 44
91 59
53 42
62 39
12 23
36 96
99 77
22 88
15 39
93 95
50 26
92 77
85 77
63 73
13 82
28 71
57 11
49 76
79 38
53 57
10 12
81 27
65 21
15 95
63 69
7 86
87 18
19 72
59 18
31 82
96 70
66 98
71 86
23 99
38 93
1 35
54 5
100 35
70 18
12 24
24 6
16 30
38 18
52 48
43 79
70 15
11 62
61 87
73 22
8 35
1 38
59 97
87 57
96 80
45 20
95 61
13 40
89 51
77 18
59 13
2 62
77 66
24 87
73 80
100 4
11 60
13 62
68 48
40 93
6 30
54 26
63 44
9 92
17 7
36 38
44 32
49 68
1 75
27 89
25 100
75 98
49 37
72 2
95 54
86 78
77 40
32 65
29 4
11 54
71 45
72 29
52 81
59 29
52 70
82 98
86 38
16 48
44 77
8 47
84 22
76 34
11 30
87 3
52 50
86 46
55 87
14 2
59 72
6 60
50 82
8 61
35 47
51 50
9 94
81 39
22 13
84 100
45 78
49 24
49 29
72 60
11 16
51 14
3 32
98 84
49 61
4 73
54 74
81 93
7 88
9 64
40 66
64 99
7 26
24 50
78 26
6 75
41 63
91 51
60 80
5 69
29 71
91 62
12 54
12 7
95 38
79 96
100 63
30 55
81 41
88 1
38 42
25 56
58 76
35 76
13 33
24 71
64 3
84 97
7 51
93 60
12 51
32 64
51 96
62 26
40 44
78 24
44 97
58 46
80 83
11 2
79 41
66 67
2 54
16 81
36 23
77 90
38 74
34 97
13 73
57 34
33 26
15 44
5 19
42 98
99 4
42 16
52 73
89 98
17 89
20 23
54 6
32 22
2 38
66 80
63 76
92 49
76 71
22 30
22 62
97 88
49 83
48 6
21 59
19 41
22 47
65 69
36 34
38 85
66 58
38 17
52 2
55 20
84 81
84 33
29 93
65 73
92 44
87 39
92 16
72 27
1 52
48 92
21 98
94 79
36 51
10 45
44 20
39 77
31 55
48 7
15 51
10 82
80 75
36 33
50 32
56 38
98 72
3 26
4 10
70 82
78 54
53 19
94 5
4 7
83 48
61 53
49 72
6 80
44 33
29 17
80 90
60 79
44 25
81 17
79 87
50 55
76 44
89 78
2 81
17 46
88 95
8 95
37 61
47 89
46 91
21 62
44 85
83 44
12 61
22 63
31 81
73 53
55 10
20 71
2 49
71 14
83 26
53 60
15 16
14 63
7 50
52 43
75 67
55 3
92 40
84 83
72 69
81 90
18 94
4 84
34 71
86 43
64 1
11 58
61 77
53 56
93 46
16 90
80 71
31 98
18 19
68 65
70 65
61 9
77 23
76 88
28 29
13 72
17 100
39 67
53 10
17 90
78 33
93 21
77 3
76 45
22 77
58 75
45 86
28 22
73 48
17 55
51 13
86 68
78 58
79 18
21 72
100 82
47 76
95 23
78 97
28 63
85 82
12 79
90 15
67 1
28 50
39 40
80 16
4 5
72 95
81 32
26 92
28 98
8 18
50 78
3 23
88 8
39 17
53 95
14 31
40 42
81 43
22 44
57 95
7 99
86 3
60 23
62 85
61 30
50 77
60 57
47 50
14 57
70 21
59 82
70 39
74 49
57 1
84 48
60 34
59 85
63 49
56 28
61 66
87 22
80 67
7 9
37 52
57 38
21 88
19 47
17 35
13 87
95 3
51 34
11 5
3 8
26 49
64 96
17 77
34 31
90 50
74 13
35 99
45 19
61 58
13 49
49 75
74 58
36 16
10 44
43 91
82 37
29 94
20 95
26 99
98 34
61 18
42 44
64 97
9 26
73 96
18 25
1 55
50 43
87 19
30 60
51 45
72 57
1 70
38 43
23 89
95 36
83 82
83 62
18 11
92 33
6 87
88 91
70 86
7 35
1 69
25 16
75 17
12 65
1 80
67 59
11 96
95 98
58 48
38 14
70 22
78 39
50 44
88 41
12 99
64 12
38 81
41 14
9 3
41 4
66 96
64 95
97 89
15 42
21 68
37 92
22 17
1 22
64 72
82 69
67 61
46 15
1 7
25 24
31 7
8 11
52 53
99 36
34 29
12 56
93 58
32 91
10 85
11 78
25 81
97 39
61 90
16 46
28 9
58 68
56 73
96 14
47 21
92 75
15 97
49 56
5 45
14 17
22 100
48 17
54 82
31 33
50 6
100 77
43 28
59 78
43 12
20 31
94 88
21 76
64 25
97 29
27 38
74 100
87 56
52 60
90 67
22 5
83 63
14 81
13 5
63 55
74 12
93 96
27 45
72 54
54 80
83 9
41 35
90 45
1 4
13 85
64 5
66 79
77 12
10 72
29 21
74 40
5 59
90 36
99 11
39 12
70 75
77 48
71 99
89 11
75 88
71 65
51 4
77 31
3 5
41 73
14 20
42 3
93 11
40 69
95 73
3 71
80 89
88 86
87 23
8 39
38 51
6 78
65 29
29 50
49 46
22 40
6 3
35 89
86 16
69 9
50 69
1 31
14 72
68 23
4 74
77 76
95 21
14 3
73 18
31 83
91 47
13 55
79 22
45 53
76 51
92 23
58 95
31 91
52 89
72 39
7 80
9 71
24 20
98 17
76 56
77 19
15 28
28 8
65 51
36 59
6 58
73 42
64 79
72 12
52 10
11 65
73 86
76 31
91 68
87 66
20 21
9 82
81 70
68 77
81 47
76 74
87 14
47 96
72 75
46 100
58 53
50 23
20 42
42 94
57 40
15 35
82 96
18 82
87 86
44 74
6 18
86 58
52 87
53 39
43 73
51 43
27 82
64 83
31 35
39 1
45 97
97 92
76 75
33 86
98 15
41 9
19 34
31 23
20 6
32 49
37 2
91 17
79 71
53 41
61 51
88 80
44 99
21 18
39 26
54 84
13 26
46 18
31 25
18 95
29 3
1 16
51 19
23 62
61 92
32 41
63 60
28 65
73 55
71 51
3 70
49 64
40 28
76 97
37 6
93 67
61 48
83 1
49 66
77 87
90 57
83 13
84 10
67 13
77 5
96 21
73 82
87 62
31 93
35 19
86 17
45 77
74 10
52 8
67 46
71 10
12 98
18 72
35 96
78 38
27 18
93 3
98 7
9 33
32 7
32 83
13 94
14 90
3 38
81 86
60 44
85 16
20 61
39 68
3 49
100 40
85 53
28 10
63 7
53 44
39 50
96 99
96 48
41 6
63 79
79 5
33 70
11 68
60 21
41 92
64 40
6 17
67 17
18 9
82 76
58 19
78 75
33 66
76 32
74 69
83 5
70 4
94 28
58 13
83 25
23 35
21 23
37 44
39 99
60 36
95 67
61 98
23 9
60 7
47 92
34 6
10 87
6 35
30 94
93 48
87 88
38 97
28 31
100 6
84 70
68 67
89 3
32 46
45 46
64 20
40 78
79 42
6 25
19 20
2 45
57 74
16 20
90 99
3 60
57 47
94 87
86 28
41 86
56 43
80 79
18 29
72 16
24 76
62 34
56 35
36 85
73 85
20 1
75 13
69 36
23 55
89 53
40 49
38 67
17 71
49 30
38 22
47 48
16 88
17 96
10 9
62 15
85 76
5 72
59 50
17 3
50 65
84 45
81 50
68 80
37 97
15 12
74 95
41 74
46 69
1 66
54 35
25 38
44 67
45 65
34 59
1 6
77 20
88 90
51 37
4 30
32 71
81 56
28 11
70 16
23 97
14 37
68 37
85 56
55 88
90 86
71 36
58 30
32 42
64 60
8 56
45 4
83 37
15 55
38 28
7 19
81 77
58 69
51 100
34 52
51 62
27 61
82 40
90 58
84 9
60 49
14 45
28 47
93 50
58 77
46 27
64 7
68 98
43 4
43 84
1 95
5 51
88 45
15 73
63 84
76 95
62 36
48 14
60 26
10 58
60 86
93 13
31 90
9 2
21 94
6 66
99 40
91 81
53 65
47 74
64 31
91 42
47 32
87 50
23 74
99 48
88 14
83 92
97 74
43 16
3 4
19 76
30 51
90 34
13 76
76 93
16 23
88 13
62 8
67 25
77 28
75 61
43 9
45 7
84 68
14 16
56 22
98 37
4 86
92 27
42 69
82 15
34 44
60 15
38 20
60 71
16 44
25 45
99 24
7 5
34 39
57 70
85 19
49 17
56 55
1 100
25 65
5 75
43 14
85 29
77 25
23 64
24 15
44 69
90 51
73 1
88 81
74 79
38 71
34 46
22 76
85 63
19 46
39 37
99 70
96 50
68 83
5 20
86 39
14 26
4 95
75 15
40 65
25 2
88 47
85 83
81 12
81 97
9 60
86 37
95 44
7 79
47 2
44 71
18 78
11 43
10 5
79 57
3 44
68 74
40 53
68 88
60 35
53 6
97 32
45 68
8 90
92 5
24 100
82 95
60 74
37 66
100 5
22 3
15 18
12 19
51 28
82 79
44 87
84 7
54 93
3 35
28 87
13 35
41 67
37 3
92 39
56 59
10 61
96 56
74 88
19 33
90 79
93 88
65 10
4 57
94 85
52 93
26 64
22 61
84 75
3 41
64 65
66 95
79 97
30 66
10 79
7 70
68 70
43 65
4 72
75 47
72 94
24 44
74 19
3 24
77 71
41 22
91 6
88 36
6 86
44 8
11 25
51 10
6 61
1 42
68 27
47 99
28 6
57 96
18 30
94 97
10 59
27 97
99 53
77 79
100 83
71 100
32 55
4 93
14 89
13 31
48 85
20 15
12 3
93 80
78 56
92 57
17 63
4 28
89 75
91 30
50 19
8 78
29 52
82 74
70 100
98 23
53 72
62 98
37 74
17 12
79 81
44 82
86 9
59 46
27 90
51 11
36 97
68 53
65 16
6 83
1 53
18 64
21 11
72 92
18 89
58 40
34 74
51 52
49 94
58 91
49 43
88 3
56 97
18 49
14 30
99 17
81 80
42 8
74 30
15 48
87 48
100 9
52 20
80 24
11 73
29 83
52 92
94 68
55 9
88 29
30 77
99 43
7 39
77 95
62 28
98 81
9 29
27 49
49 16
87 1
91 67
12 63
66 28
65 1
46 33
37 5
69 4
57 75
90 46
15 69
44 27
54 38
68 16
32 37
90 41
5 73
44 84
32 13
97 16
19 25
66 83
87 60
55 92
91 2
56 16
84 46
35 59
43 34
11 27
44 21
56 54
42 47
17 51
91 18
64 33
85 7
86 34
30 17
93 47
15 54
57 69
66 17
13 9
95 90
31 69
70 11
13 27
79 52
58 55
32 68
62 99
83 86
33 35
3 94
84 47
11 50
97 48
2 98
64 66
75 87
9 56
64 61
1 77
6 79
25 37
46 44
76 9
30 23
27 9
36 87
61 39
39 76
34 15
54 98
91 3
96 86
65 7
22 26
3 75
64 56
39 64
14 94
77 15
89 63
36 66
66 31
64 74
17 31
53 64
14 53
84 28
23 44
69 30
72 46
60 62
5 44
44 1
21 73
61 5
20 2
22 90
13 43
8 29
51 68
78 98
78 63
91 11
31 2
37 36
84 13
84 27
13 41
30 7
55 79
26 76
88 23
11 63
63 53
15 85
73 51
40 11
93 15
54 50
72 34
54 36
67 14
43 75
91 60
46 25
48 62
2 23
55 21
75 65
66 10
1 63
70 61
59 40
16 31
78 55
16 6
32 15
22 96
52 38
89 29
77 67
89 20
68 64
26 63
26 28
66 100
49 59
67 15
49 99
60 81
64 92
100 73
94 1
33 100
13 1
56 46
87 95
37 79
59 43
93 70
75 21
84 15
11 46
20 30
26 2
2 46
11 41
74 61
89 50
78 46
33 59
56 52
79 72
3 33
41 33
40 34
20 96
95 69
54 43
81 61
36 46
41 37
21 39
71 72
88 61
8 1
74 92
19 61
69 23
86 2
22 33
31 57
76 41
79 34
63 93
97 96
76 87
8 22
40 72
88 53
63 10
17 93
48 3
38 34
48 21
91 41
50 37
15 9
69 20
66 71
74 70
29 13
13 91
53 25
32 17
84 60
56 26
27 34
8 83
71 33
57 46
100 45
93 6
2 61
64 77
65 60
95 31
66 41
58 32
31 48
55 44
95 9
14 13
48 64
40 91
73 27
5 27
52 44
87 17
22 4
78 16
82 35
31 47
76 91
16 4
68 71
82 23
71 75
17 84
60 73
4 58
37 55
45 39
24 2
57 50
76 78
49 42
23 25
75 56
78 85
10 24
61 40
7 89
28 95
92 6
70 2
80 58
52 47
64 17
72 70
82 16
92 59
80 28
2 100
48 53
23 81
56 3
95 2
31 73
75 24
48 90
14 100
55 48
6 2
17 21
9 45
36 47
12 26
71 85
35 9
34 48
88 69
89 38
14 39
52 14
97 25
22 21
47 100
36 10
14 99
89 43
73 59
93 14
97 28
28 67
12 16
53 79
78 37
58 41
87 82
27 1
13 42
94 98
81 94
4 80
73 58
18 33
3 43
23 51
70 67
4 60
58 47
56 95
15 13
1 84
51 53
98 60
32 57
52 94
53 5
20 43
93 82
40 35
14 91
32 10
30 54
23 43
81 22
90 52
7 14
98 73
19 66
14 97
12 76
18 97
70 62
64 90
48 56
100 87
78 2
99 56
82 8
67 65
14 59
91 37
60 37
45 69
76 28
39 46
80 27
89 66
32 85
22 25
76 18
97 4
49 55
9 89
92 35
84 55
97 100
27 86
9 24
87 81
20 53
86 49
94 48
23 61
59 58
60 77
8 55
97 75
48 50
41 65
51 39
69 13
14 56
87 15
10 7
88 34
51 25
90 43
22 91
42 57
22 85
18 47
83 46
17 57
37 1
58 98
78 90
3 28
66 72
54 51
19 86
53 35
99 57
2 44
43 44
27 42
92 28
42 75
92 30
77 34
43 8
90 82
83 24
75 86
9 19
32 48
66 94
33 7
9 70
19 65
29 56
95 89
97 20
58 100
31 68
81 69
93 100
2 57
4 34
82 88
65 61
18 3
53 55
98 57
52 9
91 23
76 20
91 86
42 55
10 95
58 52
82 81
93 94
17 11
21 97
25 98
80 47
40 43
65 99
77 24
31 15
34 69
86 52
47 27
55 43
49 14
45 64
68 100
89 49
1 25
99 25
90 20
26 95
43 100
26 79
98 33
91 45
38 73
86 50
34 66
99 80
86 92
3 79
79 50
85 54
90 29
42 68
59 84
34 49
46 3
24 59
61 89
84 99
70 77
62 86
52 36
5 90
50 68
85 88
41 46
76 70
54 77
29 2
54 60
66 23
34 82
88 46
48 91
64 63
40 26
63 2
88 89
42 54
1 29
59 48
58 14
25 63
88 5
52 91
10 23
87 92
48 10
61 32
8 19
96 61
22 53
83 97
26 59
26 41
44 81
62 49
76 55
3 73
65 15
13 92
91 38
20 36
13 77
96 81
31 18
53 84
90 10
49 8
83 34
28 44
82 45
4 23
88 52
91 53
77 91
64 16
78 80
82 77
99 34
8 54
31 3
12 62
92 89
36 24
15 99
41 1
2 40
29 61
85 45
11 20
83 58
53 27
46 63
74 42
70 17
96 71
23 67
16 99
24 43
58 79
7 83
89 13
10 21
68 6
67 56
8 20
52 31
83 73
18 43
57 81
10 68
81 8
88 35
88 58
1 23
63 96
90 13
48 44
29 54
52 68
6 74
81 95
54 88
91 49
45 89
89 1
9 38
88 17
12 8
56 65
43 94
88 15
95 65
63 3
55 97
66 62
53 7
50 60
19 79
86 10
3 34
89 67
66 15
17 33
2 58
4 6
16 18
98 67
28 82
3 66
95 43
24 57
57 48
55 12
50 49
42 19
58 57
49 93
97 70
5 46
24 37
29 22
30 41
67 31
21 31
39 79
33 55
53 29
27 35
72 87
7 18
72 97
65 96
64 19
68 55
68 97
8 38
62 76
100 10
69 98
27 94
79 45
60 39
22 23
64 15
15 6
93 8
5 23
38 45
80 57
97 86
47 5
99 60
23 14
89 22
56 21
24 14
16 2
63 72
44 93
67 6
67 54
39 47
24 38
55 82
54 17
50 85
26 20
69 75
10 18
23 63
36 4
42 4
93 87
89 56
79 54
82 92
80 14
53 15
34 64
54 23
96 84
20 46
34 78
16 62
55 93
12 4
43 64
70 29
89 100
97 7
92 93
91 35
7 43
94 73
92 34
11 42
15 38
51 49
88 42
58 8
56 86
1 71
56 31
42 22
91 9
34 20
11 75
82 49
64 80
99 93
48 1
2 5
7 76
47 61
49 38
86 18
68 13
67 34
23 86
36 45
17 53
95 34
100 37
7 44
53 37
90 59
6 11
61 85
50 25
24 82
59 12
34 24
100 99
56 92
34 23
58 45
98 13
81 1
55 99
16 28
94 26
78 49
5 24
80 23
56 11
69 14
92 66
19 23
26 100
86 80
28 37
72 81
71 37
59 95
38 19
27 99
26 84
34 55
68 57
54 91
48 2
34 21
22 58
58 84
64 84
22 6
81 6
15 45
60 17
12 78
86 77
45 83
66 27
72 62
83 75
49 23
12 46
85 37
34 70
11 79
74 15
90 38
56 34
54 96
71 35
86 59
17 27
24 51
100 86
33 87
18 12
39 98
60 75
28 69
7 3
62 61
72 52
40 71
5 38
15 4
20 27
80 87
99 42
46 62
12 96
56 50
36 40
58 89
1 15
80 40
17 65
83 53
59 39
56 10
28 53
100 65
82 26
44 45
27 19
41 78
32 19
37 80
99 32
19 62
37 62
65 3
57 56
24 90
93 73
77 63
10 89
27 64
52 64
13 70
91 69
100 36
65 57
87 45
4 82
97 51
51 57
36 22
41 100
31 75
25 28
34 63
92 71
14 27
77 43
9 87
62 65
62 6
46 82
63 43
54 44
40 29
31 53
28 61
3 20
54 40
46 96
16 13
58 29
91 96
99 18
66 90
6 31
82 29
23 17
97 54
87 71
63 36
24 28
60 38
77 52
28 75
73 61
68 66
75 73
76 73
94 60
24 64
69 8
21 12
69 61
41 77
25 40
100 49
90 42
99 63
2 51
81 45
2 8
100 60
59 38
86 1
28 49
71 91
75 9
69 47
29 51
4 18
78 74
8 14
68 8
14 77
6 26
36 29
27 55
76 100
63 95
78 70
75 93
93 74
69 49
82 22
69 12
21 32
71 30
58 96
78 36
100 92
63 9
59 80
19 67
66 65
46 24
45 63
26 87
20 93
51 21
51 94
59 87
14 62
13 65
89 16
33 76
82 94
27 16
20 57
26 25
18 42
16 53
97 22
24 91
54 19
3 30
15 72
85 67
27 50
73 20
54 21
67 94
24 67
49 84
36 70
18 63
39 66
50 33
67 73
46 61
16 57
12 88
61 43
4 68
8 65
67 55
55 96
27 8
72 31
15 58
29 27
52 61
41 62
67 36
33 10
51 18
36 43
29 98
3 47
58 24
85 96
52 80
33 56
55 4
17 37
36 79
2 90
7 69
83 22
30 37
88 50
23 52
49 4
55 46
5 65
12 52
64 67
99 92
63 32
97 33
50 76
17 79
2 75
42 77
56 90
87 74
35 66
26 10
5 1
33 8
36 9
94 84
93 56
91 65
34 12
35 72
65 87
69 29
91 99
20 81
63 29
9 25
5 85
92 91
3 39
85 100
79 62
49 77
64 38
30 52
48 35
25 39
46 9
98 16
95 84
33 61
98 40
30 39
32 6
11 4
27 21
97 73
3 76
2 82
86 99
54 16
95 97
23 6
21 25
74 73
24 65
76 64
78 82
87 54
52 66
45 17
55 7
66 45
20 41
9 47
60 59
97 99
41 34
88 33
95 99
66 74
90 96
5 36
93 51
79 44
24 42
20 58
7 82
39 5
71 2
73 7
91 75
28 85
59 9
95 27
64 8
54 90
7 81
14 44
9 66
54 10
73 10
54 9
33 47
69 6
13 86
75 27
78 47
39 95
32 28
44 73
51 48
78 68
56 71
57 25
53 77
6 84
94 50
58 25
39 36
87 16
92 98
71 13
16 51
31 39
49 5
25 34
27 48
72 68
94 35
19 24
14 11
40 5
24 29
98 52
45 24
63 39
42 36
89 70
6 89
62 44
15 33
87 31
71 98
99 98
33 73
62 30
22 72
1 9
79 95
57 45
2 27
33 74
22 10
70 41
19 80
40 30
45 96
11 1
29 16
34 54
11 95
98 70
82 97
23 76
13 80
83 15
69 68
48 46
33 94
89 82
10 17
54 71
57 5
21 33
85 89
86 65
74 80
61 91
26 73
7 6
42 48
94 76
12 42
10 69
6 44
66 55
2 18
84 77
62 63
71 4
43 92
88 70
80 56
1 76
24 94
25 86
100 79
79 76
32 26
91 93
35 24
62 1
99 46
100 64
93 41
52 62
27 74
10 3
29 68
65 78
47 29
86 89
27 87
81 36
76 92
71 43
34 87
61 17
37 81
77 8
57 73
30 99
23 53
96 1
1 32
86 79
57 49
47 6
19 49
69 64
23 8
26 46
80 49
27 77
56 100
7 42
27 83
23 72
9 39
16 83
32 11
26 93
89 42
89 76
18 14
13 20
94 89
72 43
74 31
70 31
18 62
69 2
4 98
23 45
85 98
58 39
66 63
12 28
69 89
55 98
60 69
3 72
79 85
33 48
85 86
90 75
70 92
8 91
42 87
7 59
71 7
80 3
9 90
100 59
86 40
68 38
79 40
45 60
85 27
27 10
47 59
41 5
81 29
75 34
14 79
50 21
74 22
16 22
56 44
45 61
62 71
98 93
6 72
74 56
36 12
12 83
25 8
87 47
52 6
22 39
88 2
25 70
1 79
81 65
39 41
33 89
32 74
84 52
73 12
37 10
21 69
55 18
83 41
81 74
75 46
57 64
60 82
22 24
40 37
85 57
32 78
3 58
87 58
89 81
92 8
78 96
60 90
28 30
55 90
13 17
75 44
76 61
21 82
26 81
34 45
35 67
28 5
12 92
60 10
100 54
49 45
5 33
52 85
19 15
85 42
51 83
88 59
68 33
82 71
40 55
71 74
23 57
48 70
20 10
39 42
70 55
76 37
81 30
93 72
58 21
54 81
58 54
48 9
19 78
69 56
53 67
84 3
28 54
84 12
14 61
51 32
2 39
43 29
5 50
68 12
16 32
71 22
92 60
84 79
13 81
87 84
41 17
50 4
11 76
99 21
57 21
30 5
78 27
65 48
59 54
11 33
74 98
26 37
72 55
48 82
87 97
19 31
60 67
86 22
100 94
85 6
47 73
69 59
50 58
99 58
90 72
92 81
11 100
52 78
63 24
45 1
20 66
80 26
49 36
72 44
51 86
70 79
90 25
15 61
25 96
45 73
100 69
12 14
42 17
60 28
52 33
8 24
12 80
59 62
92 29
94 69
36 64
11 36
14 66
61 97
33 23
11 48
61 78
53 98
81 62
55 65
45 37
68 1
84 82
62 20
57 26
41 24
25 14
48 38
30 46
35 90
94 70
17 82
30 36
61 56
91 100
48 36
25 30
50 95
97 65
8 48
12 37
26 51
23 79
75 81
29 19
3 2
99 8
92 2
75 33
24 86
71 11
13 54
2 43
24 55
11 90
45 43
77 46
6 76
39 33
82 66
81 34
32 82
94 90
45 12
6 33
73 50
15 8
14 54
35 68
47 15
8 50
88 39
71 50
52 63
38 70
100 3
83 79
35 20
72 56
85 81
100 67
74 50
4 87
24 1
36 82
43 19
16 71
80 50
48 18
56 23
38 37
9 32
50 35
100 13
43 70
47 62
55 26
93 1
4 59
79 27
25 66
26 71
73 23
97 17
42 92
60 58
41 98
24 72
52 27
81 19
48 60
91 36
81 73
41 52
42 78
2 34
55 25
6 29
38 94
23 32
38 77
74 16
82 25
99 10
30 79
6 98
29 45
68 19
56 7
59 27
39 49
100 28
29 67
67 72
84 76
39 74
29 42
7 75
31 61
89 74
44 94
93 28
83 38
22 14
71 39
35 5
31 40
39 93
56 27
7 95
43 74
4 65
72 11
75 20
47 65
44 58
27 96
94 61
74 3
6 73
42 97
23 75
20 33
95 49
45 99
84 25
96 40
95 75
92 32
25 75
92 7
58 70
70 46
25 59
49 96
99 22
94 22
55 86
69 66
35 49
72 100
44 26
15 22
33 65
89 54
74 8
99 29
52 15
53 34
100 95
90 91
94 55
81 100
45 72
71 31
73 62
73 84
69 86
21 49
87 12
39 89
60 41
93 24
26 97
91 78
25 10
18 24
93 89
69 39
18 67
20 78
67 30
46 65
76 98
38 7
20 63
37 23
52 35
87 70
74 84
96 76
85 25
94 40
70 32
50 91
100 30
91 57
89 59
69 35
17 74
47 67
8 97
19 10
15 91
17 36
62 33
48 40
41 59
4 56
37 11
18 75
72 85
49 48
8 87
12 6
1 33
14 76
86 35
32 93
41 95
59 2
31 78
85 80
34 13
100 21
10 67
40 27
22 57
90 18
80 22
29 79
38 63
69 48
60 42
75 55
70 27
65 30
47 49
48 66
43 58
37 43
64 37
17 59
56 32
9 4
71 49
9 12
27 6
67 92
21 61
97 41
28 1
56 66
85 70
88 84
72 47
11 87
9 78
37 15
9 53
38 58
58 7
22 51
12 22
73 24
9 58
29 76
96 92
61 1
66 11
43 41
83 98
70 95
58 34
50 72
19 26
86 29
44 66
74 29
42 70
11 67
34 42
94 99
87 2
99 82
94 96
71 23
30 93
96 52
42 35
51 27
38 12
85 31
66 12
7 74
12 60
16 40
98 8
9 57
29 60
91 33
57 62
84 23
99 79
38 47
1 51
42 25
11 69
19 88
2 83
85 84
93 66
97 57
24 11
35 70
7 24
85 3
74 83
3 59
48 75
31 50
69 24
12 100
43 93
40 67
54 7
35 43
70 69
55 35
8 72
94 41
35 65
17 15
83 77
92 36
33 24
17 20
15 100
6 9
73 88
30 12
51 35
5 74
97 67
4 44
47 13
90 19
35 73
93 25
94 53
85 43
70 12
50 17
26 18
55 91
54 49
4 8
67 5
28 39
65 76
10 2
31 41
54 24
83 11
29 44
89 91
11 19
98 11
65 23
4 21
18 5
99 19
47 64
65 72
18 98
41 68
76 52
44 35
33 40
84 2
72 82
33 34
69 79
19 73
69 17
82 64
21 3
86 82
40 46
38 92
13 45
96 59
52 19
96 13
96 69
78 60
50 14
89 24
80 35
98 26
30 72
58 72
17 16
90 6
69 26
98 51
7 100
4 2
27 41
21 42
1 59
17 47
49 20
27 60
46 22
71 84
91 85
93 37
83 60
62 92
7 77
100 32
94 39
22 37
26 72
40 88
67 51
63 16
47 4
71 58
19 95
18 66
64 78
37 67
27 32
45 42
60 95
78 93
53 70
80 61
43 67
90 47
80 9
3 54
61 36
33 85
85 99
95 51
70 60
79 8
95 5
63 91
33 79
27 7
5 43
94 74
55 38
80 76
58 49
10 50
30 63
53 36
73 89
82 5
16 21
84 72
90 69
75 62
19 96
89 36
88 56
49 67
15 10
45 95
6 40
96 7
59 57
39 57
34 100
48 23
88 27
7 62
13 48
45 26
18 44
87 49
95 68
78 28
24 84
91 19
96 43
5 8
77 33
56 60
95 83
48 81
99 69
29 26
99 73
64 88
68 85
43 88
90 40
50 97
28 64
49 12
5 60
22 11
7 21
42 30
47 14
37 95
62 24
54 53
5 34
83 4
4 14
48 39
64 86
85 18
58 27
2 79
32 38
37 31
50 98
83 70
1 54
29 15
67 27
77 94
44 91
87 41
98 20
62 31
100 23
54 73
39 55
39 73
82 33
52 21
29 5
58 26
80 38
12 93
8 37
88 99
47 25
29 62
65 92
87 90
66 88
35 77
100 52
37 59
46 4
55 29
29 31
17 4
25 71
32 94
95 12
90 97
68 81
96 26
38 76
64 46
100 88
99 81
12 40
60 68
98 38
58 62
60 31
54 31
45 62
85 14
16 39
19 75
73 16
88 79
26 27
90 3
75 29
48 71
28 73
46 35
88 63
100 27
66 59
89 71
2 64
8 75
71 78
46 60
6 38
77 16
61 83
90 12
83 17
33 80
62 95
87 5
6 51
79 65
85 95
94 91
8 34
36 75
38 46
74 55
5 42
49 79
8 13
55 5
89 40
8 57
70 44
75 52
27 39
80 94
76 36
36 65
3 83
96 29
68 28
14 75
38 10
5 26
6 56
13 64
96 87
18 1
100 39
44 86
81 76
77 56
45 40
88 57
75 64
95 46
84 42
18 52
41 96
53 71
5 91
49 53
48 78
13 95
1 3
4 61
78 25
91 27
12 57
12 33
56 19
8 26
54 32
98 96
2 32
78 17
92 24
36 35
91 12
66 70
14 32
98 65
85 9
12 48
82 67
1 74
91 10
11 52
92 79
38 65
29 10
88 30
7 47
57 33
93 68
34 30
19 63
80 92
38 11
87 29
10 1
89 77
2 74
39 43
33 2
4 40
9 5
71 47
54 33
90 33
67 2
25 27
85 90
82 1
60 40
44 96
50 16
99 50
35 87
91 66
19 59
30 27
59 23
24 30
1 46
44 36
40 41
81 53
70 47
11 80
100 98
44 51
97 53
1 50
13 10
63 57
24 16
2 80
59 93
92 78
18 39
78 30
24 47
46 74
42 81
22 19
31 96
84 38
8 86
54 76
62 77
54 22
96 9
51 8
51 70
10 70
66 8
72 99
88 67
42 63
27 28
29 84
44 88
92 15
31 99
78 100
44 98
92 21
71 12
63 31
13 25
14 95
87 73
70 24
100 44
92 53
69 19
94 86
36 50
37 87
16 79
87 91
30 31
43 32
30 38
56 1
47 34
85 51
14 42
96 60
63 82
14 78
12 41
57 93
61 59
49 15
72 42
86 20
89 26
16 52
76 57
43 78
67 87
78 67
76 16
4 25
99 61
69 62
33 32
86 74
77 97
92 58
32 90
89 96
63 21
28 46
48 30
57 10
84 67
48 79
45 52
97 1
41 89
29 48
51 66
35 34
96 32
85 23
46 43
53 59
44 49
2 60
59 76
39 80
79 75
32 59
30 57
20 37
19 44
15 94
4 62
49 22
24 61
22 78
61 63
7 15
96 30
60 1
9 68
16 3
99 28
39 54
79 35
58 56
30 33
31 32
14 33
71 70
69 67
7 2
59 94
57 82
28 18
35 16
72 20
9 40
4 94
68 63
74 11
58 17
85 34
29 46
27 15
11 49
28 48
70 14
62 93
50 3
5 76
55 77
56 30
67 50
35 21
56 24
1 85
87 68
28 36
68 25
36 13
26 91
57 100
70 19
80 97
47 43
18 83
44 80
36 3
90 39
7 61
63 27
82 56
95 33
89 32
97 69
28 96
4 92
28 59
30 21
56 63
82 51
67 83
75 96
94 75
96 38
19 100
71 69
50 22
84 89
57 71
69 41
81 18
78 53
17 73
69 37
66 26
33 67
15 5
73 90
25 92
46 98
33 45
37 18
75 50
47 66
44 47
73 92
98 77
100 90
8 73
84 32
89 48
68 22
52 7
86 47
20 67
41 7
36 56
38 39
99 20
94 23
76 15
82 58
86 93
