200 8751
50 127
103 28
95 141
19 156
39 2
141 32
37 5
171 129
84 46
14 56
43 67
131 2
162 42
64 115
169 103
41 70
112 57
35 88
47 64
153 154
124 178
64 8
197 135
186 55
143 62
113 8
58 155
195 189
61 17
135 48
76 31
43 86
25 142
44 70
177 134
140 189
110 101
78 18
186 95
96 191
198 89
114 76
145 122
10 52
90 153
61 127
136 97
21 61
175 200
133 146
41 200
161 137
102 31
200 100
167 106
50 2
109 30
110 181
36 32
77 131
98 28
84 114
93 156
192 168
22 31
136 110
86 131
42 137
181 78
80 179
131 37
25 48
25 130
163 176
53 174
177 107
48 42
73 191
169 178
116 159
20 78
123 131
121 77
5 17
46 156
75 55
77 68
117 180
191 100
192 4
179 20
33 60
152 10
36 114
132 89
134 87
159 75
122 139
110 50
198 192
103 70
101 181
143 120
65 68
153 103
109 184
19 107
59 29
55 158
190 187
173 190
24 122
36 192
153 32
60 62
31 172
1 17
111 184
197 75
23 79
159 81
143 98
127 56
88 100
49 181
6 23
73 103
75 188
105 96
38 101
190 8
105 122
77 135
141 186
172 48
21 145
130 121
64 166
197 176
32 22
64 174
100 148
116 165
112 110
117 139
121 2
90 188
28 87
197 155
9 137
22 78
76 151
149 166
82 61
10 6
108 111
129 198
47 32
124 54
45 19
168 26
45 135
115 198
110 60
44 79
70 88
167 138
11 168
37 197
48 20
73 163
113 101
136 1
162 193
49 152
102 63
121 100
61 71
152 106
195 5
128 1
20 74
161 150
69 93
12 9
72 66
131 90
61 157
39 135
48 72
80 48
77 54
98 66
154 173
71 35
199 169
86 21
106 178
57 54
84 173
154 44
54 119
190 89
27 175
134 144
128 129
1 53
123 148
27 88
182 38
75 76
69 19
126 152
154 138
134 155
58 80
96 66
34 32
50 98
36 57
191 179
200 173
180 113
66 73
33 172
3 132
42 180
109 21
45 180
21 176
120 114
72 79
123 115
56 85
151 161
68 78
187 98
199 15
158 19
197 38
7 140
105 194
193 61
147 106
173 182
17 18
78 117
51 195
183 121
74 106
167 113
5 6
25 199
137 179
151 133
15 74
165 135
124 144
101 29
22 173
23 152
60 161
61 25
160 54
104 49
133 120
44 173
166 97
14 7
94 134
74 161
28 84
149 104
163 57
42 170
31 56
83 147
161 23
153 30
145 169
55 152
165 190
5 89
85 6
31 73
13 24
170 131
197 183
120 111
121 31
112 46
14 147
180 146
87 150
160 108
70 91
47 192
9 81
178 119
119 50
17 102
9 38
125 3
35 55
151 110
132 117
171 144
150 134
57 16
83 105
187 86
145 191
104 110
125 141
169 90
4 142
198 77
38 173
172 117
175 187
172 185
49 33
108 79
95 183
24 159
196 9
85 200
7 168
60 184
37 200
73 159
163 184
146 156
3 137
57 65
96 114
38 89
165 139
11 52
89 26
111 177
47 136
137 14
155 21
59 33
68 147
145 17
67 20
107 153
67 117
17 115
61 68
64 13
67 18
7 154
108 106
145 136
10 194
75 14
155 140
125 61
94 40
177 191
148 86
117 22
14 39
81 156
94 25
149 124
44 142
148 73
60 177
13 36
99 57
8 82
37 168
127 107
130 124
196 37
68 27
15 6
170 23
67 190
36 82
154 108
194 137
96 189
74 59
173 158
80 193
181 136
178 86
10 74
144 18
91 110
11 98
94 28
42 111
31 34
179 119
87 128
195 115
84 104
26 193
44 66
31 71
28 116
78 67
60 67
14 117
77 164
118 177
21 36
103 166
146 15
105 46
101 15
109 50
4 51
49 52
111 54
176 65
164 41
200 57
37 55
16 179
78 130
11 35
73 114
98 196
8 144
87 192
5 39
90 135
88 200
22 171
115 51
84 155
41 121
74 97
29 84
65 56
39 136
136 81
166 73
36 164
148 81
128 23
34 20
40 144
6 148
145 105
17 81
187 33
44 129
196 32
148 92
77 56
175 25
125 102
153 46
64 71
46 119
107 23
15 179
167 149
105 88
178 138
101 70
194 67
131 159
160 96
68 32
158 1
161 148
172 105
193 103
22 166
149 170
22 113
184 153
26 151
77 112
127 62
29 95
69 32
126 187
75 132
58 195
30 126
195 62
110 75
28 191
153 16
23 15
57 184
137 36
132 59
46 53
131 192
93 54
131 108
89 24
62 118
120 77
197 66
200 94
136 98
94 165
35 190
138 71
179 117
181 193
130 65
142 119
104 20
192 199
57 126
138 163
16 133
158 75
134 64
182 133
171 23
84 180
6 188
169 84
88 80
171 106
102 188
66 160
172 111
61 178
139 17
145 164
122 57
145 116
129 119
49 26
144 96
104 124
88 141
155 200
154 182
142 23
94 6
151 125
58 74
75 120
173 196
171 174
163 18
47 166
67 45
44 71
12 80
18 187
72 103
66 173
132 99
140 12
131 84
87 81
138 81
200 172
177 65
26 92
57 56
123 163
96 197
19 47
27 67
119 124
93 33
139 98
34 26
175 183
3 128
87 166
159 23
164 62
3 64
188 109
99 162
131 103
146 105
35 92
43 155
6 45
42 47
70 183
198 131
37 148
183 29
6 177
7 15
163 51
105 138
51 64
142 193
39 56
96 59
40 66
148 36
117 35
151 41
165 88
86 161
151 124
161 51
26 163
190 45
112 75
157 166
30 28
180 200
64 68
124 165
136 180
39 24
85 147
29 18
66 30
63 121
25 88
74 111
80 171
141 120
85 47
198 149
149 91
105 148
28 12
107 178
128 118
17 200
53 33
180 197
26 4
94 48
156 95
193 128
67 14
65 1
71 50
131 189
69 92
27 132
17 128
116 72
39 85
106 138
56 98
5 171
14 10
160 124
138 52
20 175
59 78
151 99
65 183
1 27
135 195
18 142
66 45
3 13
59 145
114 126
105 68
144 140
73 4
130 170
90 164
105 60
36 8
28 46
169 55
40 88
185 161
63 174
162 133
76 116
177 81
40 138
159 191
77 172
52 120
195 4
1 113
93 90
165 118
164 81
159 79
21 153
107 105
103 142
88 37
1 191
109 1
179 64
68 5
9 89
158 74
152 95
33 1
107 165
39 21
168 13
9 44
132 114
94 127
197 178
172 81
133 67
72 175
84 64
141 23
23 176
3 156
12 54
152 71
150 112
137 43
9 80
146 112
116 161
173 105
103 56
116 101
93 119
171 64
144 49
60 98
13 122
133 10
44 146
44 59
83 53
78 188
86 39
32 118
182 162
194 75
1 153
186 58
163 125
46 31
179 100
17 3
37 26
184 152
155 168
22 100
5 125
167 65
93 102
150 49
129 165
32 199
13 92
145 153
13 83
116 93
81 99
192 52
72 138
20 29
194 173
35 104
190 36
27 95
125 115
14 120
99 147
25 143
191 81
184 166
132 4
57 53
14 197
26 174
40 89
81 48
4 134
149 24
55 21
136 170
193 165
97 44
8 139
23 27
188 51
153 191
92 190
19 64
26 25
102 58
56 125
15 71
163 90
92 162
129 174
101 120
67 158
48 175
118 117
133 42
99 61
97 19
18 6
47 139
154 125
6 53
99 18
169 34
60 169
55 33
186 2
171 63
71 5
60 119
158 13
100 68
96 117
27 145
129 155
10 30
155 171
66 155
186 134
41 135
157 55
89 141
51 99
103 125
45 75
130 71
153 10
12 90
35 191
63 69
13 138
126 77
128 163
43 195
90 115
123 32
99 177
50 11
82 40
122 147
118 69
146 73
156 159
89 146
54 150
19 117
8 111
157 38
140 45
13 142
126 4
19 130
152 146
53 130
15 180
181 74
49 163
177 196
118 89
66 42
11 161
162 134
190 87
132 167
68 163
126 60
36 127
11 126
181 53
61 38
105 10
199 151
191 127
51 55
159 182
177 97
24 94
190 52
55 96
62 32
13 183
110 95
46 1
94 126
32 106
125 108
193 109
181 93
82 42
162 47
103 51
61 197
105 121
95 92
97 61
146 66
111 129
128 25
167 181
175 158
189 20
118 83
88 115
66 192
108 59
182 8
158 31
156 154
105 168
94 78
184 45
31 86
191 139
55 60
141 177
21 1
70 146
93 91
124 33
115 179
180 122
163 61
88 24
151 50
22 194
177 105
3 189
76 91
126 154
14 25
58 25
168 19
121 8
140 107
166 131
52 186
16 17
51 53
1 114
10 88
141 97
134 182
2 56
113 168
179 134
44 181
45 187
175 173
176 22
120 39
35 156
155 92
74 176
77 21
180 157
47 128
129 98
64 17
74 191
185 24
37 159
46 171
77 81
187 115
196 151
180 152
180 126
195 47
22 164
135 74
144 115
48 18
65 121
44 189
159 40
192 92
191 109
83 94
120 144
87 162
6 69
173 112
60 22
43 151
100 115
32 60
173 54
168 102
144 97
157 78
60 43
8 85
62 71
197 169
94 118
28 64
119 180
170 60
20 61
2 161
70 39
25 13
25 176
172 144
13 52
63 50
87 132
175 174
157 198
194 20
177 41
188 99
36 136
168 75
19 6
18 37
148 181
84 80
156 167
91 139
124 88
98 96
124 116
181 187
172 192
134 127
87 3
99 60
44 55
35 20
82 92
13 125
121 115
157 102
153 102
16 175
32 6
8 24
16 183
61 44
58 122
172 30
77 38
198 164
179 152
84 41
87 85
67 29
45 127
167 133
73 71
79 180
7 57
88 93
41 36
149 190
46 7
85 45
102 134
118 65
27 128
113 178
97 58
128 30
155 187
102 34
189 57
34 95
186 128
102 85
41 3
135 100
39 143
188 53
102 145
20 41
111 69
11 60
75 148
127 96
136 178
157 43
140 103
157 122
186 60
57 9
8 71
195 102
163 39
101 198
54 109
7 190
198 50
157 21
99 82
107 49
7 82
198 119
157 75
3 110
79 155
41 18
168 103
184 11
88 175
6 4
134 110
10 107
99 152
98 150
163 6
38 41
113 33
48 101
54 146
172 137
71 19
102 80
92 62
134 126
6 187
43 12
91 26
118 76
39 159
13 170
54 168
186 138
128 107
120 194
101 10
124 48
67 160
193 57
121 74
122 155
165 60
45 182
50 139
76 54
115 67
122 46
91 121
111 174
77 186
160 15
16 36
29 96
130 200
100 28
162 4
129 178
112 166
195 166
156 110
193 83
18 103
194 44
94 76
123 69
195 22
43 84
127 41
181 14
190 68
49 90
35 32
200 53
153 193
100 153
139 102
198 70
189 171
65 24
128 119
90 187
83 109
61 177
102 200
125 127
168 66
157 88
45 169
3 107
36 63
187 165
19 46
55 139
116 128
159 183
186 79
144 82
57 27
192 148
200 199
191 15
73 98
48 198
144 181
159 65
160 91
77 156
123 95
195 15
185 4
109 79
80 164
84 191
61 80
182 11
141 176
140 198
103 75
103 14
71 174
4 66
125 87
161 176
143 171
91 141
91 131
113 145
198 180
34 52
176 109
31 185
27 134
59 177
96 31
50 87
30 16
149 142
41 167
79 70
61 115
143 21
79 82
27 166
45 50
100 108
158 167
32 121
1 186
179 55
86 38
104 130
191 85
133 5
146 68
19 76
125 95
162 39
169 130
27 187
100 155
177 116
180 16
172 14
187 87
14 195
76 162
90 87
150 181
48 69
10 102
42 143
12 25
107 119
34 92
63 175
126 192
171 115
175 22
25 22
129 79
15 43
70 30
36 176
39 1
50 60
56 79
139 156
159 151
195 72
21 94
73 194
152 20
16 39
11 38
200 72
129 61
57 21
144 15
124 18
70 131
187 7
62 89
106 30
142 32
157 130
116 26
48 34
29 145
146 143
10 114
198 88
191 123
134 196
130 49
197 104
142 182
169 35
93 60
115 55
95 43
15 102
50 118
134 2
87 73
75 175
147 34
173 1
188 150
163 36
164 180
135 156
29 79
156 149
106 113
142 137
30 90
200 87
86 85
115 105
124 16
197 6
198 178
153 51
79 146
73 24
188 164
105 92
140 106
55 73
17 164
54 180
145 100
200 35
148 64
130 161
120 172
40 141
119 86
152 61
83 168
16 120
92 115
21 83
138 21
127 100
34 173
111 149
20 65
171 148
109 97
43 73
63 151
13 103
100 8
161 162
80 21
176 16
115 127
52 171
115 28
51 63
15 163
34 175
26 97
14 169
75 41
84 183
98 140
121 170
13 177
154 146
162 110
1 79
124 60
194 53
194 72
77 31
3 69
180 48
94 110
111 109
196 25
81 54
177 197
189 89
77 139
92 183
52 100
84 175
123 198
9 126
166 23
186 36
169 68
103 183
120 7
184 135
58 78
147 70
169 115
158 118
97 122
99 168
173 77
106 176
197 50
57 73
93 7
36 102
39 58
182 103
111 37
135 158
46 61
59 135
177 188
182 192
16 54
79 178
111 183
184 23
158 110
57 134
199 65
9 114
139 31
84 150
5 190
110 19
164 154
118 160
21 58
1 142
107 104
96 43
49 193
176 69
132 17
171 79
11 51
132 135
51 132
173 169
29 118
120 1
90 116
111 119
37 57
38 58
32 104
16 49
76 84
10 154
56 189
5 46
101 153
122 18
179 73
63 40
196 8
187 41
187 157
77 57
54 99
88 134
62 150
13 104
152 162
105 8
131 158
179 128
93 183
53 26
24 82
138 114
118 5
79 167
36 183
87 160
70 128
26 54
3 159
15 93
1 8
174 36
126 128
159 166
68 148
101 30
93 120
71 180
143 55
127 183
144 87
62 82
5 163
118 72
68 57
132 168
159 20
126 73
166 65
92 73
71 120
50 49
96 61
134 85
124 67
84 153
196 130
41 64
137 33
164 70
29 83
102 105
112 47
156 87
7 10
179 125
97 126
7 197
124 100
50 26
131 48
171 94
170 30
63 100
107 163
78 62
185 150
74 196
189 130
127 1
126 59
50 121
171 124
184 151
164 23
67 166
22 44
145 35
165 158
51 141
101 12
156 80
149 16
141 146
150 123
36 66
70 45
39 106
17 27
109 187
174 104
94 39
167 6
172 12
56 22
13 57
33 191
26 140
80 199
41 180
75 183
188 183
98 157
142 107
181 174
3 151
56 35
165 138
75 170
135 75
49 43
153 11
97 140
185 93
146 114
23 133
145 168
33 164
127 93
161 80
152 41
12 102
151 9
88 194
84 141
169 131
172 132
23 182
25 187
141 143
183 109
136 127
75 121
166 57
97 87
180 112
38 179
195 150
186 196
87 124
96 115
73 54
89 106
38 116
14 111
171 135
171 73
6 17
167 48
127 176
64 10
187 134
174 192
119 77
4 50
123 158
97 196
165 104
21 100
196 11
176 97
43 35
103 12
91 137
138 107
69 33
73 85
107 130
122 55
180 114
144 174
62 111
93 77
131 69
5 150
198 175
145 193
11 14
47 99
68 129
95 194
143 7
143 131
50 183
155 101
79 15
62 36
94 141
88 92
37 107
82 52
46 173
3 196
170 160
42 174
92 131
141 173
126 100
22 94
162 108
156 94
54 178
192 17
44 193
100 10
182 121
183 9
57 8
130 106
160 32
76 14
176 47
33 174
53 176
67 5
58 29
77 190
43 189
160 16
188 10
54 184
63 88
67 112
51 31
95 24
52 169
149 128
174 14
184 83
170 138
65 42
81 196
72 122
3 120
57 71
25 132
101 51
104 85
132 149
131 134
186 162
72 14
145 106
197 145
59 66
65 165
44 52
99 145
35 161
69 177
68 127
130 103
131 97
175 36
82 115
56 60
8 198
95 167
120 60
193 108
113 52
90 161
198 51
82 72
52 142
37 164
127 152
24 22
174 170
195 91
84 26
93 153
138 171
126 161
70 129
34 86
93 177
123 86
68 36
113 153
16 47
181 38
193 89
110 118
32 61
199 6
70 29
162 160
190 200
146 188
11 189
182 77
123 108
186 150
81 162
38 153
118 23
141 30
30 11
67 111
104 7
41 90
121 113
78 197
85 32
66 114
154 53
134 76
188 161
37 54
179 74
199 142
115 175
146 119
79 169
131 42
9 18
123 89
152 151
32 144
36 45
141 81
85 67
70 98
66 26
85 181
145 83
162 85
104 111
48 84
144 68
110 100
157 32
167 23
106 5
132 5
91 28
59 128
198 145
13 152
163 145
39 11
130 162
67 196
187 180
124 24
97 32
64 43
128 166
142 104
32 190
180 9
120 11
68 183
198 38
127 4
67 22
92 111
136 155
23 31
147 157
37 12
130 45
15 104
69 116
155 44
181 83
175 106
95 129
188 4
2 92
196 27
191 12
50 167
133 116
155 148
170 117
76 10
157 170
57 88
154 139
156 118
24 75
164 195
90 5
94 193
11 137
88 176
155 143
84 25
97 125
180 52
99 148
44 50
25 82
196 152
198 49
190 178
101 111
38 67
97 94
77 191
139 71
111 187
177 139
175 98
2 104
88 111
120 105
173 5
44 190
154 73
188 118
177 64
198 26
153 82
47 100
184 169
80 82
20 147
157 42
55 32
9 142
129 19
192 147
86 2
151 102
63 192
118 181
17 110
13 164
44 137
81 28
176 15
84 102
125 194
93 146
1 29
63 153
11 63
95 145
130 132
108 148
144 192
61 156
138 135
29 19
120 83
36 37
64 180
21 44
164 182
148 21
54 157
41 181
58 163
118 6
157 106
126 32
87 99
69 15
183 23
74 94
135 84
134 69
159 12
152 11
97 162
8 11
172 42
195 196
10 172
76 21
158 46
68 166
49 91
198 52
36 169
174 93
84 178
171 195
116 104
41 100
161 40
127 175
97 147
18 140
87 129
152 160
4 173
199 46
178 98
69 40
167 63
106 86
38 82
58 128
121 119
103 150
65 38
190 117
194 42
197 87
81 192
110 135
5 78
124 34
116 170
92 39
169 87
161 65
147 188
97 73
12 33
136 58
83 56
83 30
25 63
144 100
74 166
113 100
94 27
129 37
164 123
85 33
104 76
150 197
49 48
4 118
165 15
92 64
98 118
179 56
198 46
38 57
197 190
48 12
100 67
164 121
129 18
188 46
39 199
123 147
129 126
41 88
127 168
195 159
152 66
27 139
25 174
26 179
164 122
135 172
69 95
21 9
119 159
102 140
54 103
162 164
198 99
103 109
129 168
188 131
133 103
134 65
8 127
95 116
112 56
21 139
178 75
121 53
87 57
104 47
158 97
21 118
132 52
35 37
43 113
103 6
184 118
111 2
35 165
64 153
136 167
113 134
29 111
146 115
92 129
147 5
51 175
120 29
139 88
108 145
158 113
121 36
24 136
103 32
26 70
174 127
126 14
179 163
126 138
2 191
156 127
52 103
42 177
16 169
72 192
106 8
168 10
67 93
147 200
58 180
56 155
95 188
65 90
162 98
108 117
64 55
182 67
39 150
116 78
21 63
12 151
93 46
101 94
108 91
172 82
159 69
47 190
96 198
45 4
169 2
64 95
6 51
97 3
151 38
179 75
173 100
20 43
18 182
86 128
102 94
43 121
6 41
135 73
115 79
41 113
125 189
93 167
20 70
65 135
142 197
83 179
92 57
79 197
99 110
172 6
162 125
15 60
7 130
22 135
135 54
100 147
134 147
36 70
191 88
36 95
71 112
200 60
81 7
161 53
99 164
152 131
67 69
11 164
62 145
173 9
123 165
96 150
38 95
32 21
187 192
43 125
69 178
54 6
75 67
128 170
133 195
33 186
54 194
139 60
71 46
114 42
100 74
11 4
82 177
143 74
181 81
56 90
132 66
130 180
161 31
127 158
124 125
35 149
154 40
196 62
162 17
49 1
98 55
148 111
34 43
31 80
48 105
49 135
27 104
48 173
115 21
25 8
119 12
40 142
158 23
183 49
18 59
38 14
11 78
185 21
150 85
102 124
179 160
88 170
82 189
164 139
59 200
154 21
122 35
44 8
197 136
169 71
1 145
70 46
172 186
132 15
7 59
24 9
198 160
120 190
65 101
3 124
175 71
73 25
184 69
49 184
8 165
110 137
92 96
150 4
179 178
138 31
119 56
193 93
121 47
13 186
199 124
169 48
65 86
81 21
33 20
104 140
13 63
34 82
117 63
138 122
147 89
35 59
196 153
43 182
6 93
114 133
99 134
128 74
191 106
172 9
112 30
187 63
48 115
73 70
164 153
84 6
191 113
9 127
5 198
65 127
186 98
141 52
162 175
44 136
101 138
158 89
60 101
30 52
121 54
86 102
133 142
173 101
129 181
200 43
198 113
120 124
200 91
196 146
79 165
133 47
79 36
111 89
63 122
94 52
188 184
61 48
196 188
183 102
60 25
106 141
149 95
74 137
31 66
80 189
15 143
148 158
161 110
189 73
3 186
182 36
105 81
136 18
21 197
197 146
158 85
40 62
144 109
119 39
114 15
118 48
84 54
160 171
163 157
86 12
124 180
26 159
37 31
130 57
154 1
141 65
172 165
56 178
95 107
135 103
151 138
147 33
162 188
13 126
88 79
157 138
102 98
40 25
28 105
172 76
74 125
158 58
67 195
127 129
20 163
132 139
51 98
19 51
199 181
28 86
111 65
119 168
104 19
40 193
49 106
41 83
68 73
6 24
54 177
159 8
200 22
31 187
23 196
132 95
37 110
124 22
142 180
120 63
62 100
44 169
56 122
185 187
134 109
160 38
195 162
180 97
95 55
177 34
138 142
154 148
179 136
13 19
91 163
54 5
156 193
176 73
106 172
13 156
83 190
199 104
24 184
90 121
171 30
165 152
117 166
102 193
145 174
104 42
58 43
144 199
144 37
108 55
80 8
32 8
21 38
37 65
44 198
99 40
166 63
109 82
71 68
67 101
10 149
9 74
194 157
164 196
97 62
6 144
118 137
54 82
77 74
17 87
44 185
120 5
5 9
29 125
140 70
162 173
23 115
91 21
75 46
82 161
15 138
187 103
87 103
20 170
66 162
150 77
32 159
134 114
196 132
136 109
90 15
48 158
22 96
141 108
101 158
110 122
102 119
89 37
23 130
46 72
30 117
108 192
161 197
146 7
34 154
89 174
45 107
54 118
63 17
112 122
161 19
10 90
23 92
78 63
20 199
126 185
67 122
56 156
21 66
114 181
6 97
47 12
12 68
116 20
65 23
156 164
36 73
58 53
49 22
130 159
114 155
59 11
16 23
160 150
22 28
138 176
71 102
109 185
15 48
154 84
174 12
24 167
67 157
83 140
4 172
54 181
98 123
91 136
91 173
72 80
200 193
145 91
108 75
7 108
151 60
121 80
199 21
119 105
44 104
73 185
106 50
98 101
55 193
71 81
115 9
59 28
29 40
170 176
39 165
69 23
195 77
30 167
130 11
195 158
57 159
101 24
2 41
122 86
136 128
157 181
149 61
127 43
37 28
102 41
18 194
83 59
54 24
74 190
161 168
72 117
33 115
151 75
118 195
24 62
99 141
112 128
92 78
104 114
198 45
60 5
120 100
16 24
82 86
113 171
109 155
7 186
142 72
47 189
173 40
155 47
60 82
123 151
8 116
88 178
184 8
174 182
31 85
149 86
69 50
131 101
101 150
105 94
53 86
160 116
40 35
41 139
60 198
8 164
114 87
160 126
74 112
72 42
7 34
115 87
38 107
31 33
71 129
46 8
51 124
58 175
139 192
71 164
129 115
161 62
99 31
162 16
148 153
100 34
37 101
64 128
173 39
131 85
56 63
90 102
90 35
119 55
8 26
124 1
23 88
89 181
117 122
15 94
194 181
5 99
170 37
105 184
147 101
75 180
24 150
198 78
38 88
113 19
138 169
126 117
100 107
40 53
169 150
105 181
37 126
17 19
176 70
110 63
165 169
69 129
1 26
84 56
15 177
87 93
184 147
183 91
11 198
22 182
192 45
157 91
167 175
120 115
195 16
63 108
120 178
7 74
79 37
35 163
154 66
35 80
26 166
45 177
83 10
8 177
179 79
99 167
27 138
118 30
51 189
76 144
164 7
194 129
185 87
135 116
150 108
30 27
78 137
61 102
159 169
119 99
61 30
20 2
52 178
74 75
72 123
131 100
89 75
183 190
186 166
59 170
105 24
185 22
56 163
138 194
57 141
138 118
130 116
38 120
123 46
73 134
36 200
177 7
148 157
43 78
124 29
88 122
169 101
97 198
159 143
66 166
24 191
11 67
192 132
42 176
158 109
33 127
113 53
4 130
118 185
105 132
186 127
132 165
30 59
55 27
139 107
130 135
88 106
72 90
85 119
27 35
115 172
187 161
139 186
200 58
57 35
138 134
40 79
146 26
71 11
113 28
145 26
139 174
176 172
160 191
150 32
188 29
169 6
160 39
8 157
162 192
170 85
146 53
189 75
104 6
99 104
182 178
142 111
127 75
140 146
185 199
144 184
189 135
163 111
144 150
169 181
123 68
171 53
88 149
175 140
14 21
101 85
188 60
116 155
200 61
39 152
85 49
171 108
141 194
117 71
114 17
101 19
2 1
69 64
86 25
103 176
125 177
34 161
114 136
136 175
49 86
108 104
135 147
117 2
173 134
86 124
200 12
130 64
69 192
27 72
184 179
83 124
25 43
68 1
139 73
30 36
75 65
149 85
163 89
46 107
29 164
14 157
155 88
47 186
21 53
114 195
26 35
8 117
8 91
133 181
161 195
184 36
55 54
41 4
40 194
152 89
17 66
87 83
112 121
128 194
165 133
45 188
75 106
71 99
169 10
107 159
167 94
15 185
72 78
50 43
147 179
46 146
173 102
151 88
35 98
198 171
128 82
28 159
137 27
166 160
122 162
43 168
191 7
164 72
87 138
169 125
143 80
3 183
121 165
25 96
158 151
101 144
62 155
188 133
156 100
156 54
14 45
79 73
62 21
129 9
188 34
112 192
131 137
124 147
52 168
77 142
48 89
173 23
7 24
112 82
43 134
135 99
110 147
86 142
89 19
73 19
99 123
130 44
132 143
32 19
171 173
157 46
143 187
191 83
35 19
142 87
130 110
13 128
95 12
29 28
163 137
189 145
46 10
16 58
66 15
72 7
45 61
95 171
46 196
22 161
114 68
1 77
67 7
81 20
141 22
82 133
86 46
104 148
85 77
191 120
27 43
130 125
80 128
104 146
154 109
38 125
159 78
192 30
88 56
102 156
169 89
2 9
86 174
67 40
199 27
10 139
181 109
24 177
2 52
119 13
87 96
79 89
111 99
95 78
9 69
24 145
39 98
162 112
103 158
7 162
145 177
129 197
53 88
184 97
184 66
122 53
164 107
48 3
99 23
119 139
148 71
140 96
43 145
45 46
66 120
141 112
78 172
175 91
21 178
140 44
127 157
192 116
5 166
12 73
39 71
102 180
21 114
95 32
95 177
159 117
181 178
91 44
155 50
88 31
64 54
101 71
121 122
109 14
163 53
91 181
192 71
3 162
82 48
97 27
166 147
126 34
96 74
137 39
35 148
47 164
77 50
164 59
94 98
29 135
135 115
194 81
121 199
68 43
165 159
56 116
198 106
31 97
62 168
172 74
13 77
135 85
80 50
104 189
149 143
99 2
39 156
71 178
82 9
46 197
62 200
5 25
116 182
147 65
134 168
19 188
26 48
109 172
134 146
153 182
68 196
150 110
48 184
47 38
18 121
127 143
100 33
55 30
98 27
82 39
89 114
48 164
108 35
14 22
131 95
143 47
178 24
62 66
134 37
63 91
60 162
9 39
18 87
186 12
49 10
127 98
129 196
179 96
173 16
84 52
97 133
99 176
35 162
18 75
116 84
14 190
187 28
127 137
66 194
64 110
101 90
174 183
4 141
70 19
100 7
116 29
144 194
119 79
169 183
194 195
10 145
105 86
186 105
194 179
125 173
135 170
80 122
41 59
173 138
15 22
23 104
150 109
172 67
171 101
145 77
23 90
98 144
160 23
110 90
9 146
48 171
162 197
153 52
3 4
149 58
104 129
188 140
193 100
134 21
164 6
37 63
120 170
152 47
120 197
179 166
131 127
42 54
135 174
57 10
116 114
74 80
168 96
164 75
96 159
103 107
122 81
130 155
85 55
9 188
153 192
3 29
178 22
65 156
164 39
75 66
30 7
28 141
81 135
121 191
83 187
84 171
180 139
117 95
4 163
16 187
196 185
188 27
189 76
200 44
12 64
126 118
165 33
176 198
52 64
194 184
115 86
195 148
145 133
179 57
106 151
66 80
134 117
14 4
142 91
63 188
62 158
55 53
133 190
98 32
72 64
198 57
17 52
194 147
193 177
182 29
181 82
50 144
8 68
175 151
181 138
184 19
78 162
104 112
31 144
45 117
200 97
77 161
91 186
101 154
19 160
17 104
27 119
116 61
177 167
57 101
198 68
2 115
77 26
83 102
102 91
21 25
42 149
137 2
18 14
142 175
165 64
191 140
53 60
153 167
149 79
24 127
80 45
195 175
195 137
63 148
78 163
162 77
180 138
177 133
8 20
96 151
170 5
74 18
63 159
10 166
85 157
43 98
156 38
79 148
164 175
94 131
2 196
52 8
123 183
132 189
142 159
30 35
61 142
3 101
177 175
44 192
107 145
192 53
136 121
164 63
129 31
11 94
9 100
102 49
14 34
74 148
60 63
48 109
101 115
168 118
33 148
123 179
129 7
5 102
87 101
90 2
25 151
62 154
133 191
167 64
22 61
18 104
168 16
71 182
16 46
200 103
157 83
66 125
74 2
39 34
124 101
184 62
163 141
94 57
168 126
200 157
166 99
197 64
156 73
88 45
142 190
99 11
12 117
33 181
111 147
79 184
3 67
85 151
135 46
91 40
101 22
80 123
31 124
92 133
181 112
98 145
90 61
57 50
154 81
35 5
21 13
108 167
35 81
66 94
26 161
97 119
47 88
50 82
184 29
41 62
141 16
175 135
145 87
128 88
24 135
173 43
136 146
43 57
34 112
42 195
76 40
172 18
162 113
104 21
95 46
89 180
151 33
199 190
174 75
188 187
142 123
114 58
48 176
65 162
139 190
44 197
35 54
13 167
82 131
170 16
87 66
23 157
183 107
132 44
147 54
85 88
134 172
35 177
73 184
119 183
156 173
62 76
194 17
47 91
150 145
1 18
14 13
61 176
188 104
124 36
86 36
188 125
142 170
16 97
78 190
163 148
92 158
126 48
127 25
137 72
142 37
29 63
83 67
17 169
131 130
122 135
58 152
197 81
185 48
161 139
179 88
17 112
158 182
116 139
187 102
131 155
7 70
7 97
173 180
97 199
140 9
194 180
197 158
169 70
110 82
132 194
102 28
105 197
57 76
13 65
151 139
168 71
107 110
48 38
114 35
165 98
154 117
123 130
67 187
119 49
1 45
147 24
197 5
55 118
23 134
149 6
94 99
14 127
188 195
14 91
21 97
85 125
122 27
68 149
116 111
121 177
174 95
51 57
184 185
55 46
158 174
159 115
72 152
158 137
200 174
90 40
81 98
136 52
36 10
59 31
11 145
43 123
98 158
96 4
113 89
57 137
12 192
17 85
187 78
99 69
198 95
195 163
164 190
65 116
64 11
199 160
10 33
179 46
18 52
106 20
90 76
131 135
42 40
128 143
40 178
94 80
51 15
166 115
33 108
55 23
89 122
34 171
104 191
180 193
26 83
183 78
87 140
198 173
26 106
54 59
34 23
189 21
95 114
46 150
188 26
93 49
187 91
33 71
87 42
4 54
75 190
2 157
92 102
40 168
134 103
125 86
199 9
10 61
41 57
49 66
139 67
39 193
37 43
176 168
38 20
99 14
4 115
98 15
191 184
4 74
59 106
125 28
136 149
54 98
11 123
185 152
183 61
60 90
3 5
13 74
88 78
97 192
125 58
15 34
34 38
131 186
14 163
152 139
144 59
156 98
190 63
188 105
112 18
33 73
126 148
169 136
110 148
115 158
117 112
120 125
194 85
109 145
165 41
35 150
100 187
97 50
109 71
71 94
116 85
48 163
30 152
24 47
69 11
131 24
97 8
130 63
151 150
78 17
123 5
66 89
153 42
139 127
172 90
144 94
166 192
188 83
118 17
158 27
37 188
9 45
181 190
122 132
96 26
3 72
157 92
184 53
75 25
50 126
89 10
1 134
15 78
170 122
100 82
61 121
182 37
3 90
98 59
101 4
118 15
85 106
69 53
92 44
161 149
81 195
5 185
40 4
77 96
99 70
112 172
184 71
139 75
191 197
192 169
87 46
146 199
84 67
84 92
166 197
9 28
102 137
160 192
133 115
22 74
111 133
167 135
169 38
55 188
33 92
47 53
199 93
185 34
152 168
58 73
47 27
46 190
141 162
120 175
99 89
6 161
127 166
120 8
147 46
122 90
109 5
4 28
165 42
56 182
190 113
172 161
9 48
149 78
105 56
45 105
189 117
114 31
97 71
157 57
182 63
131 132
100 30
39 81
61 154
72 143
179 6
85 114
31 63
81 161
187 189
140 66
70 165
128 135
172 184
189 191
87 117
47 75
96 123
178 31
127 42
109 18
66 79
146 30
130 92
60 118
149 126
137 8
51 107
11 61
97 83
150 47
9 49
75 100
40 41
79 187
151 168
8 145
149 93
200 140
156 191
98 114
73 86
168 18
114 144
13 192
143 99
160 168
6 170
91 125
1 132
76 171
134 104
31 123
109 40
99 48
62 44
66 60
30 150
154 71
175 31
188 20
175 148
78 132
171 43
188 100
58 191
75 133
77 178
43 87
68 159
114 117
92 7
83 39
60 185
111 152
46 69
198 141
59 168
159 179
135 16
18 5
199 12
134 183
23 186
30 53
166 61
3 118
127 19
125 140
21 163
71 74
26 105
57 34
182 96
143 183
21 71
59 48
28 57
145 81
112 148
153 189
198 159
151 172
3 138
64 141
23 46
112 43
103 147
69 171
73 121
20 122
80 1
180 5
76 70
62 5
171 33
70 81
166 171
142 50
74 84
129 116
65 2
136 13
86 185
33 159
79 130
92 22
85 180
173 126
150 154
158 84
186 102
7 123
159 83
115 157
142 167
100 154
45 112
170 84
9 66
190 2
45 16
109 77
26 181
4 125
77 181
96 137
68 136
78 25
186 161
46 141
88 172
126 23
154 159
154 120
154 128
44 126
169 185
122 133
4 178
117 181
45 120
186 73
183 67
133 196
13 101
72 159
132 174
52 199
171 200
38 200
93 182
88 196
114 72
91 151
151 6
45 39
181 156
15 158
167 66
145 54
76 161
199 5
113 76
170 19
155 67
64 75
158 180
73 108
23 96
40 195
76 48
108 180
146 138
68 42
47 2
72 176
154 52
71 60
65 72
140 180
100 72
158 129
15 183
126 145
76 9
160 151
50 195
37 22
37 166
68 11
200 89
62 151
45 58
189 7
116 89
113 39
179 7
10 23
125 182
81 117
151 18
1 164
186 86
145 160
148 39
91 129
17 129
55 183
6 90
159 111
32 82
58 144
74 168
197 73
170 104
9 101
58 146
162 184
1 6
11 15
160 76
196 135
13 79
67 179
28 40
62 177
147 4
38 171
72 105
192 101
151 147
6 57
180 95
176 27
122 123
108 107
133 143
171 67
31 117
104 187
68 34
44 30
160 99
126 67
142 27
143 92
6 26
3 15
23 120
71 200
173 143
184 114
9 93
49 134
14 36
30 9
187 50
24 153
65 50
40 8
187 128
186 169
107 60
106 200
53 108
145 4
152 132
41 60
190 128
174 76
60 193
4 2
126 131
114 70
109 58
65 27
107 72
72 93
13 143
112 134
65 175
122 91
9 104
199 95
83 3
161 113
91 168
140 48
11 192
10 187
185 68
156 182
37 96
127 126
63 42
184 132
156 185
161 47
58 37
193 154
8 66
174 163
179 69
96 101
132 70
158 50
37 186
153 197
173 83
24 138
100 59
92 171
111 155
43 191
166 43
115 174
123 178
113 102
73 20
152 142
46 83
35 140
172 22
43 107
154 122
1 168
93 105
64 126
86 55
172 118
62 80
6 9
161 153
89 15
129 117
189 88
185 105
184 190
42 116
100 85
114 101
35 188
105 171
152 161
97 129
118 66
29 51
166 48
36 18
143 97
46 174
78 115
154 31
93 172
19 74
47 163
27 19
178 92
136 77
129 199
44 153
10 186
57 19
109 87
176 66
93 197
140 6
125 59
153 111
184 116
89 51
150 59
168 44
184 182
100 161
44 24
12 3
110 159
95 17
89 151
32 146
61 9
87 86
112 94
6 60
82 16
70 24
133 189
101 86
158 184
87 131
136 31
177 123
7 115
138 41
179 22
88 60
28 138
123 107
7 90
36 149
21 48
7 151
149 90
58 6
188 86
82 43
187 54
161 105
97 98
31 103
155 9
190 163
94 122
52 162
181 159
89 171
133 107
174 1
55 63
107 186
144 156
197 118
16 111
8 79
82 188
78 91
142 187
101 136
92 165
35 36
13 175
163 170
135 133
3 78
165 140
180 111
47 156
116 126
47 65
187 136
51 92
135 31
39 89
50 115
5 24
184 32
25 66
91 84
3 66
27 150
141 123
140 120
145 151
41 7
168 85
74 64
1 140
59 190
48 5
36 46
166 35
136 142
62 185
25 93
194 155
47 168
162 165
183 71
2 118
30 89
60 85
87 116
154 38
183 153
87 16
85 89
130 128
135 183
38 15
120 9
67 17
29 109
48 108
167 86
111 196
59 162
103 117
65 100
57 1
47 86
89 153
130 176
194 51
138 63
159 190
164 166
180 144
62 77
164 73
19 79
114 188
192 8
123 8
6 113
74 197
139 113
179 172
9 90
35 14
175 70
83 129
49 137
121 30
158 124
19 94
27 83
9 72
157 17
43 129
97 78
29 199
194 158
186 29
189 84
10 73
67 87
141 151
38 147
138 6
161 56
14 180
187 17
95 57
3 154
90 95
31 141
194 186
29 23
117 176
163 152
111 33
132 108
186 97
10 170
4 129
119 25
186 189
83 121
144 122
72 129
120 46
188 38
178 173
198 42
161 96
129 56
163 105
119 10
20 66
178 114
100 25
95 102
30 123
52 101
32 136
6 175
91 99
105 66
58 110
12 10
156 197
146 74
67 151
161 59
99 161
139 175
145 45
82 197
145 88
138 32
101 104
67 146
69 101
172 149
55 178
128 41
69 175
112 28
197 80
167 183
198 76
77 76
50 170
34 132
142 113
174 151
148 103
130 136
179 32
47 131
91 50
56 110
139 183
57 152
42 181
164 108
16 55
96 79
167 28
50 54
164 163
184 198
5 186
152 8
93 56
196 199
55 168
108 174
45 114
100 97
131 27
138 29
92 58
184 139
74 42
102 9
119 166
126 110
163 9
92 189
16 33
70 166
99 13
140 108
34 56
81 29
38 138
119 17
114 121
6 131
179 142
51 179
68 192
183 180
27 46
81 180
63 52
82 26
91 144
185 193
82 53
168 97
91 31
70 16
9 189
154 80
26 120
7 8
6 127
19 61
100 157
117 131
197 164
198 112
91 128
127 28
138 140
174 96
32 81
45 137
4 191
21 158
141 60
165 185
23 94
42 144
129 74
35 127
89 124
122 30
61 29
179 84
15 119
97 86
175 96
38 103
179 109
32 79
57 114
154 151
96 45
83 178
165 48
178 102
48 178
36 22
134 180
166 59
20 16
181 146
175 87
55 9
195 76
13 95
39 88
114 3
189 108
56 91
24 14
153 135
30 139
48 120
173 73
55 172
152 59
34 153
102 75
129 192
105 165
188 141
5 47
111 47
168 35
129 151
87 110
69 84
65 74
136 153
91 104
30 93
134 92
117 82
34 30
168 171
76 67
141 24
160 154
126 151
38 141
16 113
188 138
51 52
32 48
24 115
14 53
196 103
195 95
84 21
98 138
181 23
52 92
83 93
11 76
195 65
142 67
111 105
146 98
29 94
139 196
122 191
174 190
94 5
37 4
129 131
15 151
175 56
89 95
78 77
30 174
136 143
66 150
169 177
83 20
29 68
119 191
163 118
75 31
63 96
131 5
192 128
17 60
89 84
94 62
115 178
162 124
22 186
111 93
185 134
89 142
125 146
145 66
15 192
145 159
67 35
24 68
13 133
123 57
22 19
149 53
88 132
18 147
150 199
80 6
39 177
161 128
192 177
41 116
136 88
117 155
73 99
81 183
90 89
8 21
63 47
103 62
148 128
54 43
29 64
49 170
51 136
171 68
69 172
180 2
46 176
194 177
38 72
121 49
68 38
93 84
77 165
161 107
135 101
176 131
113 174
45 163
13 15
57 42
36 135
95 86
70 167
72 61
56 148
112 124
45 186
91 134
67 125
142 101
105 61
17 170
185 164
51 125
12 136
81 150
98 200
114 110
119 18
22 45
167 104
6 102
89 49
55 7
117 195
138 189
172 72
169 167
191 14
26 191
68 152
16 154
172 54
40 60
11 111
61 6
162 46
199 198
61 172
31 16
69 68
15 186
80 101
39 138
42 147
102 64
165 131
194 187
190 129
3 102
135 34
146 147
167 165
143 144
6 71
136 14
59 76
124 23
88 135
138 100
179 156
68 30
25 37
115 20
196 29
183 63
8 2
73 3
3 200
81 2
134 133
5 13
50 135
109 118
199 178
72 96
17 89
58 178
182 105
3 79
104 119
143 26
87 106
76 80
156 52
3 50
165 80
87 68
180 36
80 47
164 60
56 153
129 32
25 185
59 131
103 112
128 93
78 193
174 101
75 26
50 17
187 106
91 66
57 121
120 142
137 79
109 157
140 27
37 192
39 181
175 8
109 73
78 122
63 142
49 151
72 135
84 138
157 86
80 15
12 196
25 198
193 54
185 140
117 9
196 50
84 39
2 144
110 22
82 11
197 40
149 20
131 140
138 90
198 64
20 196
60 166
96 167
77 16
47 17
74 61
140 11
131 36
69 196
139 32
150 22
2 166
8 63
7 77
64 172
125 81
158 52
123 200
152 91
101 121
95 108
37 155
166 62
146 83
128 49
120 121
141 13
93 132
75 200
113 49
78 83
180 98
70 82
180 175
22 199
195 160
94 3
70 40
165 189
85 28
70 22
150 21
76 5
108 99
186 78
138 96
140 114
18 107
15 50
98 147
178 108
2 149
162 95
68 48
46 132
122 37
21 65
81 128
96 173
7 135
169 190
132 118
185 58
122 23
157 59
170 134
39 40
77 2
117 198
61 188
194 196
41 99
132 90
102 197
28 49
189 193
65 124
23 199
139 118
71 49
71 140
32 50
36 101
61 53
4 104
26 123
62 57
159 104
93 189
169 126
138 47
8 10
19 62
50 89
60 39
50 146
196 45
188 132
38 12
200 30
76 127
17 175
73 50
24 50
11 167
115 95
53 71
150 44
179 76
176 10
148 12
44 187
152 129
128 121
96 81
4 90
113 160
62 47
77 148
134 33
50 36
133 68
95 148
149 174
71 105
180 191
146 151
72 23
158 159
116 11
127 138
60 117
162 14
144 73
102 170
66 67
88 103
166 15
146 41
182 47
108 38
44 58
133 147
198 14
16 91
123 136
184 67
83 164
123 112
83 54
118 19
142 81
50 20
34 89
165 179
195 53
16 129
179 98
97 69
166 110
30 127
151 92
166 120
81 25
121 79
151 177
60 157
42 45
44 95
180 170
118 77
119 8
185 42
17 49
29 106
110 2
165 195
125 60
51 185
66 95
1 52
5 115
189 200
49 162
93 22
27 85
137 192
38 54
114 79
65 188
168 158
54 115
35 194
46 143
148 137
100 84
44 86
18 20
87 135
147 145
73 48
172 194
121 135
178 81
197 15
37 171
193 182
157 48
48 181
30 6
155 72
81 85
163 149
95 60
54 200
104 185
150 142
1 81
176 194
94 47
140 2
99 109
174 27
145 14
183 126
134 158
39 122
109 72
189 66
109 46
128 29
150 67
124 5
104 177
189 146
120 106
176 175
35 8
126 165
83 95
81 18
134 129
6 125
59 146
86 163
96 42
156 171
139 2
36 85
125 184
59 1
130 86
75 125
79 134
97 123
198 150
161 15
95 5
106 62
152 90
20 174
131 146
76 197
199 68
183 122
39 47
200 68
34 35
91 33
64 14
128 102
80 99
190 167
85 83
93 17
16 25
194 185
58 99
193 62
156 138
191 166
71 38
149 151
171 29
49 54
68 176
22 41
78 76
32 30
107 75
186 144
109 119
110 76
49 117
157 27
164 19
55 116
81 147
49 41
124 157
54 96
114 156
104 195
179 193
62 189
198 3
180 12
164 192
169 194
32 132
39 62
18 39
8 95
20 24
171 14
44 82
84 149
117 92
35 77
184 126
23 64
61 124
140 80
122 131
133 126
169 57
170 186
76 181
146 18
107 132
42 27
150 126
5 4
140 14
194 126
8 53
40 5
124 148
62 28
146 116
75 145
125 24
56 134
170 113
124 137
133 124
38 110
130 163
103 64
131 51
139 176
102 38
35 84
29 26
15 59
81 199
86 160
54 40
69 37
77 6
142 145
70 86
67 88
185 136
30 107
59 117
192 134
76 108
56 53
158 143
124 66
172 51
182 62
200 28
5 96
170 198
146 161
53 32
129 15
47 97
163 143
115 141
58 32
52 15
16 12
146 10
151 189
198 1
69 96
188 139
83 156
62 102
58 49
137 183
135 157
22 10
73 123
137 168
100 29
56 107
55 180
34 99
22 152
76 64
195 94
67 192
24 4
23 78
176 28
81 50
29 123
90 8
88 34
17 138
65 3
114 143
80 57
50 76
19 119
5 33
167 80
57 164
124 185
102 45
101 141
13 176
31 12
89 105
134 63
21 194
18 33
13 178
14 58
171 13
41 149
14 104
31 106
119 200
61 185
4 18
17 176
191 19
43 16
83 74
30 31
38 50
104 75
66 106
185 81
109 98
56 196
148 117
32 192
74 103
96 16
113 131
185 96
29 194
19 195
191 44
122 98
9 185
5 181
20 118
182 4
154 111
158 3
6 153
40 121
120 85
22 191
72 173
126 43
153 122
28 175
164 52
54 88
149 145
2 194
101 95
46 186
192 51
31 176
54 165
91 178
41 111
31 9
93 147
171 151
148 7
108 60
175 74
127 46
97 145
126 88
184 196
64 132
137 99
43 187
174 196
110 83
191 124
110 13
111 46
34 109
60 13
57 102
14 173
188 56
96 125
34 150
132 36
21 95
45 142
56 162
27 159
136 134
178 99
70 87
144 10
85 82
117 83
13 165
127 44
141 149
108 182
196 183
154 22
193 82
163 139
4 62
123 102
158 107
77 11
20 14
36 173
131 153
118 136
13 200
47 82
106 194
58 181
34 158
48 145
146 86
22 87
100 141
107 84
147 31
105 193
142 30
38 123
143 162
151 127
8 108
157 87
179 154
43 165
185 83
18 137
27 146
98 182
57 160
79 189
172 25
146 190
41 122
63 158
146 184
122 196
17 111
161 95
135 119
170 27
19 108
199 47
52 105
195 30
170 155
99 65
79 35
137 50
110 144
75 38
134 101
74 145
96 67
185 35
71 45
104 157
82 101
10 136
149 189
44 183
139 110
76 152
73 104
78 65
183 48
118 133
83 141
64 192
36 168
190 60
148 196
141 36
62 133
29 130
162 136
55 84
184 87
96 171
191 147
53 5
7 113
200 122
99 78
24 1
191 64
110 29
7 42
70 153
12 76
116 183
70 34
185 1
166 169
59 107
60 183
69 7
185 84
57 91
11 146
89 82
191 34
128 72
197 68
25 120
186 75
59 39
16 72
130 52
35 10
125 170
191 42
155 71
73 124
59 58
58 72
181 196
44 178
179 1
112 113
47 15
121 141
38 98
44 101
148 150
75 44
65 83
67 77
189 123
11 3
149 76
24 164
96 139
21 186
194 143
182 91
192 76
199 180
101 108
152 101
74 37
188 73
122 152
144 149
102 26
2 181
117 16
41 52
175 86
178 60
145 131
182 112
135 10
152 141
107 175
24 36
138 92
62 69
80 187
157 153
187 184
48 2
72 54
195 25
174 133
152 128
86 33
194 122
20 27
118 82
32 29
157 28
40 130
124 150
75 83
13 94
45 47
84 51
148 50
89 2
126 35
104 72
67 74
41 51
118 86
185 163
173 57
124 19
91 36
177 110
87 151
34 151
9 128
32 7
193 141
125 20
76 55
172 162
159 22
157 120
16 146
182 85
143 116
158 164
67 8
161 134
88 97
4 167
53 38
21 162
17 148
17 86
197 179
128 77
169 180
9 46
24 180
164 76
89 29
167 82
16 63
18 114
23 177
153 195
108 42
12 184
161 144
80 46
58 89
22 98
54 125
170 165
194 50
148 20
56 164
176 164
151 23
46 81
92 142
34 174
192 122
115 102
42 125
15 105
87 23
53 136
174 82
101 31
107 13
165 97
20 52
200 135
31 159
77 89
37 72
73 158
93 1
91 191
38 146
20 185
103 55
124 110
72 40
6 37
186 119
101 73
93 122
161 21
87 153
123 186
142 194
49 153
164 183
74 122
107 82
148 115
43 42
72 43
31 58
135 4
58 142
130 99
7 40
159 16
50 52
76 89
129 169
200 96
152 63
104 93
180 92
109 149
154 48
179 113
33 152
125 106
86 88
46 178
144 147
164 137
134 75
173 166
70 110
129 106
4 76
160 7
174 81
119 63
54 58
197 90
47 108
134 14
40 198
192 43
60 127
125 172
53 80
147 88
87 170
186 115
26 7
70 60
126 56
177 84
72 62
129 96
142 164
43 41
14 139
174 152
35 142
137 101
160 156
160 134
68 142
136 111
166 19
188 52
29 2
20 23
119 69
92 186
161 117
59 4
149 4
159 92
40 75
17 56
38 69
52 72
129 107
143 138
151 13
166 4
153 97
151 163
71 3
78 167
126 22
107 12
64 32
127 179
116 113
195 183
34 85
16 102
73 140
177 126
184 9
104 196
8 43
32 63
34 46
28 89
147 193
34 83
85 40
70 168
22 55
131 57
167 111
51 162
172 7
51 36
33 95
148 32
51 88
16 139
36 108
190 85
21 182
109 162
195 82
84 198
119 92
185 69
44 119
69 114
102 135
79 195
47 98
16 137
90 117
69 20
141 20
191 105
47 57
135 113
133 91
49 161
70 152
37 154
121 158
109 137
124 84
88 68
32 90
105 5
120 165
176 95
122 150
163 64
191 92
46 154
159 125
65 17
16 167
68 189
195 126
18 141
166 16
74 43
162 176
149 38
178 32
32 176
84 139
35 120
125 176
75 56
127 81
33 198
188 197
98 194
16 107
92 172
6 150
35 102
153 78
17 83
96 71
28 184
43 142
193 59
74 21
199 174
88 46
39 134
126 74
187 166
104 96
142 76
162 111
75 4
173 111
123 14
26 33
36 2
60 87
139 143
140 178
137 117
61 139
77 60
32 25
145 200
193 20
95 61
91 154
45 10
127 72
83 60
9 77
139 97
121 174
123 49
119 40
174 120
47 141
69 127
52 87
112 186
18 79
18 11
116 47
107 74
140 110
95 158
180 151
171 176
140 49
200 108
122 113
193 32
124 166
93 23
98 151
41 191
3 108
104 56
37 52
32 24
150 128
93 131
4 87
8 103
186 11
154 144
197 147
16 156
103 46
34 198
154 95
183 17
94 46
18 139
13 194
153 152
78 112
174 18
68 177
184 131
114 71
14 41
198 158
6 40
99 139
180 61
140 40
194 56
189 185
57 79
158 10
157 139
63 145
133 66
72 110
58 148
78 124
193 29
39 118
17 142
121 10
17 166
2 198
175 26
175 122
78 8
41 182
161 170
50 105
90 42
25 147
46 100
137 48
98 170
199 122
127 118
79 51
105 174
24 90
136 57
178 76
144 119
16 116
39 183
188 121
198 102
3 193
79 164
35 153
53 87
170 39
151 166
65 125
27 101
45 40
153 109
155 22
173 13
113 70
129 143
71 4
74 136
178 89
126 105
81 69
77 143
40 2
154 77
63 185
188 110
76 139
32 115
104 153
160 81
45 55
104 30
88 160
77 46
132 8
95 77
141 168
104 66
138 168
2 83
104 33
90 166
12 62
20 177
183 172
112 98
142 28
157 164
194 46
153 19
194 77
154 103
82 21
1 90
102 33
52 196
170 100
66 151
32 109
178 96
145 190
100 38
133 175
184 102
149 112
38 76
66 33
68 134
164 53
176 134
116 74
167 73
51 23
7 147
5 50
98 90
40 27
200 178
103 181
3 37
52 102
38 17
93 19
147 12
14 98
146 117
184 16
156 34
66 68
46 101
145 138
62 101
197 99
122 159
94 120
35 160
10 151
142 108
196 128
59 69
28 192
106 100
103 2
94 146
183 6
119 81
144 23
151 30
127 51
137 87
14 9
81 5
90 25
176 129
119 147
188 143
193 99
18 65
162 189
38 140
190 125
160 13
48 122
123 79
119 100
163 112
145 129
57 49
79 14
85 91
179 48
105 19
200 7
92 11
93 138
131 28
46 165
13 129
21 147
26 110
112 93
17 74
48 170
10 20
167 40
132 151
148 143
185 114
142 100
2 21
46 57
109 142
175 124
11 33
82 98
192 89
195 48
89 103
87 178
146 90
121 28
32 191
82 105
84 98
79 20
161 174
94 38
174 23
173 69
14 132
178 128
176 60
128 31
52 43
184 3
70 187
107 181
53 97
26 139
16 152
106 118
156 33
47 115
97 191
115 184
148 166
190 27
12 5
181 34
4 161
123 66
71 100
54 31
2 119
7 13
113 42
134 98
73 130
198 73
148 84
128 60
130 105
185 52
80 148
49 82
90 119
192 79
195 39
93 176
74 130
4 31
76 32
175 24
111 19
127 169
133 76
47 181
84 12
72 190
181 6
171 145
19 121
34 104
186 74
23 50
149 66
59 178
99 186
36 83
189 147
92 10
1 34
61 150
136 104
23 143
196 118
160 133
1 96
99 16
173 192
2 64
134 10
174 178
3 98
116 94
92 184
41 197
66 179
162 20
86 99
149 147
43 135
194 1
62 137
11 83
122 160
77 32
26 30
39 28
143 104
11 138
160 102
20 42
171 147
82 30
69 117
151 86
185 67
173 47
186 200
144 12
58 173
57 110
139 24
35 68
195 168
18 178
37 97
75 28
111 3
59 104
139 133
14 107
178 112
23 89
59 182
130 133
174 98
196 47
93 192
179 103
99 149
191 135
44 98
29 163
48 188
3 27
55 191
61 79
199 73
190 57
72 15
166 1
5 183
31 42
54 182
177 181
88 98
14 15
92 174
50 99
163 101
148 185
115 13
8 186
169 97
10 150
28 63
65 115
159 36
132 198
197 4
12 8
108 90
45 113
196 60
7 134
86 198
158 8
144 129
90 192
110 199
83 63
82 175
136 106
43 109
23 67
74 35
163 113
34 200
10 75
120 55
69 181
88 94
158 61
44 135
73 95
135 146
10 68
134 16
42 38
15 121
121 13
146 57
171 7
141 67
8 77
186 72
69 168
83 160
191 188
11 114
168 79
117 54
26 85
161 93
51 174
138 132
2 127
102 179
90 13
2 54
175 199
168 162
185 186
111 79
85 140
7 178
114 112
136 168
73 42
89 98
90 156
183 89
154 55
50 6
79 25
76 63
71 30
107 55
23 180
81 118
123 35
125 181
63 80
92 120
95 68
189 40
80 198
109 59
12 69
32 75
78 165
14 160
50 177
183 189
114 189
11 9
94 37
99 76
57 59
147 41
193 187
84 118
117 44
122 21
170 63
120 2
29 98
37 60
185 38
61 182
122 87
80 137
28 41
30 23
24 121
106 33
155 93
126 111
163 150
140 186
63 194
22 48
117 124
70 194
27 164
70 159
79 54
121 139
39 20
133 40
141 85
66 53
149 59
16 37
88 159
48 27
115 16
13 123
108 51
184 50
112 168
57 175
177 106
198 156
40 17
159 186
103 59
127 199
99 43
43 172
88 177
145 52
92 107
68 97
193 158
65 52
118 38
77 174
13 118
111 52
113 88
84 81
25 69
155 159
179 121
3 190
151 39
69 4
74 89
143 170
194 69
72 169
3 36
33 99
159 149
119 153
194 167
163 13
183 76
182 102
128 63
167 43
189 99
43 179
157 184
117 138
139 200
66 182
126 146
147 177
125 139
86 80
158 29
37 199
185 123
48 103
81 12
157 81
45 131
46 164
90 178
18 97
194 25
133 90
21 165
6 178
166 36
139 64
173 108
171 120
105 156
150 38
79 103
181 106
90 143
125 167
91 37
85 167
185 95
68 14
102 181
146 173
86 64
154 176
177 49
88 116
25 129
26 152
158 120
92 94
132 39
140 161
40 127
151 136
83 131
92 185
119 138
192 143
62 132
124 99
17 185
156 64
81 22
99 158
122 50
147 115
138 46
37 152
119 172
76 28
11 178
78 184
108 80
100 184
65 138
190 71
53 19
128 21
59 77
169 18
166 94
81 82
130 179
120 44
107 48
170 86
157 150
119 175
45 126
104 145
189 2
52 114
97 110
84 157
182 139
197 192
184 86
97 116
145 67
34 44
111 25
10 31
15 67
61 194
32 131
168 125
89 94
127 160
193 118
177 157
111 4
54 136
144 169
118 161
135 67
52 81
58 187
50 78
53 13
154 180
173 122
55 79
147 173
90 190
22 3
3 16
84 94
188 49
170 57
106 27
61 91
85 7
169 62
187 196
186 14
12 155
22 84
4 98
153 172
190 26
68 154
155 192
162 115
198 153
75 16
132 28
97 9
18 10
114 160
50 113
195 200
188 144
143 30
194 96
153 158
96 95
128 37
56 74
133 121
63 104
12 188
50 67
10 115
145 38
157 117
4 88
51 110
140 4
49 105
6 159
76 95
83 103
101 45
163 83
196 147
193 1
16 178
1 110
1 184
170 99
5 8
14 74
99 127
31 48
119 41
110 89
143 88
92 27
131 54
158 145
60 4
142 186
189 71
56 192
143 86
82 6
99 100
137 53
160 147
101 58
72 111
74 39
36 111
86 18
17 186
131 99
145 39
138 68
156 23
109 146
114 131
78 178
151 122
159 103
59 110
189 164
143 109
18 155
97 36
144 148
155 182
119 137
180 94
93 158
43 148
172 148
55 112
58 7
113 105
92 9
161 169
166 30
53 77
31 92
170 129
126 41
142 135
200 142
193 77
138 16
142 90
46 20
177 114
55 170
75 118
194 112
1 199
95 126
28 110
152 170
131 185
93 129
105 125
68 126
161 63
196 49
153 15
141 114
146 75
165 24
26 111
85 65
199 55
125 165
108 121
150 194
34 159
38 99
38 170
158 114
91 97
107 173
46 136
106 41
18 46
22 119
88 42
142 196
141 74
50 159
128 99
6 108
131 16
72 73
191 152
143 165
56 200
180 135
128 131
17 124
122 16
137 17
87 118
3 76
154 43
1 85
24 53
118 198
101 140
90 179
172 171
70 48
189 29
102 67
147 116
60 18
186 116
30 51
121 56
155 15
190 172
184 84
173 197
85 179
22 168
188 58
119 62
26 94
71 176
1 89
179 169
151 157
83 66
10 97
25 28
17 108
135 179
122 120
195 34
58 106
50 136
171 188
1 162
187 2
185 11
12 42
53 183
193 73
86 77
146 171
155 17
111 34
109 95
53 85
112 126
81 49
101 59
147 10
9 112
57 96
54 67
149 195
58 76
160 89
170 92
131 18
57 177
65 192
150 149
123 196
131 171
72 125
13 188
79 10
92 54
141 128
112 66
49 27
108 77
9 107
1 129
7 51
166 126
69 128
147 131
51 187
183 64
180 11
25 138
11 149
28 1
142 31
111 49
180 37
43 104
187 117
190 160
63 131
70 145
103 21
166 12
100 134
71 132
133 170
6 66
163 115
29 86
64 190
20 72
100 90
98 193
148 54
33 88
108 39
31 137
119 34
186 62
199 87
142 10
171 12
67 31
192 145
121 107
139 145
199 165
24 183
11 89
187 68
82 27
147 28
27 70
41 104
38 144
19 20
23 105
104 62
2 60
82 119
72 149
29 195
157 24
39 169
153 28
180 28
194 121
174 72
16 200
69 29
171 16
128 42
114 103
19 126
186 31
149 64
94 181
108 157
85 169
151 11
160 73
52 121
97 101
152 171
163 187
41 39
156 124
29 126
30 74
60 52
139 43
163 171
86 24
72 39
184 70
102 73
170 189
171 18
11 20
88 20
199 103
156 97
121 175
12 154
166 198
122 129
17 7
15 109
145 125
148 16
160 63
140 126
6 28
61 60
113 68
174 74
198 174
33 153
188 119
86 137
130 185
175 2
96 15
24 80
82 147
179 13
48 199
167 117
183 79
178 30
113 44
20 53
10 81
52 134
118 151
137 85
42 60
136 103
54 32
30 163
108 56
192 18
41 170
143 184
62 10
142 51
44 83
144 65
56 145
200 198
76 163
105 36
48 102
174 90
16 52
169 141
123 106
191 149
152 24
146 14
82 96
108 18
91 155
57 78
84 145
57 63
100 105
54 46
161 42
124 182
36 90
123 83
55 52
51 38
170 24
42 115
95 143
17 154
189 23
172 91
98 121
17 158
19 150
199 54
61 141
112 10
125 34
144 141
38 35
109 147
176 67
106 186
39 93
56 19
162 183
112 158
97 159
23 191
195 116
6 196
32 74
138 95
172 131
111 66
113 184
169 110
92 89
6 21
106 188
14 101
44 29
64 85
148 9
176 105
125 1
150 113
193 66
12 137
82 45
169 160
177 176
42 175
142 105
4 198
30 12
78 80
80 56
58 52
52 144
128 111
1 171
131 141
130 191
147 58
83 114
90 74
132 91
87 139
129 59
70 35
93 18
182 163
6 189
162 18
29 136
105 196
182 74
170 45
65 36
145 156
61 189
163 8
6 111
101 177
104 138
94 188
93 187
102 21
66 10
10 98
169 42
86 199
11 158
170 111
170 144
131 21
109 63
104 5
113 173
179 200
193 17
109 139
168 64
90 92
149 81
161 178
84 61
136 131
14 88
17 167
131 52
94 198
188 47
96 78
58 161
2 154
143 190
9 50
175 39
198 39
65 66
33 110
197 196
96 112
107 80
167 186
165 81
198 15
55 173
74 41
10 175
198 65
25 110
187 65
78 41
184 175
187 159
136 196
175 95
111 198
68 70
77 34
15 33
56 149
29 35
28 195
67 37
84 187
108 166
99 59
164 15
68 172
175 169
51 168
2 152
118 170
198 32
85 5
72 1
92 199
101 175
107 166
102 117
132 170
31 112
53 141
50 46
121 16
57 196
163 129
149 39
71 151
159 1
65 179
173 29
184 34
58 88
66 51
120 102
49 192
132 19
196 116
7 63
142 158
173 136
147 129
57 172
23 33
127 116
51 62
134 107
152 60
91 7
26 16
31 110
18 175
182 48
73 172
109 2
121 178
141 93
82 171
133 194
143 81
161 196
68 99
191 79
17 80
96 147
59 113
149 182
120 151
177 112
174 165
113 84
43 62
112 97
77 114
77 197
172 169
84 168
127 155
65 62
8 86
195 119
49 45
48 63
140 115
193 194
22 138
13 34
84 119
111 84
40 95
57 118
33 146
192 80
12 50
176 147
14 2
1 178
117 185
52 172
38 165
199 74
183 30
167 29
158 26
41 50
154 51
166 165
131 20
134 61
7 16
12 120
159 168
37 104
1 13
122 178
196 95
60 94
56 54
105 64
69 152
138 162
57 48
101 35
110 168
49 127
130 87
91 188
169 59
23 121
151 130
54 86
87 69
183 4
11 177
157 30
179 122
33 82
122 190
128 46
83 128
103 124
92 125
101 185
75 177
82 71
45 109
106 139
104 11
186 81
150 94
199 145
140 36
157 154
46 99
52 123
196 72
129 157
39 107
129 26
179 175
75 48
41 199
58 11
178 72
14 43
194 182
105 143
105 198
92 12
20 31
7 150
157 76
175 105
22 20
153 94
59 199
141 54
132 148
107 117
166 46
58 104
108 194
127 133
169 200
189 35
167 84
4 186
178 25
98 159
162 50
68 150
17 92
124 6
59 62
108 41
154 183
109 49
13 199
37 136
95 99
121 5
71 111
58 176
36 104
61 15
34 133
99 17
192 1
97 42
27 153
185 149
165 171
80 109
88 168
106 124
55 195
89 185
66 63
107 33
4 79
183 19
40 18
89 73
182 68
59 56
189 95
15 86
135 199
123 92
72 75
91 174
30 124
73 23
68 22
150 140
42 200
85 98
30 159
87 56
2 51
192 130
144 44
12 35
144 167
19 163
79 110
101 84
30 18
87 14
186 89
7 65
85 138
75 130
159 86
100 172
22 134
191 167
25 15
64 99
51 138
40 44
62 35
148 199
50 56
121 111
193 47
30 180
86 79
177 86
178 45
91 148
41 129
102 88
152 31
63 62
140 19
42 197
78 81
47 58
160 142
12 59
172 85
135 107
135 40
138 35
76 23
195 32
148 87
133 74
84 166
28 38
51 27
11 183
186 83
56 18
116 75
142 65
12 53
15 91
126 181
87 127
20 139
165 128
157 22
137 115
14 28
189 196
188 54
88 162
42 159
56 176
116 68
175 76
115 25
113 94
110 108
117 106
116 51
109 53
17 121
174 87
148 67
174 58
41 198
6 16
195 191
158 177
169 22
130 194
107 64
58 167
27 5
38 127
141 170
123 34
136 25
72 57
141 68
114 106
47 21
143 176
159 19
113 36
150 72
92 160
189 18
154 140
38 163
199 172
130 149
112 16
24 33
25 17
141 9
130 178
116 144
72 68
70 136
67 55
54 36
57 12
39 51
133 49
11 44
161 136
194 104
156 163
20 124
133 61
184 121
134 48
193 43
72 153
13 2
31 113
165 26
137 166
130 77
32 134
195 49
78 156
120 131
93 81
33 116
93 28
29 141
4 174
137 55
49 7
156 14
90 70
94 170
120 152
182 101
114 108
160 45
41 29
129 132
84 17
185 59
87 113
61 65
66 117
82 94
115 112
138 23
57 106
168 120
7 78
167 89
123 48
173 19
154 58
32 56
153 55
33 17
40 187
162 166
3 152
35 87
154 177
25 35
158 12
99 154
72 136
133 35
69 137
106 64
137 151
22 162
114 2
101 5
168 5
200 137
47 180
22 50
70 143
90 31
52 109
185 175
152 173
131 106
55 125
178 41
198 83
90 68
13 39
82 114
76 148
37 198
149 114
153 7
53 3
121 195
187 11
197 8
44 77
151 44
187 14
165 32
163 25
177 27
17 58
34 24
169 162
192 60
51 86
188 199
125 195
4 113
72 47
48 153
114 173
132 157
84 5
185 85
50 95
94 43
1 117
38 162
167 8
124 177
125 16
35 89
21 52
197 113
157 34
18 193
157 174
148 13
7 137
46 67
8 193
78 161
147 2
170 179
168 142
170 196
94 129
148 89
116 162
178 103
78 89
200 29
123 67
10 65
145 65
80 166
37 187
58 138
149 179
89 54
85 118
13 144
180 51
140 136
3 54
185 8
38 194
198 71
171 59
47 66
140 60
190 51
108 187
158 130
178 168
73 183
85 25
127 52
40 163
123 121
9 186
93 34
183 40
73 110
156 103
108 1
95 104
121 167
102 122
41 192
130 42
156 132
153 187
160 137
171 91
3 141
59 20
164 155
138 108
67 70
63 18
59 160
167 18
187 82
29 139
98 141
65 191
182 161
124 8
147 92
180 182
36 196
192 9
144 89
62 48
49 165
66 24
59 116
76 72
41 196
164 12
131 164
109 19
29 36
146 31
181 60
105 135
37 99
196 55
133 89
186 155
11 110
101 63
156 158
74 184
54 176
148 180
95 23
191 136
143 100
37 113
18 170
116 174
181 28
37 123
120 34
91 106
34 182
98 130
14 96
149 51
38 128
43 24
15 139
171 4
104 29
132 180
136 159
195 122
67 169
160 93
21 4
30 19
49 83
40 32
137 146
78 38
200 25
187 198
8 194
42 84
126 85
88 26
190 65
14 151
49 29
4 35
55 59
92 153
62 29
16 11
165 177
28 197
61 148
139 108
24 79
33 188
23 140
96 196
112 164
194 4
96 100
123 51
16 161
12 167
177 179
188 126
144 159
108 94
14 1
11 197
197 60
163 132
2 136
94 123
2 28
193 6
114 157
37 149
110 46
190 140
13 150
169 132
66 43
113 30
34 192
127 26
163 44
114 109
37 23
134 195
183 28
31 45
46 15
191 183
154 75
181 7
18 71
186 56
47 18
112 54
128 26
199 130
186 18
44 53
199 184
167 91
78 199
23 26
4 181
131 105
135 92
107 141
134 15
35 187
81 155
6 55
76 16
115 124
159 147
155 1
43 146
5 193
155 102
29 165
176 6
175 45
88 52
65 46
187 154
69 78
152 79
166 51
110 4
23 102
17 24
7 88
65 136
88 110
175 131
131 109
175 186
3 91
55 12
172 155
173 59
53 160
131 190
71 87
84 44
101 118
113 118
45 115
47 28
104 175
7 142
48 117
24 12
6 191
22 72
166 55
95 45
139 66
176 178
147 48
90 55
138 187
83 45
164 186
41 114
166 9
9 162
70 163
73 93
68 40
174 39
7 185
28 137
24 60
50 94
125 123
33 14
2 88
73 83
37 141
80 75
113 130
29 192
127 89
58 190
183 151
141 2
1 7
153 147
38 139
75 166
102 144
5 177
132 111
72 74
9 78
169 154
142 14
156 134
81 38
14 194
9 59
107 1
129 82
8 6
7 61
97 15
51 143
76 35
103 90
12 139
149 29
82 134
2 94
42 158
55 111
12 145
17 136
1 16
101 54
119 176
140 132
39 23
170 126
170 107
100 26
200 192
89 97
58 151
199 128
68 108
109 195
84 194
77 102
158 172
47 153
137 100
153 2
181 35
111 76
43 9
99 62
105 170
161 122
134 115
94 54
158 24
187 140
119 4
17 55
194 134
44 177
99 101
110 173
76 106
197 124
175 168
58 57
4 143
144 75
16 143
180 99
118 8
41 144
10 198
17 146
128 177
29 34
120 30
80 7
48 150
81 175
35 52
162 156
2 3
143 182
154 82
134 6
182 75
11 175
84 130
90 139
63 195
88 131
8 41
98 69
93 175
54 85
58 42
73 52
136 49
168 194
133 161
132 110
58 9
88 185
78 73
37 27
70 141
25 177
80 51
70 85
26 14
156 58
64 24
138 124
20 87
183 187
86 16
186 148
45 59
196 35
59 85
153 25
1 197
117 143
34 81
83 116
194 19
182 110
40 116
121 189
64 129
124 37
189 103
15 20
80 132
24 129
74 86
131 112
54 29
17 70
67 73
97 179
60 153
182 120
187 112
62 95
31 104
100 76
30 155
180 49
151 200
22 120
198 85
23 187
97 99
36 122
180 188
30 164
47 30
4 61
119 158
114 171
117 150
180 109
60 121
22 13
132 124
130 171
117 85
58 119
27 184
167 34
97 150
51 76
146 153
64 88
40 113
44 103
17 168
117 11
182 99
165 188
118 111
40 114
36 189
126 98
194 100
41 156
23 17
10 137
18 94
138 50
101 8
96 199
165 134
171 6
59 114
28 148
1 30
80 176
124 40
130 5
50 62
51 159
139 80
46 148
199 173
93 173
174 195
106 182
104 173
96 146
16 14
104 164
83 48
108 135
100 177
26 58
111 40
65 172
7 79
182 89
11 101
112 106
194 189
133 53
184 96
180 76
200 23
88 87
78 170
164 5
164 118
14 85
20 57
89 108
161 129
1 121
97 187
167 178
102 70
189 155
182 130
138 179
175 157
15 171
46 47
72 44
34 62
89 159
26 41
84 120
20 158
101 170
4 139
146 100
40 190
95 103
88 90
22 143
187 15
59 196
72 60
145 90
152 73
25 180
45 52
147 61
123 144
172 114
5 187
12 49
161 36
90 159
12 14
156 85
91 41
120 176
39 90
120 108
172 23
38 176
142 132
32 94
162 33
129 60
9 165
127 17
176 12
116 157
131 3
126 62
71 146
110 21
35 107
122 104
198 36
152 133
31 52
153 106
164 82
64 31
184 80
83 57
91 143
15 137
49 200
73 91
60 7
147 158
103 61
29 33
65 163
180 22
50 39
102 150
99 159
74 110
95 31
82 149
45 181
160 61
50 90
145 60
77 10
194 11
103 185
158 117
49 42
35 171
198 144
48 47
20 64
100 73
197 189
112 22
18 184
128 138
59 72
23 154
19 28
196 26
146 2
117 119
82 192
133 168
36 195
81 33
20 151
42 154
180 163
106 197
79 58
91 162
143 110
111 48
114 23
161 57
111 20
21 117
161 71
141 63
129 137
128 97
195 184
123 91
192 185
166 121
143 57
194 9
4 77
47 83
78 120
43 133
17 179
74 152
181 32
20 178
145 132
135 62
5 26
143 5
130 24
176 64
12 91
96 76
34 187
124 28
162 149
186 135
81 55
45 24
3 149
32 127
15 170
93 169
109 165
141 71
21 23
193 27
6 190
16 165
171 140
181 29
168 32
183 141
187 127
25 181
54 8
81 83
199 4
190 39
14 129
21 113
137 29
35 167
92 181
170 191
15 82
27 11
82 190
190 17
135 94
49 84
118 51
119 149
127 86
162 100
47 26
3 33
177 40
181 184
60 167
78 155
44 41
164 43
48 192
146 21
137 25
164 136
86 89
7 131
127 29
79 142
172 83
22 170
66 77
180 60
20 120
4 137
162 31
183 148
158 126
97 160
135 145
191 163
102 192
115 118
82 116
177 130
14 167
160 100
63 54
185 2
195 173
48 113
61 31
44 76
27 87
115 15
146 64
42 35
11 62
3 92
7 33
128 24
177 143
89 56
54 127
96 93
199 131
180 103
47 69
110 92
32 31
63 200
198 100
98 92
8 142
32 28
193 135
140 37
75 90
154 9
89 47
137 184
114 169
85 107
21 29
27 28
40 24
57 86
141 19
138 137
114 130
138 185
163 74
127 124
6 182
165 10
31 125
91 45
51 120
151 8
160 119
3 155
99 49
163 106
75 79
31 44
121 196
183 37
161 5
65 173
67 44
98 152
155 48
41 10
96 145
123 184
65 120
16 155
73 161
56 171
55 34
127 153
43 175
170 65
97 107
56 150
171 197
101 193
86 114
173 3
143 48
128 109
169 139
63 93
120 127
52 129
186 174
96 188
3 56
130 51
65 55
14 100
87 98
148 165
155 133
61 13
103 127
133 169
20 91
24 163
32 89
154 133
31 21
28 70
100 40
180 68
10 51
147 168
4 46
141 92
65 174
21 144
136 138
21 79
75 70
77 17
47 67
196 145
51 9
146 195
149 196
117 130
161 119
150 95
1 97
121 55
19 189
175 125
44 108
10 190
13 75
123 59
27 45
135 111
49 141
183 138
112 19
53 94
66 107
41 131
17 12
51 122
126 182
177 122
46 96
80 163
141 104
81 14
21 141
171 178
86 112
144 64
66 41
173 61
85 76
84 161
160 181
143 112
30 63
160 174
120 110
147 72
72 130
114 5
134 17
78 48
109 151
28 178
76 143
47 184
163 109
101 91
199 64
34 22
185 29
173 8
51 5
192 104
97 55
112 81
16 62
141 35
72 177
84 156
111 193
92 63
199 99
50 160
1 67
179 188
73 45
148 102
131 74
92 43
128 44
147 148
8 73
38 32
174 61
195 1
100 182
144 189
3 164
180 145
122 193
42 34
12 129
48 142
132 116
91 22
56 152
82 143
36 67
56 128
171 54
122 66
118 159
27 117
75 153
188 169
96 158
142 185
128 2
52 193
87 55
37 92
185 56
181 197
114 135
163 160
38 134
74 85
131 174
165 63
124 200
19 142
163 1
152 83
54 33
77 179
49 189
33 57
98 48
182 189
9 132
70 58
166 163
135 80
30 147
87 84
112 3
52 75
179 44
6 98
164 34
189 83
165 93
12 2
33 51
184 90
14 153
129 188
103 163
91 10
60 14
58 84
181 165
126 31
39 49
174 19
149 50
96 180
85 35
193 174
75 198
173 140
138 66
83 82
32 83
200 110
155 97
88 77
44 109
31 24
174 79
38 192
161 30
26 99
64 101
174 169
83 135
96 38
157 26
49 167
58 90
107 195
163 43
137 157
130 61
129 173
162 132
139 189
40 74
103 123
104 125
14 152
74 38
10 72
151 17
37 38
191 126
103 36
52 160
24 102
146 8
34 108
61 145
145 89
108 183
154 104
191 39
16 66
172 66
34 115
178 101
198 196
79 199
194 30
159 153
151 162
64 123
197 72
41 161
109 175
183 45
75 6
166 196
169 120
118 10
155 68
176 199
91 198
79 106
102 138
105 40
144 54
171 97
55 126
159 49
195 124
39 37
109 106
113 146
29 46
184 20
75 78
18 105
149 75
49 78
60 34
19 187
97 120
70 174
8 110
99 173
192 16
170 110
123 175
147 55
98 108
123 104
157 144
178 49
23 82
84 112
76 159
141 86
123 187
59 151
190 195
154 127
44 141
69 170
82 196
52 33
72 124
79 102
7 144
28 17
139 104
165 108
166 168
135 55
48 186
115 151
131 31
64 97
84 99
178 27
159 102
119 29
143 108
36 115
74 139
185 54
153 129
193 97
196 33
135 8
32 65
74 187
61 137
126 137
200 196
61 117
27 56
189 160
107 36
53 142
71 153
47 137
175 35
3 160
163 28
148 15
191 187
95 91
81 200
84 57
52 23
88 148
192 184
4 25
198 67
38 29
17 51
107 155
5 156
131 10
4 99
110 183
150 105
58 168
119 14
183 22
64 109
168 8
38 80
121 71
36 4
187 53
81 80
25 150
116 10
145 170
31 148
172 182
159 178
7 196
24 156
184 129
139 86
130 32
145 114
3 139
145 86
29 12
154 90
150 89
81 97
46 26
17 9
110 113
144 112
64 94
197 119
69 85
177 77
3 126
78 111
189 55
63 124
125 73
43 17
175 134
90 73
186 53
55 49
67 32
145 93
168 60
63 5
66 27
149 52
164 98
109 125
30 131
156 104
161 183
8 87
189 175
71 28
165 82
163 162
65 171
186 65
176 149
197 144
55 177
150 187
24 120
123 45
159 10
84 97
146 164
44 35
151 31
59 179
198 55
7 94
15 88
113 83
66 158
3 60
71 78
13 102
124 96
42 33
17 171
178 35
95 136
163 88
157 80
129 99
57 187
17 15
47 122
73 200
40 55
25 54
18 110
54 174
23 111
184 40
190 103
119 130
172 59
128 158
60 73
55 148
159 44
69 31
121 190
92 76
44 18
136 156
19 95
197 111
77 64
92 72
120 132
113 99
68 75
