250 10908
3 45
160 198
166 216
246 207
145 198
17 148
127 249
151 101
199 152
249 198
34 173
126 114
36 238
96 177
216 167
126 123
138 178
30 111
192 23
237 176
207 128
139 175
69 162
25 47
155 192
111 42
59 64
105 97
124 67
85 225
169 204
15 48
53 169
184 192
27 152
133 130
128 14
137 4
64 206
188 6
131 47
248 221
163 164
79 45
187 42
177 214
158 129
151 124
201 64
127 171
129 21
16 17
84 88
111 235
24 51
98 91
17 7
117 152
12 16
131 87
66 112
190 169
226 6
143 165
231 159
115 184
82 170
4 157
172 43
25 7
24 162
90 52
17 163
140 215
72 2
75 185
180 32
248 97
159 85
108 160
32 148
46 201
225 50
134 105
86 107
29 23
60 116
103 15
128 84
28 143
94 102
88 55
173 196
91 64
180 45
110 146
40 238
145 190
157 158
68 238
69 172
225 73
53 242
3 189
109 249
101 192
62 125
189 57
136 39
244 141
162 245
246 236
63 122
204 69
14 189
113 25
232 103
82 203
39 12
154 10
49 21
82 62
205 34
124 98
51 174
14 156
106 168
117 110
9 52
139 52
146 21
235 86
216 65
116 11
13 225
91 210
98 202
206 223
244 72
217 218
131 92
217 69
35 96
42 121
84 63
39 99
109 183
240 205
222 125
242 126
131 22
131 61
66 54
135 210
139 34
44 101
223 84
105 171
229 3
229 135
133 85
155 212
70 167
47 53
17 112
58 225
81 99
38 202
36 44
201 241
83 207
55 124
7 138
177 20
162 165
13 149
115 186
11 61
67 249
96 57
112 128
41 237
59 61
76 39
105 131
205 78
55 207
86 193
162 197
234 134
18 170
169 111
202 241
136 19
240 87
65 68
195 202
111 246
29 136
29 117
236 32
125 142
8 153
64 20
216 155
11 31
199 21
201 181
234 122
184 135
79 121
173 170
215 239
52 87
170 48
93 80
193 82
74 170
23 4
2 237
118 116
134 153
93 150
165 127
31 23
220 197
186 185
127 97
206 159
132 220
233 72
31 4
175 147
246 14
176 97
176 77
197 51
53 9
200 123
134 117
95 136
23 225
74 206
242 115
30 161
114 29
72 153
59 136
144 91
232 79
180 13
87 155
141 55
90 246
249 29
143 245
179 123
55 129
29 153
131 169
27 217
151 76
174 126
248 77
226 3
194 176
229 241
60 157
106 240
149 216
130 109
83 36
103 45
26 33
16 250
86 160
199 132
221 219
78 94
151 200
138 72
44 125
146 194
33 100
133 206
232 90
246 188
182 171
173 69
52 169
8 172
210 187
93 247
38 218
210 38
93 124
112 110
136 117
161 218
158 161
112 63
47 40
81 250
14 183
41 46
213 60
189 214
215 192
212 22
67 30
145 15
212 204
151 78
81 112
163 197
130 59
177 220
135 208
19 124
167 26
225 188
89 139
3 13
142 212
116 86
74 138
144 89
166 146
8 200
103 30
156 179
207 68
176 88
151 153
67 120
69 189
117 6
58 245
1 130
148 154
45 187
101 33
200 196
78 43
157 128
211 238
8 104
177 227
159 78
145 69
20 103
192 21
209 151
137 18
197 140
13 27
168 137
185 135
162 34
172 75
223 197
114 123
65 164
77 37
153 232
79 66
118 56
52 188
178 179
177 208
183 23
198 19
173 124
59 49
131 60
32 61
164 92
26 81
79 164
5 249
35 132
93 41
68 6
105 58
15 150
202 148
187 57
13 203
41 229
75 36
110 199
15 28
61 73
101 235
27 239
72 213
83 111
242 169
210 136
123 56
151 233
160 151
131 160
149 120
197 247
66 219
223 244
21 187
70 135
228 62
199 216
131 86
66 207
112 49
75 111
131 167
53 199
128 23
112 157
27 18
37 9
79 111
77 243
14 186
33 146
124 157
114 142
18 64
137 28
17 144
62 94
97 83
204 246
38 34
138 16
72 105
164 221
250 68
77 74
123 71
145 147
14 61
117 58
212 167
14 209
184 211
209 28
119 236
235 56
164 25
222 204
106 8
159 220
3 70
30 63
64 55
10 16
93 175
195 171
237 241
53 97
232 108
167 61
21 125
170 134
69 105
191 19
75 241
143 130
211 54
90 142
112 223
42 23
20 242
202 146
175 67
184 86
107 245
12 37
250 185
205 77
99 166
166 48
223 98
83 164
110 180
62 135
211 146
64 101
160 78
66 142
72 249
112 20
47 136
139 20
95 249
127 11
54 212
106 232
213 132
31 137
60 1
8 59
40 230
244 202
40 115
88 235
221 1
106 228
179 185
188 34
143 9
187 221
237 42
34 208
68 27
1 136
9 245
131 237
235 40
201 28
37 169
156 100
64 71
61 213
216 88
49 50
205 135
87 111
86 23
145 250
161 100
36 23
32 20
10 201
137 156
55 199
207 29
48 61
73 140
222 248
250 9
93 76
25 143
11 72
21 90
241 185
87 235
158 22
170 101
60 220
176 149
116 120
30 109
242 34
190 185
183 168
178 95
2 175
222 122
58 91
20 184
160 145
95 116
40 67
182 26
192 9
108 73
75 73
4 215
143 246
63 128
133 14
97 190
194 58
189 60
161 12
231 148
195 245
208 2
17 140
159 193
97 39
124 242
104 230
242 157
74 224
122 220
144 47
159 198
152 25
74 156
121 103
82 205
125 80
132 196
173 3
41 234
219 104
1 134
9 109
66 46
3 208
69 122
33 66
3 209
179 121
88 121
43 226
161 16
242 160
4 62
80 220
196 101
206 15
35 156
93 130
43 236
218 224
204 76
151 33
28 180
214 45
28 204
88 140
196 8
188 144
218 115
1 25
13 140
39 61
202 57
131 156
78 122
20 63
37 84
109 63
4 57
193 199
158 173
91 247
64 171
193 228
215 245
62 161
2 165
137 146
118 213
91 84
44 129
243 79
55 98
32 142
100 184
107 72
193 39
64 109
65 235
89 225
24 44
94 123
52 208
130 75
21 213
151 17
224 135
54 218
53 48
146 161
89 85
38 106
235 170
28 10
14 116
9 71
149 194
92 155
63 249
209 228
67 46
201 78
142 42
209 32
26 146
28 33
242 75
162 121
125 5
198 202
132 32
104 7
111 142
188 134
166 42
115 246
171 65
131 25
237 64
230 121
179 170
20 121
43 77
184 40
6 201
95 210
7 168
231 215
22 192
17 19
241 83
160 185
179 158
138 238
73 238
110 194
68 73
21 100
76 178
69 201
133 192
151 222
12 199
237 201
230 77
38 51
208 168
14 149
168 227
183 24
148 195
35 168
174 206
139 213
155 54
184 39
106 20
183 70
103 26
208 118
131 245
50 175
223 131
64 167
162 249
89 61
14 38
19 195
239 4
141 249
123 77
192 48
137 27
124 80
25 244
4 11
86 67
83 222
212 110
64 10
67 214
165 5
211 208
154 210
15 11
78 56
96 62
52 26
121 236
42 161
45 219
180 240
146 203
44 154
198 205
125 116
14 181
142 76
52 183
63 161
53 41
128 109
145 135
50 229
60 148
175 98
146 99
94 193
149 243
61 115
220 237
142 201
206 5
198 93
220 5
177 56
161 11
61 236
117 176
147 161
110 18
135 142
171 42
151 202
90 195
196 214
161 126
114 66
112 26
64 39
207 151
162 138
172 233
42 223
136 45
8 128
209 66
245 113
179 217
172 118
6 96
181 237
103 125
204 22
237 107
169 77
159 51
78 35
117 62
140 119
200 114
73 104
171 141
75 53
77 228
95 79
90 180
142 16
216 249
57 174
176 223
65 62
18 23
206 216
111 137
108 202
57 210
158 26
188 168
211 76
115 181
83 203
168 249
205 215
75 147
25 219
166 140
184 230
237 162
110 160
247 189
96 82
153 236
83 161
241 164
190 24
17 161
192 162
199 76
239 127
66 47
149 177
98 81
202 185
227 146
81 180
198 222
49 159
186 136
197 136
247 85
183 226
43 192
158 243
195 182
153 36
38 222
108 23
139 23
43 59
205 41
221 7
173 61
38 81
135 212
232 178
225 190
111 122
226 172
55 101
93 17
5 9
21 172
172 194
225 127
208 122
162 77
116 239
103 126
106 40
86 61
201 123
192 245
14 162
135 115
11 210
197 118
173 237
136 245
17 65
165 231
85 141
114 104
227 217
28 187
234 230
80 179
56 114
156 83
190 46
185 60
124 77
27 166
59 238
181 143
12 98
97 134
222 209
20 15
239 50
114 62
191 36
82 127
249 214
51 91
226 120
38 64
210 99
192 64
146 149
29 135
198 44
235 71
120 34
154 199
82 220
215 81
109 124
156 86
82 186
214 203
83 26
1 176
84 147
226 156
237 22
129 199
242 143
47 7
113 225
180 227
201 121
15 99
222 101
223 74
160 187
46 75
62 249
125 17
106 179
199 160
26 38
81 140
17 123
161 171
122 98
97 100
82 18
174 87
237 207
145 185
23 47
219 74
13 70
82 233
178 107
71 126
136 246
173 226
147 245
145 23
232 36
83 52
121 31
27 160
4 249
227 86
97 87
117 37
88 71
241 129
25 206
119 189
23 35
222 199
112 70
59 128
31 191
98 201
59 160
89 124
126 240
185 4
56 195
120 38
128 182
27 32
174 161
235 76
83 93
189 205
1 65
97 4
74 7
248 246
236 242
232 135
146 134
97 60
195 98
158 168
160 50
63 175
17 157
220 61
77 67
40 77
91 153
160 219
29 222
85 184
222 245
173 67
33 38
143 202
153 66
30 201
205 85
182 12
123 231
18 25
43 111
180 185
154 113
117 93
17 245
163 225
20 190
233 92
173 230
115 164
83 248
249 54
92 50
131 102
96 238
175 208
169 202
133 43
9 45
113 10
23 182
134 59
209 142
48 12
70 208
83 177
75 199
240 198
183 243
51 189
227 208
98 71
69 157
61 102
156 71
96 155
18 85
65 115
9 225
229 105
56 90
97 202
188 101
17 108
69 190
188 135
161 74
202 50
200 205
156 121
171 226
189 246
202 229
25 97
23 155
217 162
168 105
61 82
140 40
98 245
243 165
160 112
99 113
122 76
98 4
194 65
37 56
226 128
211 110
9 211
201 54
94 65
99 177
90 245
189 110
170 194
44 179
26 201
200 163
232 66
121 198
69 142
198 70
227 128
238 195
2 100
186 49
220 176
197 95
36 31
195 68
30 223
55 99
127 96
66 162
176 151
70 229
73 103
44 249
161 219
91 39
183 179
97 233
17 71
216 79
88 200
91 207
200 202
103 25
184 69
24 249
168 127
250 131
61 75
33 53
230 101
227 210
212 15
33 120
14 29
188 67
12 10
81 137
106 170
138 175
115 210
43 32
90 120
106 65
87 164
86 231
9 43
14 26
33 103
102 51
212 18
136 157
63 142
41 55
32 151
63 240
242 244
51 181
25 221
106 70
163 112
33 152
167 202
227 10
118 71
115 200
118 248
243 245
181 24
193 207
119 101
171 177
147 199
171 185
234 38
113 78
246 44
139 219
225 157
82 23
203 51
60 115
60 18
228 221
248 49
36 113
60 142
68 171
88 51
96 207
238 61
96 234
45 241
211 20
47 83
107 50
116 155
80 30
153 227
192 4
105 87
198 178
131 206
146 159
16 126
138 171
90 42
15 61
124 150
133 79
166 81
128 242
164 249
75 35
194 218
249 114
49 168
78 241
120 235
205 232
236 22
114 88
87 226
209 40
184 90
10 220
77 151
46 246
150 201
89 40
159 145
158 176
231 113
138 169
244 15
58 21
167 116
40 63
137 227
110 125
13 110
154 73
62 86
59 45
199 82
99 244
126 13
40 18
210 173
88 83
117 8
10 174
24 173
51 103
188 18
82 41
87 42
148 85
102 101
115 166
234 109
49 101
29 73
115 201
219 53
87 70
245 116
138 177
117 140
223 4
177 124
108 196
167 92
207 131
134 202
129 68
80 235
78 133
28 55
64 177
134 160
223 226
185 118
142 158
146 141
85 111
178 155
179 203
96 138
125 208
89 45
154 136
180 194
77 75
85 17
95 110
181 70
202 90
84 36
31 166
85 93
36 38
91 238
219 84
50 159
126 9
71 95
110 98
66 70
236 38
161 204
89 57
93 5
19 62
107 36
162 206
134 214
26 120
62 2
99 100
225 55
249 15
9 94
243 167
224 93
120 231
19 200
200 4
227 126
73 107
191 181
152 116
8 151
45 142
130 116
215 146
219 29
56 169
143 66
129 177
206 1
127 54
96 148
146 172
250 18
79 234
40 55
10 82
197 3
105 110
149 86
6 166
43 65
191 61
168 134
10 8
47 183
223 82
15 184
48 189
220 120
130 150
46 183
36 40
40 68
193 248
45 190
43 128
18 216
130 3
78 224
195 125
64 184
61 101
44 219
118 156
246 53
23 235
221 58
154 177
196 56
200 47
96 40
104 154
71 23
225 109
204 37
108 92
67 231
152 107
36 81
111 127
250 139
229 194
64 4
51 248
107 9
248 53
17 235
164 142
249 233
198 141
206 170
93 30
82 151
131 143
12 40
228 88
156 89
7 240
86 183
199 118
18 159
31 33
140 110
233 18
190 246
25 20
164 107
185 144
226 232
95 155
44 197
44 42
208 228
102 124
41 175
15 96
30 144
52 75
196 169
110 235
214 86
20 160
72 100
238 172
3 169
215 72
153 192
134 162
102 158
214 123
6 239
97 136
209 9
14 139
42 211
103 50
46 174
183 82
229 53
214 98
120 20
167 94
165 240
95 201
190 197
212 100
12 145
170 7
228 119
16 100
76 98
20 37
9 149
66 107
47 179
197 169
64 7
32 230
219 61
14 96
139 204
12 206
229 142
213 170
80 44
192 120
27 97
196 27
39 145
28 71
164 172
70 7
104 38
208 187
6 164
26 124
71 7
24 93
237 223
168 34
188 229
147 90
131 5
190 177
228 43
153 199
45 74
239 190
174 185
109 140
74 87
183 120
249 58
231 27
106 211
213 168
207 39
238 139
234 74
194 147
151 54
41 174
217 184
111 136
115 189
205 165
213 222
10 36
34 80
247 15
199 150
182 221
102 56
69 222
204 56
7 145
133 247
109 85
197 127
67 59
141 104
90 101
166 50
247 167
2 26
121 107
39 220
52 29
8 191
215 97
113 153
142 118
193 26
17 238
57 15
212 7
55 245
4 143
100 57
37 209
117 31
40 220
152 124
203 218
239 107
131 13
250 92
206 73
41 181
229 198
221 51
195 207
37 133
143 205
60 152
133 163
77 116
147 213
3 235
153 22
155 25
27 117
210 191
36 8
195 102
146 147
108 192
76 91
69 186
98 46
14 70
99 36
31 202
198 199
25 134
196 179
156 158
147 167
27 67
250 15
108 194
194 199
220 98
117 240
43 15
183 108
29 162
152 245
61 85
40 248
192 243
54 101
64 216
87 202
153 16
161 196
74 9
191 134
190 189
223 181
161 184
52 32
101 81
40 87
74 192
53 89
152 163
124 235
136 12
152 94
235 19
201 245
91 71
250 39
99 16
45 197
186 215
178 11
202 192
215 199
158 207
113 85
172 180
197 158
38 235
18 211
95 179
116 250
216 8
154 203
5 32
36 112
181 225
146 41
80 16
102 149
105 185
248 146
242 86
135 109
228 36
137 56
175 204
74 129
49 129
117 245
37 139
210 101
66 222
237 137
76 109
208 157
133 232
201 235
177 6
110 227
184 75
215 105
106 160
157 52
82 25
223 110
194 81
17 37
191 202
175 143
9 167
88 152
32 229
24 176
133 41
135 113
29 116
135 192
116 104
127 3
116 106
147 222
91 109
4 114
234 139
135 36
102 151
46 34
31 17
120 160
205 46
113 11
72 116
234 70
197 134
179 165
236 160
188 10
45 243
176 193
21 234
178 50
31 7
138 100
56 75
128 169
73 62
221 216
75 212
14 129
97 246
134 30
57 97
183 201
87 208
21 248
159 161
170 89
51 10
114 35
130 53
201 27
222 232
117 19
138 28
91 228
226 217
156 169
207 60
140 180
109 121
229 192
104 227
230 58
153 122
199 223
246 140
239 24
130 132
202 139
75 250
84 224
244 155
135 230
189 102
191 249
111 27
204 14
100 104
177 140
117 204
148 235
109 102
42 131
150 11
39 183
135 7
103 29
204 34
66 103
150 120
188 247
100 8
237 208
28 39
99 109
175 25
142 23
210 82
17 141
56 65
9 86
134 147
177 192
189 137
60 218
114 130
41 220
210 29
222 241
102 150
194 1
17 208
43 13
89 173
154 119
32 214
67 167
93 107
11 145
36 189
198 85
73 14
150 154
165 105
137 154
169 236
124 20
207 191
69 154
74 102
51 116
135 201
55 209
176 37
153 172
239 36
152 17
16 135
172 207
7 40
84 235
178 34
118 101
182 66
248 216
193 110
63 140
237 58
11 115
215 185
97 66
111 205
120 92
52 5
200 33
104 56
135 127
241 27
207 180
38 150
78 157
183 172
121 138
247 185
109 61
188 76
166 227
4 130
220 69
211 120
200 21
187 18
155 164
93 206
181 9
110 156
117 246
175 227
44 168
112 32
169 145
28 203
57 169
57 138
126 129
228 117
166 250
198 27
25 107
243 177
214 157
249 35
152 114
179 8
231 237
84 171
206 114
110 1
148 156
117 229
218 51
150 171
136 190
7 27
7 246
99 142
22 157
82 97
234 77
147 235
231 33
186 127
226 138
126 229
101 103
43 113
146 72
124 192
25 167
125 220
179 2
206 92
179 208
213 16
170 142
102 14
43 96
91 49
120 15
82 99
232 96
97 7
69 176
174 189
93 16
107 144
141 147
213 66
39 217
137 50
189 12
239 166
141 138
221 119
52 150
177 201
240 84
62 229
78 81
230 15
207 24
225 136
231 105
210 221
185 57
39 78
165 192
235 155
145 96
78 82
188 128
62 248
162 156
112 192
120 163
241 218
199 108
177 39
56 71
116 75
74 207
113 64
108 234
57 33
222 11
121 200
250 87
87 168
20 99
182 150
184 120
9 66
103 196
248 36
100 14
159 160
236 237
3 224
24 191
55 20
80 56
177 122
216 162
175 188
208 13
125 70
246 94
133 179
221 64
56 36
200 250
164 52
204 248
21 139
103 2
235 95
60 114
33 69
52 226
104 238
13 114
186 247
122 79
15 208
162 102
26 95
90 60
202 136
190 21
105 198
17 79
172 18
114 65
85 162
24 157
127 67
92 4
199 92
123 212
206 100
198 250
173 222
185 220
228 21
15 27
35 222
235 75
165 88
177 172
199 227
145 24
62 206
96 134
237 189
120 182
58 165
235 36
9 36
121 153
174 56
19 203
75 168
158 218
12 21
16 67
117 111
46 91
97 214
177 69
186 217
13 104
213 36
142 94
195 149
67 212
150 5
13 77
250 183
200 78
248 240
29 209
30 26
160 172
1 11
33 166
175 68
33 140
39 134
132 68
124 133
37 80
124 128
201 129
98 213
245 141
187 91
184 214
143 91
124 162
83 67
113 229
117 226
115 147
198 215
68 221
219 102
83 226
137 115
72 124
144 2
116 142
99 18
244 84
78 155
51 66
226 48
67 121
168 6
178 46
99 220
115 208
221 185
199 94
111 154
189 71
35 66
247 238
196 10
215 19
206 149
65 167
193 243
156 213
166 165
204 119
226 14
129 240
168 146
78 34
44 26
44 52
119 95
181 150
190 7
229 81
239 217
197 114
213 44
220 158
146 113
153 23
122 66
205 76
23 7
161 118
198 125
42 247
247 227
9 105
154 192
119 5
240 193
153 126
96 84
249 32
221 65
140 149
104 237
197 178
227 221
151 217
57 121
201 184
17 145
51 117
107 230
47 206
183 38
42 72
70 188
78 98
99 124
249 182
175 132
122 199
126 210
4 46
94 81
174 128
50 6
234 32
122 104
42 179
129 86
151 221
129 20
149 218
98 59
105 143
232 26
54 29
153 44
124 17
73 64
15 97
244 94
195 70
169 126
78 235
88 68
239 202
21 229
177 182
73 221
79 128
205 103
59 83
238 35
46 243
210 226
102 133
14 32
175 55
5 8
224 146
117 127
237 26
107 180
33 229
129 138
100 101
121 192
159 5
131 222
245 214
22 3
235 137
16 238
239 122
17 104
55 87
143 7
103 56
209 57
155 104
207 174
71 196
16 209
163 93
43 86
107 162
56 91
191 69
236 44
47 161
204 77
202 215
88 197
173 201
112 150
216 146
96 53
12 152
234 63
205 210
247 126
242 170
203 116
57 111
240 228
130 36
224 182
24 32
48 57
6 107
110 127
4 234
185 177
18 128
144 67
26 15
196 130
178 112
162 186
8 148
134 63
120 167
139 191
22 173
57 84
128 206
17 154
148 166
210 77
134 218
17 192
240 12
3 249
118 190
58 177
58 222
121 197
180 46
96 210
189 236
33 93
224 103
128 171
187 209
185 9
118 93
236 41
164 169
80 78
78 171
144 239
59 231
178 41
97 72
125 216
100 250
165 19
233 91
147 132
184 190
248 99
51 201
158 106
181 205
145 59
141 61
52 55
241 42
173 55
207 120
68 63
186 7
126 36
188 62
116 189
32 223
21 118
128 145
2 15
206 233
209 26
211 44
76 41
59 51
134 144
197 232
178 141
66 238
156 21
173 128
4 245
98 199
13 221
108 115
74 92
210 65
74 44
243 118
50 90
163 12
126 156
44 241
57 180
24 7
39 63
46 38
50 184
108 176
183 145
29 193
208 149
212 208
122 140
184 54
71 83
63 97
15 100
125 206
187 162
245 231
37 245
20 10
12 141
109 153
16 133
22 142
207 19
185 204
153 10
208 170
107 3
1 225
15 44
81 187
210 218
199 207
205 98
240 242
40 113
101 124
15 118
66 2
230 240
232 31
108 26
227 38
163 23
249 85
181 44
48 250
151 37
29 240
83 113
72 65
29 170
232 74
36 137
242 226
108 130
179 126
165 102
231 239
220 102
110 91
177 219
237 82
37 100
201 146
23 43
250 37
170 99
110 42
104 26
210 26
94 52
126 102
178 183
13 165
145 200
243 134
169 194
173 1
180 151
211 72
218 57
108 128
163 28
72 19
86 40
70 51
205 10
139 17
76 220
96 196
203 17
147 35
114 34
141 128
182 179
185 49
71 158
221 61
200 14
37 194
152 64
232 5
59 111
245 11
128 233
228 30
172 178
126 178
174 210
143 196
1 236
248 206
99 31
6 39
126 163
84 236
73 171
190 130
244 45
98 88
218 199
127 199
234 57
167 238
132 211
65 96
9 231
136 167
80 115
182 212
133 47
191 180
22 234
62 119
139 27
5 87
226 139
78 42
203 204
233 190
189 125
175 250
143 36
155 119
60 40
198 224
23 161
185 120
108 174
167 213
11 126
43 210
99 239
28 61
47 248
210 89
137 133
86 20
75 48
36 88
228 157
123 116
4 181
214 116
49 241
11 45
189 40
110 216
56 182
189 133
214 211
37 95
126 241
182 175
238 170
89 18
97 200
110 245
127 21
71 175
225 143
40 145
75 155
58 60
129 130
23 127
223 228
105 182
131 1
40 52
163 9
178 186
31 56
22 70
46 76
211 145
23 249
134 102
167 250
142 173
33 118
232 249
209 12
199 145
181 85
111 161
147 165
76 61
98 168
241 197
184 131
16 163
92 76
183 187
233 123
76 16
222 53
59 30
78 170
38 241
85 94
40 143
6 236
3 120
227 187
201 144
10 14
81 243
156 127
164 148
100 69
23 207
48 206
88 56
10 195
155 53
147 224
26 12
211 197
243 247
146 56
137 123
47 24
123 8
112 232
88 171
174 55
197 81
78 86
95 195
228 3
55 30
212 246
184 158
68 151
217 174
115 211
242 207
209 176
79 62
87 94
167 153
36 221
80 227
172 9
190 68
150 225
93 63
236 58
193 116
200 178
132 67
41 129
4 5
20 93
169 42
183 222
163 245
24 194
54 146
231 100
227 84
233 113
104 118
189 129
76 65
43 132
33 181
20 204
195 27
60 166
45 122
162 91
241 81
128 216
205 14
61 194
20 1
201 164
141 181
175 51
247 229
67 23
86 143
4 140
186 74
79 35
113 243
41 136
112 227
106 11
43 223
211 232
192 96
67 130
61 151
117 209
232 122
204 247
218 191
193 40
38 175
76 5
164 89
64 161
131 75
61 129
2 13
204 122
64 168
82 21
147 138
209 75
70 100
65 139
119 63
51 1
202 88
164 227
209 4
138 117
161 190
156 103
153 123
64 85
55 43
17 20
188 195
157 74
224 14
33 191
207 17
225 16
136 126
197 170
68 181
116 59
126 139
20 218
68 55
236 98
101 95
15 143
131 115
98 118
186 121
63 198
77 63
164 208
81 175
167 43
196 137
33 40
18 44
107 88
128 184
11 99
202 179
71 45
160 38
186 199
119 81
60 214
206 34
213 148
43 11
80 122
197 79
235 127
37 228
143 58
188 157
23 245
163 65
12 58
198 120
179 54
152 49
193 43
176 16
166 74
84 50
37 178
62 35
212 249
206 140
48 43
100 18
64 31
26 53
178 140
131 33
60 129
183 218
184 95
165 36
227 189
20 53
113 27
82 60
135 119
46 42
119 152
112 242
49 141
200 25
206 229
151 121
236 74
165 86
67 218
134 38
157 231
52 114
216 12
67 113
229 217
177 244
115 31
158 140
230 98
233 155
91 25
68 239
22 201
83 232
19 189
225 84
46 63
141 227
221 200
79 25
234 85
175 216
183 116
211 25
73 11
235 107
175 96
34 194
217 8
3 110
103 171
232 168
88 44
225 209
30 229
50 66
212 133
146 140
74 32
238 133
77 84
183 33
7 150
6 35
223 1
207 160
26 41
10 225
44 111
161 65
24 170
23 64
211 138
85 60
76 87
156 184
236 75
120 35
147 182
127 55
92 197
41 134
104 182
156 239
226 167
200 24
18 125
120 27
64 218
112 60
2 34
211 206
236 134
80 119
60 107
241 12
63 72
60 44
14 216
149 126
105 126
245 230
121 140
151 34
46 40
34 133
166 46
34 146
106 76
227 206
60 48
201 154
164 42
160 216
161 131
44 19
243 242
174 170
223 67
194 190
71 202
235 74
176 42
178 33
96 141
19 115
13 145
131 210
39 159
42 29
117 88
190 34
236 12
122 203
87 8
218 197
64 30
91 33
216 220
170 201
68 70
117 168
141 233
61 62
16 78
1 33
69 215
105 191
164 97
60 71
110 225
195 145
18 168
6 231
161 50
207 159
57 47
61 81
44 114
210 214
25 64
49 150
66 152
221 146
181 62
165 160
202 130
198 2
88 177
242 217
172 16
201 157
200 36
222 50
83 142
108 249
19 64
164 210
2 48
180 56
151 213
65 100
97 78
133 172
119 99
136 156
76 190
43 229
145 231
76 29
103 110
211 187
152 3
243 187
196 226
246 51
111 8
177 113
203 190
227 102
30 116
209 205
175 20
156 166
16 154
226 123
193 126
74 122
34 124
236 223
107 135
139 82
56 22
102 35
134 230
136 85
21 143
80 177
236 206
166 10
68 85
94 99
84 46
55 213
72 139
1 145
236 100
41 223
78 199
36 246
80 222
173 18
91 9
222 141
13 234
31 158
112 90
146 58
245 84
112 237
181 118
151 107
228 128
115 179
166 57
249 69
169 47
26 54
154 153
108 235
201 134
184 23
17 233
56 126
250 44
170 225
11 118
193 224
21 77
174 69
76 198
225 201
142 159
143 182
56 59
121 77
63 241
174 85
118 70
231 94
148 27
166 37
243 95
88 112
110 207
207 4
26 5
27 98
55 85
247 109
91 248
88 12
223 61
106 1
59 191
140 212
222 210
109 141
210 248
59 199
129 250
112 139
211 47
82 187
122 86
177 9
182 123
203 129
26 139
72 190
159 183
102 22
41 140
231 175
55 182
134 248
10 185
108 125
73 26
240 48
236 102
33 79
137 211
142 246
27 115
190 23
184 63
35 138
85 58
2 97
178 147
182 121
49 75
171 56
194 152
50 231
116 173
218 37
164 158
121 143
234 137
73 138
196 195
186 238
53 164
105 217
179 180
167 180
82 86
193 230
75 91
26 127
61 154
21 62
14 195
10 175
197 122
189 188
155 207
158 38
79 183
199 235
124 203
157 227
223 152
164 110
36 100
24 117
56 41
95 6
17 153
70 44
44 174
64 119
192 213
124 185
71 220
76 47
96 135
83 205
108 37
98 102
150 147
120 55
16 21
207 173
182 153
29 89
244 103
166 153
90 111
192 235
54 75
77 106
67 246
61 71
30 235
40 164
210 145
155 137
184 178
113 161
42 99
61 95
121 60
160 148
125 55
11 238
61 199
128 215
249 122
149 142
174 105
86 236
2 180
115 129
23 22
12 223
69 207
37 142
234 247
10 78
53 213
20 80
185 50
80 60
19 83
47 87
140 55
11 168
98 247
116 128
220 210
58 121
155 110
202 64
109 160
212 150
113 18
244 200
170 157
10 148
8 184
109 235
148 54
80 24
29 37
69 246
171 21
233 148
229 191
3 95
49 117
107 63
153 50
225 230
104 174
97 49
149 89
71 101
51 184
129 224
145 105
139 48
101 213
135 219
41 124
97 51
5 45
81 230
164 204
97 75
86 139
163 169
35 49
43 157
123 245
19 30
40 53
17 195
110 47
155 149
157 75
182 102
63 24
207 104
23 133
188 23
63 168
97 54
160 39
154 131
219 249
31 161
235 138
151 55
154 232
10 177
196 202
67 180
28 160
46 10
162 147
186 46
90 192
193 42
165 107
231 104
245 114
51 113
49 234
79 39
54 243
20 122
76 95
162 59
149 61
225 54
112 149
143 107
115 53
240 68
99 141
209 43
191 16
230 20
155 65
210 8
90 11
187 199
23 40
43 150
157 167
32 217
218 74
101 2
184 215
243 139
91 168
179 213
125 8
50 210
80 201
74 29
51 52
129 217
208 143
226 195
159 211
128 190
27 31
52 163
153 155
229 197
137 37
235 222
28 48
224 170
190 240
120 141
9 32
236 42
180 83
215 152
144 177
104 177
211 217
177 55
86 14
98 178
123 230
131 6
101 73
99 1
215 78
249 197
112 115
127 68
118 155
44 158
65 182
219 180
57 134
229 88
250 201
226 190
226 131
124 121
121 178
117 72
2 118
202 231
213 91
219 1
95 7
75 194
112 14
25 26
1 74
153 160
73 30
213 194
40 210
250 119
144 65
250 62
129 249
187 158
209 52
66 225
17 103
48 100
181 211
231 150
200 219
9 97
140 229
31 229
14 7
247 237
199 28
217 6
60 26
190 159
198 50
132 136
217 78
116 24
100 105
68 200
99 58
12 116
218 215
27 204
119 12
216 2
46 248
147 106
141 218
159 226
177 44
137 49
104 204
229 71
20 156
10 85
60 84
24 218
65 219
19 77
25 226
217 189
89 46
29 49
49 100
232 76
228 55
99 108
84 40
243 194
51 22
171 197
208 230
71 137
43 149
153 78
80 245
250 111
95 238
100 45
167 138
50 16
58 240
124 73
129 230
101 40
230 200
228 61
72 125
169 81
39 55
213 70
1 67
184 55
207 204
41 209
38 188
90 37
47 225
14 30
131 111
99 153
53 200
201 168
228 189
221 250
2 122
121 101
194 54
59 189
131 77
63 238
245 240
138 196
110 12
226 109
108 25
106 15
90 80
52 4
149 134
185 85
90 227
140 174
157 165
167 242
40 232
19 39
201 120
228 32
234 93
15 227
133 182
148 67
239 113
114 83
91 95
41 15
208 38
223 160
70 138
187 39
153 83
8 246
164 229
164 174
194 137
2 236
212 179
95 124
164 126
184 188
81 2
59 206
22 198
147 101
70 141
132 246
79 187
49 231
45 158
177 166
176 162
15 201
113 189
179 244
80 137
143 90
155 162
217 98
190 141
31 147
196 45
200 57
77 222
52 214
241 35
49 104
191 178
110 53
234 229
17 197
220 70
112 207
183 136
137 44
148 44
20 70
95 127
82 29
223 51
19 113
242 93
143 184
169 231
23 246
127 173
48 128
123 18
50 206
33 246
53 241
99 145
221 138
54 22
65 184
76 195
204 115
239 187
40 186
160 94
31 128
227 16
128 248
89 75
105 17
160 6
225 82
64 9
14 63
5 176
231 181
190 242
59 210
64 105
84 111
167 152
227 136
243 141
124 33
164 209
161 73
83 87
133 55
120 108
48 221
245 100
114 46
129 87
177 134
140 188
151 110
132 84
14 113
117 145
105 111
250 28
243 111
235 158
144 241
111 150
94 185
202 206
136 68
113 168
214 146
233 60
128 104
52 195
118 22
80 109
230 86
3 21
134 165
195 23
176 71
118 36
219 28
77 249
247 218
171 80
134 56
182 152
45 86
226 247
47 146
180 1
13 128
82 70
216 156
149 192
200 231
1 207
183 239
104 166
187 228
132 171
10 204
250 189
165 39
91 197
125 61
110 147
147 123
155 41
177 242
221 238
207 85
17 158
156 129
220 170
205 147
116 69
2 133
138 154
7 235
47 11
219 5
234 36
90 97
133 32
228 216
4 199
87 86
70 58
156 56
26 36
120 74
182 31
104 110
197 182
56 13
211 182
173 234
106 169
101 244
193 171
21 236
72 57
139 155
78 248
116 221
18 6
84 207
4 1
163 35
62 28
85 74
31 44
102 192
87 110
81 165
70 67
206 178
33 238
249 228
133 106
148 189
82 148
41 20
139 245
1 230
8 108
165 138
242 249
41 130
133 225
187 4
72 1
74 83
126 93
43 37
47 51
228 28
181 160
250 171
247 241
182 115
197 11
45 53
117 233
87 98
85 117
141 228
75 127
65 247
112 100
33 51
164 109
203 245
99 17
19 46
125 74
155 222
100 230
91 239
53 202
111 164
81 69
33 70
143 123
131 29
182 110
228 48
137 52
174 93
101 128
109 49
54 169
113 123
176 91
172 139
87 141
31 51
107 62
15 210
134 207
50 15
71 218
95 42
2 143
92 212
115 195
101 116
163 168
166 196
110 133
224 127
1 23
194 174
151 49
81 65
124 233
43 50
22 122
245 176
81 227
221 107
214 185
237 86
54 111
60 201
182 163
76 181
71 90
135 193
222 217
212 239
91 127
153 135
60 70
59 54
89 169
42 153
213 159
151 74
56 49
161 230
230 3
72 169
122 53
105 178
1 213
85 123
237 163
183 192
23 37
101 42
132 2
155 113
188 218
203 219
1 83
12 176
126 113
121 6
195 30
215 228
107 181
186 55
226 208
232 192
187 132
112 200
236 68
11 59
105 89
111 121
242 183
142 166
79 74
77 10
14 62
244 117
250 227
230 112
130 38
223 68
121 9
200 15
214 31
233 93
182 214
237 63
249 34
157 147
149 229
126 234
204 193
157 163
85 76
173 168
63 89
25 3
145 124
61 113
201 182
138 62
245 213
32 159
102 240
91 177
241 151
200 236
235 64
47 171
180 148
75 203
156 44
139 189
119 198
161 97
10 22
67 157
5 204
185 31
233 77
232 247
4 221
59 222
83 116
11 243
86 11
220 143
226 155
43 146
181 216
45 55
80 96
122 196
178 118
110 239
8 198
25 198
100 116
234 160
60 113
185 8
60 195
58 241
109 66
11 237
75 71
102 221
93 217
246 13
21 75
96 95
213 182
61 248
68 32
140 112
101 22
105 157
150 116
134 159
242 194
99 83
91 184
126 216
14 54
237 84
213 171
219 54
166 194
74 134
221 95
215 137
123 250
6 129
85 48
168 81
56 240
57 51
69 89
213 163
11 74
71 250
237 128
72 216
118 99
148 94
249 139
48 63
91 226
14 22
11 206
13 232
40 6
150 217
39 100
13 1
218 1
117 48
228 53
118 47
157 241
175 101
213 134
107 80
224 94
224 95
147 63
102 21
111 184
138 19
76 207
145 73
180 127
131 3
66 22
133 187
76 247
153 133
163 26
229 239
182 223
131 67
28 102
114 58
208 30
78 134
188 44
85 15
176 90
150 246
234 90
109 189
153 176
189 45
68 156
197 228
163 80
182 2
58 148
109 1
13 120
53 141
229 165
118 216
12 57
83 73
113 136
56 12
16 51
1 5
142 5
57 173
73 13
84 108
77 197
208 224
220 193
162 61
240 97
127 201
41 116
179 16
138 119
57 242
29 118
130 52
213 175
180 212
196 174
133 170
164 72
93 197
79 49
239 171
221 239
17 248
212 10
97 132
42 7
8 142
86 50
138 231
106 93
130 54
26 46
52 118
220 245
43 164
133 210
183 65
198 98
170 188
75 41
100 42
247 137
195 230
24 229
77 154
92 107
12 219
250 108
238 37
172 152
49 17
215 48
69 65
24 16
39 119
40 92
227 43
46 232
60 167
157 10
112 95
49 175
50 22
200 176
171 96
63 125
218 93
51 92
4 8
203 180
229 139
14 219
19 167
142 39
124 138
33 117
60 32
239 129
21 80
49 191
95 17
133 244
234 17
200 11
40 3
68 133
119 13
230 158
112 195
150 64
149 92
222 240
71 20
196 74
37 70
74 17
71 211
161 7
168 110
174 136
187 15
114 201
170 186
50 7
205 227
19 232
202 144
139 239
13 116
127 217
43 162
50 75
121 245
155 146
71 125
115 220
212 206
1 169
166 12
6 193
97 239
14 78
150 99
200 186
90 188
228 163
62 109
75 51
161 192
112 89
110 153
88 101
140 114
114 184
132 181
88 137
28 65
223 80
49 80
114 176
52 147
64 75
168 244
31 19
124 49
122 241
39 125
56 191
229 172
153 64
139 144
187 153
157 192
73 168
89 110
174 64
135 43
40 114
178 131
239 101
9 11
83 198
57 146
109 196
232 221
245 175
63 3
168 210
130 160
137 15
238 58
164 104
150 196
238 181
81 216
91 158
178 86
214 70
92 147
239 1
80 71
12 138
89 159
23 234
221 208
44 33
196 26
205 242
203 232
186 52
94 161
21 95
169 55
216 37
185 195
31 245
43 25
208 150
180 186
191 155
49 12
210 166
217 233
105 101
209 131
20 123
61 30
36 206
194 86
79 30
82 39
95 165
226 18
44 147
145 107
85 75
113 80
7 60
229 124
127 212
70 196
31 246
117 77
211 102
75 170
33 210
250 61
147 107
30 104
1 103
158 198
20 197
68 214
27 230
36 219
81 9
114 106
80 4
137 175
207 185
124 139
151 246
161 70
214 222
123 175
16 119
35 203
161 82
69 233
124 207
58 80
76 139
53 208
38 62
201 20
187 147
16 177
12 45
119 156
12 32
45 119
147 248
80 105
57 24
156 234
129 105
44 230
108 3
77 211
53 176
174 158
107 137
4 91
105 67
35 76
123 248
92 166
71 54
231 154
78 185
156 61
186 229
139 18
173 90
174 127
137 87
91 92
207 46
158 21
190 98
34 113
193 226
128 87
46 71
24 242
138 126
72 16
120 123
100 172
69 231
219 22
114 118
236 63
180 73
49 154
111 74
116 171
59 219
91 31
27 40
218 186
107 166
223 134
94 75
199 44
136 50
173 215
99 125
34 10
65 150
76 117
37 59
119 124
129 184
158 88
23 78
52 79
22 34
210 149
99 192
187 72
144 227
140 157
48 52
245 87
4 170
6 216
24 216
6 55
82 3
170 5
231 195
158 139
136 163
181 156
174 54
131 219
226 222
162 209
106 85
188 4
190 204
185 73
3 85
188 103
161 93
54 84
238 228
171 179
29 245
162 223
194 104
145 141
42 119
47 209
31 57
244 196
238 3
39 211
180 100
132 34
199 45
56 206
190 234
2 248
44 146
6 210
221 105
149 144
10 151
149 44
71 248
181 229
204 170
192 28
33 65
161 191
223 34
137 159
183 74
117 186
1 125
97 17
214 247
13 11
220 22
77 115
200 61
179 131
113 195
249 8
232 164
162 114
101 97
122 54
163 97
229 228
157 244
15 140
247 87
182 39
15 199
112 29
25 182
233 103
209 247
119 132
223 47
27 181
84 205
238 183
65 229
72 18
24 243
184 220
121 65
204 23
134 17
192 49
216 75
130 219
41 249
185 205
163 78
42 49
81 19
31 61
197 7
214 95
162 79
248 24
202 199
172 32
65 32
108 246
136 129
129 31
25 141
216 183
106 88
41 84
118 117
54 226
240 151
165 200
122 77
207 219
197 179
118 51
104 243
97 193
205 43
121 134
106 250
129 163
38 102
66 49
108 70
246 95
96 227
187 33
59 190
89 172
19 15
70 134
49 31
64 226
64 132
237 47
249 25
19 91
108 60
243 42
72 132
186 35
239 205
229 128
239 117
5 135
160 192
118 62
107 115
178 102
93 25
88 191
156 235
165 85
14 218
54 104
196 16
40 136
90 136
140 159
139 32
52 43
13 24
243 142
118 202
33 59
21 10
105 106
106 49
102 208
58 250
92 146
242 8
72 208
52 57
97 1
103 219
217 70
37 163
169 69
122 35
20 38
94 114
188 22
81 207
242 209
38 211
160 54
10 23
100 1
29 183
118 78
62 78
4 33
159 247
135 121
230 229
229 159
143 159
19 92
204 138
107 184
174 166
208 190
245 104
38 35
42 149
211 131
117 34
29 142
91 130
91 37
115 122
250 102
27 84
54 110
12 222
148 192
190 149
35 174
167 35
132 240
77 72
102 32
53 243
180 92
241 50
203 194
136 104
3 73
113 170
192 54
160 25
84 170
247 74
37 114
90 68
217 15
179 82
202 156
236 62
84 80
34 104
122 13
201 49
190 229
169 207
239 244
200 190
164 108
30 225
96 242
241 30
108 2
162 42
111 217
224 242
50 195
98 97
186 209
130 212
92 30
222 242
239 226
165 73
176 63
222 144
127 144
221 245
48 17
11 185
175 8
111 33
146 112
188 28
182 227
241 91
78 67
157 51
83 230
182 184
241 95
120 240
247 18
3 141
189 244
38 128
208 144
167 29
75 107
229 56
76 149
109 69
223 148
41 137
195 62
160 93
112 52
198 10
87 230
38 40
86 8
102 139
111 56
18 93
62 180
77 41
22 156
179 30
57 190
185 139
161 54
200 90
121 64
100 85
176 36
29 121
125 246
170 187
216 165
204 59
232 77
161 38
20 85
80 57
203 249
81 95
220 81
4 219
88 150
238 209
183 231
116 200
61 195
199 156
222 224
167 82
236 117
84 228
150 229
32 140
39 205
62 224
135 15
225 242
28 93
104 241
194 206
129 144
133 71
60 19
149 152
181 149
160 229
228 104
20 180
111 119
169 247
43 181
132 71
22 121
180 108
187 244
36 111
200 38
174 228
1 232
11 162
121 184
42 31
194 66
82 27
42 24
109 123
17 63
112 134
174 175
221 34
101 159
140 201
195 121
123 166
237 188
217 99
50 207
84 127
6 179
82 159
180 192
92 238
45 220
34 228
83 225
222 140
20 172
91 231
187 61
77 97
243 93
14 76
25 187
65 35
196 87
181 230
78 214
82 4
39 23
164 48
27 91
111 120
34 119
235 128
7 237
248 122
46 113
147 66
71 192
1 249
35 7
87 38
131 231
143 26
208 155
174 123
107 238
178 189
240 146
238 105
212 146
167 148
210 54
178 207
191 73
102 170
83 122
182 238
137 244
112 114
246 99
215 227
57 160
73 182
123 81
69 70
97 16
65 75
145 52
93 193
48 68
160 66
175 62
94 206
167 249
106 135
34 148
27 213
99 102
50 154
98 235
38 59
235 99
90 115
101 232
153 186
68 173
37 86
224 45
216 164
127 62
133 22
214 124
125 217
217 97
193 51
219 58
76 115
247 118
88 180
191 67
173 141
36 151
101 208
40 57
196 6
29 30
174 96
118 201
39 162
157 217
98 1
197 221
201 53
203 96
214 105
226 34
153 201
96 23
54 91
45 120
28 80
67 90
127 149
66 164
104 22
143 47
132 22
184 242
219 43
96 26
235 97
139 85
176 10
11 12
124 53
81 102
38 32
230 196
22 87
112 34
209 147
101 247
13 134
54 23
227 167
74 220
241 43
29 109
188 26
39 144
176 196
53 103
177 213
136 54
95 207
68 41
209 202
62 41
154 159
17 250
239 182
124 144
159 173
3 89
105 62
27 100
83 157
181 241
76 202
27 80
195 122
165 108
246 64
115 63
76 201
70 150
13 171
88 217
156 114
171 235
121 226
33 190
234 145
126 116
28 229
152 123
184 46
2 181
223 139
113 81
9 83
35 92
113 204
40 107
184 226
17 52
229 162
64 50
151 52
13 60
18 47
149 71
244 104
230 88
25 232
234 208
55 233
34 115
133 60
74 182
16 123
87 143
167 103
147 168
40 134
189 249
140 173
221 94
180 181
235 89
184 82
68 24
230 24
107 85
154 165
187 50
189 212
108 56
109 233
85 147
86 106
49 142
191 75
10 124
119 158
232 217
25 27
86 220
72 201
181 217
237 114
179 125
170 126
117 43
245 2
86 91
163 206
45 222
198 7
138 207
179 101
186 169
34 161
194 63
109 215
228 211
135 211
49 67
198 80
170 207
11 190
190 154
234 158
87 25
208 82
6 218
54 204
55 187
92 14
152 34
154 217
124 155
216 218
133 150
238 190
209 237
60 14
45 41
23 103
240 164
151 115
84 150
4 50
60 36
240 37
85 220
65 8
54 5
160 246
143 72
36 207
141 90
171 122
37 193
172 144
207 156
228 171
222 231
125 199
126 29
30 94
2 185
113 217
226 110
226 1
191 151
170 114
103 92
134 115
51 235
243 203
148 98
159 158
128 209
208 205
179 4
10 71
45 88
38 209
47 250
132 228
116 169
7 248
205 237
29 65
51 185
126 124
20 182
124 75
69 243
94 225
191 138
88 96
198 181
223 167
233 95
100 197
177 186
1 3
225 100
147 54
42 81
213 158
180 112
164 45
208 66
219 220
93 15
222 175
179 159
214 56
123 221
84 129
124 43
45 174
38 66
56 28
117 112
65 112
202 182
22 62
232 7
57 37
9 23
17 90
56 238
101 181
177 222
132 208
89 38
131 146
28 22
172 22
146 25
102 112
126 12
8 21
81 6
194 215
187 129
232 179
142 219
131 173
233 38
53 56
227 68
63 137
124 103
201 136
190 36
51 84
101 166
71 225
209 226
246 211
149 163
207 63
172 109
158 83
22 150
194 126
37 125
107 16
176 59
191 142
176 50
108 71
83 138
230 185
87 95
156 242
187 92
182 166
76 90
71 14
188 119
130 65
157 14
98 45
247 138
161 205
98 75
190 31
97 157
189 154
58 43
6 77
182 21
138 209
83 190
208 189
132 212
31 224
68 243
203 130
122 247
47 134
236 70
141 100
142 84
107 44
16 185
62 16
47 6
9 73
132 125
13 15
127 77
214 171
162 220
130 45
122 19
48 45
181 240
236 229
184 139
70 17
139 244
41 241
236 13
225 6
135 126
188 222
236 185
34 106
155 140
95 74
104 101
240 22
163 53
94 162
2 142
235 96
66 178
247 168
159 188
30 130
227 192
141 20
2 189
147 68
130 192
96 164
198 153
80 55
37 104
180 80
237 66
150 29
23 174
100 34
170 125
218 41
249 98
82 105
31 29
106 192
28 57
123 92
46 165
138 199
225 232
14 247
131 141
59 101
36 240
49 188
202 34
177 218
102 4
91 204
190 143
228 184
72 28
145 172
24 195
62 126
168 10
197 181
168 1
195 166
25 201
214 202
94 213
19 23
76 50
112 219
223 154
209 78
9 20
42 157
248 186
116 165
40 231
17 162
40 83
49 217
144 14
188 231
134 29
160 204
57 91
212 187
211 128
214 127
2 210
148 103
189 75
203 106
219 213
232 236
98 39
79 86
188 74
227 132
32 136
45 234
182 93
218 58
165 182
210 74
59 141
38 229
82 9
128 240
203 11
23 197
79 186
6 150
19 40
199 120
65 7
132 143
113 17
219 116
125 173
30 238
222 191
96 173
128 86
104 93
205 105
133 135
139 64
195 106
96 206
200 103
106 189
47 187
21 184
178 187
153 173
98 111
109 139
60 138
94 106
210 105
55 178
63 158
99 213
91 198
9 179
186 223
177 240
248 202
39 18
115 237
32 30
87 242
167 155
133 250
238 102
201 163
16 105
246 28
66 191
159 166
4 124
92 139
90 32
30 20
88 8
213 150
164 202
198 220
92 67
248 109
120 159
169 21
225 130
67 55
219 183
76 84
231 29
172 244
53 117
143 173
2 43
47 73
192 204
183 118
38 199
229 110
89 103
37 2
58 201
63 86
93 52
158 126
191 114
162 139
139 222
32 11
49 140
161 183
149 217
26 134
166 100
97 43
182 54
14 239
40 199
198 162
64 57
204 194
196 221
141 47
6 147
249 93
38 212
153 162
79 94
142 134
237 206
10 217
174 242
190 90
68 103
144 153
34 137
91 90
136 232
18 98
153 90
178 53
183 69
4 211
234 50
99 216
212 83
220 27
230 194
212 46
119 120
51 6
117 135
53 2
83 37
123 40
244 166
27 110
220 13
49 57
173 112
152 95
5 179
148 249
232 131
248 42
216 226
48 98
66 248
173 101
81 127
74 15
228 60
177 246
103 47
23 150
148 49
86 93
81 25
56 207
165 148
221 173
215 35
204 106
154 248
156 28
115 162
138 50
66 228
191 145
56 184
180 106
238 147
137 5
134 226
141 167
122 124
48 33
13 235
11 179
90 89
120 73
38 83
81 58
173 235
148 234
138 30
133 132
163 72
143 112
34 3
105 137
13 163
146 68
121 94
37 203
165 246
1 79
177 72
40 241
177 231
191 190
8 77
133 134
116 117
116 230
24 212
171 146
22 94
52 211
51 177
162 110
217 9
159 181
31 21
189 230
23 221
235 152
195 88
96 87
59 244
221 118
187 171
163 223
16 197
43 218
76 59
137 16
240 139
104 249
27 219
15 42
137 30
97 151
17 227
109 216
37 124
72 35
40 10
141 129
69 40
32 201
63 55
43 245
55 154
119 208
191 72
127 22
156 167
232 37
197 124
5 18
60 50
137 121
34 11
160 107
118 188
89 88
128 125
46 249
76 240
134 164
114 230
232 104
37 102
42 91
242 233
17 218
222 61
113 4
203 74
228 13
151 235
54 145
221 110
203 102
211 180
11 170
32 50
127 215
203 119
125 184
85 156
74 216
161 185
72 131
139 193
233 239
10 150
87 209
215 61
169 243
149 240
203 167
205 154
71 148
195 6
240 14
150 110
207 8
157 21
40 176
241 149
105 176
31 240
246 224
108 34
237 198
245 194
220 124
210 45
42 4
113 211
130 33
241 28
190 156
193 67
170 111
82 76
111 48
114 210
79 191
242 44
87 219
32 47
136 112
36 159
16 222
194 154
155 129
246 242
89 197
29 223
70 18
133 181
187 237
76 180
136 131
50 38
78 242
141 37
13 87
18 14
55 1
250 176
31 216
47 216
117 54
23 11
100 216
66 94
112 225
213 76
39 146
14 192
51 241
218 95
60 4
152 14
23 46
214 228
17 191
10 172
80 159
156 185
35 145
29 237
148 6
193 239
57 6
31 192
153 138
167 149
183 217
79 130
148 210
137 171
227 139
65 149
115 250
234 61
216 234
238 75
94 177
60 217
140 7
151 199
224 104
229 47
207 106
17 110
3 153
43 109
179 35
130 199
19 151
69 238
83 112
60 244
179 214
180 35
58 244
87 236
207 162
59 178
26 197
34 66
77 82
145 58
90 240
133 202
201 38
65 101
81 186
199 1
49 172
2 230
156 16
249 201
107 141
165 184
231 74
222 76
190 28
230 142
243 241
111 25
55 7
65 244
103 145
191 43
204 65
233 220
217 180
189 121
201 232
152 224
237 197
191 68
29 100
245 127
185 165
55 250
164 102
82 85
133 226
114 129
85 215
126 133
116 113
213 58
129 234
60 180
22 89
99 48
116 93
171 124
55 66
233 37
243 153
239 188
50 81
35 105
145 233
148 69
146 59
115 18
2 136
54 67
167 30
33 156
92 122
80 18
188 86
216 227
234 198
3 244
196 47
128 82
121 185
74 200
38 116
94 53
188 77
170 166
190 220
48 223
82 180
233 248
68 30
71 128
193 78
130 64
78 150
241 250
192 242
172 211
57 116
75 153
21 232
6 192
69 198
40 11
39 139
208 14
54 141
146 6
237 119
15 69
111 114
234 183
58 77
10 169
26 233
116 217
69 167
99 208
182 11
19 120
176 135
180 105
49 240
125 210
122 227
149 131
61 235
117 35
130 131
18 57
40 95
47 246
168 60
78 26
248 55
77 203
18 177
3 222
21 185
226 236
201 101
5 94
235 77
230 168
236 214
244 113
4 232
81 92
187 250
90 248
247 29
103 8
218 30
94 86
143 10
145 47
64 164
152 250
10 9
114 186
95 194
116 66
84 64
178 79
10 138
123 24
139 47
25 225
71 52
2 121
198 14
246 61
48 122
23 13
24 37
55 37
242 142
73 96
100 223
213 10
60 163
152 30
59 46
45 203
204 33
45 110
169 166
167 112
9 198
235 233
109 55
40 178
202 222
142 72
118 53
146 106
73 127
36 116
132 113
152 241
227 185
21 174
246 203
42 216
240 6
234 150
50 101
211 93
156 159
9 34
102 45
11 79
34 163
175 232
6 108
170 41
219 33
47 151
247 171
142 218
39 5
134 111
84 160
80 183
224 209
230 111
42 6
226 244
30 33
198 235
57 170
20 193
80 121
155 168
130 96
248 82
159 187
20 83
17 166
94 101
122 148
117 201
204 7
145 138
194 237
205 49
199 95
42 134
238 23
152 240
181 75
140 29
224 178
171 33
14 137
38 42
125 121
222 166
235 241
120 114
220 37
74 42
102 204
2 222
127 72
209 24
238 127
44 167
69 97
123 146
93 109
203 160
139 50
231 35
178 149
179 79
146 205
242 70
110 50
50 150
81 213
110 218
188 212
243 76
125 141
10 228
69 248
241 8
10 15
85 34
75 201
38 86
27 71
45 13
146 197
69 114
187 148
2 39
176 110
111 125
200 127
122 151
222 127
26 80
224 11
212 39
234 163
80 131
227 8
30 207
196 127
198 180
27 2
166 111
35 63
197 238
178 139
201 244
6 126
243 234
200 167
137 35
161 5
50 192
226 92
155 115
18 124
122 145
181 189
114 98
170 35
231 161
114 136
117 187
184 204
142 123
5 92
124 232
110 52
244 249
62 84
135 214
73 162
35 87
155 51
107 249
217 114
212 121
107 122
135 69
188 196
129 69
96 106
192 61
13 207
43 184
240 77
125 85
44 224
93 156
120 121
125 245
36 144
116 39
164 68
154 86
229 109
99 159
6 110
132 209
185 55
49 25
164 75
26 151
238 206
77 167
15 152
161 209
245 78
180 175
110 74
6 145
247 112
119 53
62 104
130 164
146 64
185 228
189 215
7 22
105 37
232 51
5 149
65 46
167 83
140 23
228 54
164 179
248 135
173 147
179 61
207 224
221 127
156 57
9 100
41 204
76 185
33 240
61 157
100 129
233 136
195 51
250 161
68 241
75 42
89 102
24 129
153 41
108 59
117 154
44 50
102 196
113 236
69 247
81 217
57 75
178 151
52 241
98 222
29 149
179 124
26 22
39 10
54 9
240 213
8 205
225 103
214 244
206 88
170 222
152 217
113 63
23 205
20 75
150 42
114 226
202 79
216 84
32 91
144 79
39 92
53 214
84 68
99 33
229 118
82 190
134 11
43 244
46 194
237 174
158 11
233 228
53 186
147 244
66 155
139 3
40 182
51 129
171 3
115 245
87 177
196 124
74 145
87 93
167 124
62 52
159 176
92 170
64 156
134 129
100 109
2 146
37 52
8 155
50 201
28 109
60 43
112 208
97 11
205 202
129 10
138 158
239 235
8 60
203 98
44 176
108 19
219 122
113 44
46 144
177 11
74 115
108 105
158 172
157 12
35 154
181 183
78 222
57 42
95 132
78 210
238 113
63 243
206 63
118 113
155 173
23 69
123 58
168 160
30 196
119 46
76 132
72 140
247 44
221 42
34 94
179 15
81 144
34 72
59 179
108 230
31 103
128 20
58 232
185 175
227 45
136 110
193 219
154 6
196 20
38 99
91 72
171 152
79 247
20 216
102 185
108 190
67 39
91 13
3 102
100 211
133 223
52 120
75 244
218 123
216 172
60 59
242 150
200 158
212 194
156 116
26 43
74 228
90 57
210 238
219 17
93 79
11 187
46 120
145 161
160 3
197 157
55 196
222 239
145 184
70 24
187 64
139 215
175 24
21 247
59 113
132 77
14 114
18 201
182 91
86 161
78 65
180 155
71 154
168 43
205 131
179 157
56 105
143 249
235 114
18 55
196 223
111 232
35 221
165 153
153 111
168 192
96 125
119 30
49 3
149 103
120 77
202 210
211 225
211 65
185 239
226 234
109 105
160 127
134 95
9 13
113 198
157 161
211 152
65 14
4 167
74 227
13 227
8 92
219 98
61 18
70 101
216 189
87 246
226 107
161 232
141 15
66 30
100 210
137 219
199 168
63 41
28 178
68 168
83 141
181 47
62 167
115 37
225 149
201 61
15 98
169 229
135 227
23 6
3 190
25 127
114 90
159 237
242 30
196 213
149 98
78 74
228 47
131 56
211 144
152 74
5 183
160 141
246 179
173 174
79 14
185 83
59 129
131 7
238 31
208 196
35 143
226 24
184 38
235 165
225 193
119 211
25 29
36 148
109 117
175 102
127 194
136 105
28 126
36 155
231 53
188 208
198 73
197 244
162 103
197 204
237 183
193 249
150 48
66 121
18 116
95 234
28 76
25 222
199 134
78 173
123 110
50 82
188 177
103 207
67 125
154 125
192 104
13 4
149 106
67 237
21 134
250 121
66 181
157 145
211 143
186 111
189 18
119 122
81 205
26 135
159 2
124 231
245 217
100 32
95 180
142 70
80 167
48 198
73 99
61 188
194 30
184 159
95 170
45 209
4 202
75 218
119 115
78 45
174 193
121 150
95 154
123 237
199 245
101 184
46 7
171 170
56 228
133 13
2 56
202 158
84 14
182 13
234 94
210 132
35 245
227 97
97 95
228 4
117 60
199 208
89 81
208 160
110 222
193 106
64 227
209 184
233 98
236 24
206 32
231 223
149 119
140 11
163 92
139 246
85 37
14 193
229 183
95 232
146 169
239 11
55 204
243 156
18 237
57 203
161 115
80 8
206 43
13 248
229 79
114 2
29 78
188 8
64 215
61 13
98 51
145 194
227 184
230 124
225 217
61 175
56 119
67 206
87 183
160 11
152 109
244 142
98 33
72 71
47 90
21 241
121 219
93 45
234 7
93 125
29 180
194 116
86 212
129 160
242 145
148 158
186 227
194 38
89 218
17 61
66 223
62 100
90 214
147 74
160 22
8 115
224 150
234 110
216 153
176 224
183 171
210 61
249 177
110 41
68 226
24 71
109 122
140 154
15 183
36 186
243 132
189 41
34 77
18 206
203 33
116 92
68 33
7 227
146 107
168 74
111 192
59 236
232 146
182 190
22 145
123 7
199 50
106 178
13 85
139 177
11 78
120 169
170 153
196 232
48 101
82 153
114 116
245 216
102 118
173 60
212 152
18 241
199 234
5 7
211 55
235 55
29 220
97 142
144 183
131 220
89 162
101 62
233 238
52 25
230 14
158 92
205 32
123 190
72 109
31 97
248 102
248 110
167 40
247 123
21 179
155 157
196 48
170 231
31 223
207 231
201 81
65 91
109 75
74 5
73 239
234 231
194 142
163 128
27 189
131 48
103 152
221 43
178 144
160 161
188 117
132 58
62 66
185 115
31 120
33 20
52 201
247 213
85 186
181 86
218 91
116 243
194 18
41 113
41 208
31 160
17 22
183 225
145 86
171 236
222 64
174 241
28 208
81 111
26 91
200 20
143 76
191 45
107 168
211 140
159 113
140 240
148 172
209 216
185 86
53 165
151 224
6 152
12 235
30 151
151 146
228 180
98 151
230 105
97 79
80 142
216 58
67 114
202 69
187 192
111 176
244 205
218 116
36 86
91 209
79 108
92 47
120 8
182 220
244 111
60 153
246 104
192 35
173 232
202 245
88 19
172 185
157 38
193 238
87 31
193 21
247 59
152 5
227 236
79 20
14 214
49 16
152 73
105 179
215 73
191 34
189 16
113 158
179 49
193 170
184 136
225 164
126 201
229 48
221 83
192 176
34 71
189 89
53 225
176 216
238 152
221 33
221 76
236 91
242 211
47 36
234 54
180 7
19 188
155 16
2 184
65 23
220 92
131 57
69 18
104 158
29 47
183 41
126 110
107 163
156 27
176 181
17 60
80 239
76 96
24 81
232 234
175 162
22 229
135 74
152 226
34 183
2 113
138 229
212 171
150 218
175 210
121 161
208 219
200 70
195 9
32 185
100 148
170 12
20 108
141 189
124 198
52 74
235 220
101 26
197 87
243 200
45 208
228 20
149 250
47 86
137 153
110 67
44 62
4 193
211 241
80 178
40 218
158 192
250 181
62 59
174 244
70 249
33 12
126 2
234 194
222 46
181 74
70 90
174 222
240 110
173 187
80 221
6 246
128 230
239 20
126 106
198 87
70 212
217 191
184 105
4 19
231 182
231 249
170 178
47 69
108 39
52 232
42 202
52 89
74 63
143 100
224 177
73 207
43 114
93 31
237 100
217 238
194 123
163 240
44 232
188 240
236 183
128 139
30 206
222 148
13 242
139 116
221 103
131 229
158 229
131 182
197 99
173 169
183 62
78 129
175 170
115 136
214 217
158 111
35 40
188 191
209 146
178 137
41 97
226 249
186 240
136 11
62 222
183 212
231 146
240 219
56 154
121 82
8 173
234 65
224 22
122 15
20 6
137 8
96 13
25 17
84 144
93 165
55 138
38 246
49 245
189 92
165 191
128 105
200 92
61 168
102 218
207 37
48 157
171 201
85 29
113 150
87 188
30 176
104 120
172 1
190 38
7 188
221 128
12 99
147 174
146 162
174 236
234 162
48 138
45 171
174 29
7 199
133 129
80 224
226 31
209 248
125 140
20 133
28 53
108 74
150 103
238 47
192 188
99 128
81 44
85 171
114 77
63 124
174 100
150 227
61 116
26 45
138 61
235 83
91 154
203 46
96 104
95 240
132 31
153 6
41 121
19 176
30 53
153 33
173 129
219 37
84 10
194 16
53 123
96 144
85 230
46 225
22 83
50 73
146 199
196 93
235 208
138 236
28 36
209 23
172 173
195 184
196 180
97 218
225 36
238 177
25 224
95 122
93 138
19 129
80 129
87 154
75 159
70 49
152 16
51 21
157 101
139 147
166 207
209 217
121 116
28 198
48 14
231 15
72 89
137 132
40 71
14 107
27 130
184 126
168 53
75 22
71 213
183 230
13 150
36 16
242 59
34 92
149 169
169 36
156 77
188 78
203 7
124 208
186 10
61 176
228 6
20 40
212 149
225 17
147 177
164 186
58 108
32 42
181 55
108 119
123 192
138 95
201 197
50 223
107 187
100 202
215 96
61 231
172 200
68 205
91 191
228 226
53 174
89 229
7 130
109 68
220 199
242 22
25 193
234 155
225 179
215 165
194 164
238 112
246 237
216 240
82 241
233 198
81 219
173 148
55 10
154 161
239 104
126 181
175 117
16 79
159 171
209 76
131 193
82 131
79 156
112 27
69 187
134 174
110 114
41 114
163 58
128 160
227 106
199 196
11 235
178 3
62 93
130 88
33 186
147 100
50 164
109 228
201 203
197 113
160 44
24 155
52 158
173 19
131 241
145 241
234 84
131 157
10 184
80 130
191 11
23 210
244 10
118 79
5 196
75 99
105 102
226 46
140 187
189 213
105 41
46 157
131 243
175 17
33 86
222 229
33 142
143 148
21 205
201 106
164 60
132 93
196 197
18 36
166 25
217 241
164 237
3 213
55 132
79 99
22 48
98 119
27 38
77 175
125 229
206 2
68 153
138 40
189 193
88 100
63 37
84 6
242 62
33 162
73 59
206 204
235 59
178 100
29 239
199 20
69 1
122 157
36 142
47 98
247 61
175 196
55 104
123 51
180 9
59 57
10 249
25 235
205 192
129 237
186 63
117 200
24 215
110 65
205 217
35 68
236 245
149 75
6 245
6 88
178 30
91 125
169 155
129 215
230 154
20 65
228 236
172 223
27 76
203 215
107 244
173 84
131 78
225 220
166 116
242 12
63 56
152 19
47 56
149 215
40 229
206 247
6 223
186 6
209 174
227 238
212 126
19 29
129 221
124 248
6 71
83 33
162 227
211 14
210 42
182 149
38 221
204 130
63 233
148 2
152 173
226 227
11 192
28 146
204 93
211 213
224 240
238 196
138 118
177 77
60 34
205 95
23 193
186 73
166 163
4 229
215 196
40 9
211 8
43 248
1 222
195 137
72 172
145 219
179 128
246 24
131 159
159 41
194 31
150 82
237 229
219 38
246 65
91 29
45 115
185 69
140 106
241 170
180 102
199 22
71 11
175 53
152 101
27 208
107 5
209 197
46 139
16 217
18 240
140 191
105 124
12 80
133 171
124 97
67 126
202 102
242 113
104 82
63 209
183 20
46 161
113 75
50 68
63 111
82 16
233 83
78 198
160 224
211 222
226 180
178 62
64 17
139 44
143 232
31 1
85 98
205 113
97 144
210 159
89 214
2 217
155 56
155 163
165 25
9 150
5 202
47 142
233 138
235 42
180 218
204 95
218 196
54 63
125 88
96 179
63 91
234 102
248 31
214 4
200 148
170 55
46 142
228 26
185 212
228 247
29 139
221 15
33 155
239 201
74 8
172 71
242 178
184 70
28 248
33 225
194 53
210 69
77 79
9 18
19 52
67 145
39 111
14 215
42 69
41 64
181 52
88 234
246 186
238 202
30 72
240 183
125 171
48 151
12 124
198 172
14 148
2 85
75 121
67 141
214 198
57 237
125 100
199 213
87 57
16 87
178 1
35 207
105 12
170 70
28 121
140 184
194 62
59 1
224 189
167 57
176 122
206 203
76 210
19 145
27 193
217 124
168 83
86 58
120 66
126 30
137 3
5 41
145 101
70 211
107 189
249 135
39 236
194 168
174 247
204 15
47 102
222 93
248 63
24 92
39 237
47 63
19 27
153 88
43 214
225 34
232 138
17 176
247 86
194 57
230 217
46 209
128 158
4 89
247 55
4 132
188 236
62 120
42 233
137 176
40 195
104 198
245 157
74 246
32 95
122 64
166 54
176 214
119 147
160 197
205 214
119 151
52 16
76 99
239 76
211 229
97 139
112 43
20 219
138 112
228 204
154 167
57 108
63 130
124 226
248 195
84 116
134 99
238 97
108 9
174 145
181 5
212 122
160 143
20 162
180 159
26 99
122 185
101 241
49 127
83 234
100 54
228 130
51 119
94 112
150 151
5 49
208 231
102 166
134 64
250 232
42 230
23 200
103 61
87 130
87 123
29 75
41 188
249 21
41 99
95 99
224 188
146 108
47 119
248 140
122 21
43 169
189 160
144 64
164 28
22 49
11 186
57 35
93 110
16 141
213 29
183 88
67 19
171 19
246 20
5 243
107 172
240 94
86 64
109 232
151 73
86 150
232 195
103 177
249 100
167 56
45 83
16 91
99 198
144 18
131 35
44 2
244 211
89 76
127 100
201 48
189 203
138 6
148 115
157 216
152 69
108 13
82 213
197 144
160 196
249 99
188 198
6 87
102 111
95 14
154 32
250 103
199 107
164 95
230 244
15 242
82 13
57 20
181 39
15 79
199 172
151 9
232 82
73 46
79 150
118 46
247 1
220 186
65 98
18 62
117 97
85 6
241 14
213 84
10 139
164 103
29 11
118 217
214 129
182 215
116 141
55 214
104 23
166 211
172 46
210 235
125 166
152 24
167 210
145 114
206 217
69 125
110 9
139 19
44 238
141 166
84 28
26 63
18 183
93 173
82 250
162 31
62 132
204 2
20 150
87 65
87 135
33 95
181 88
25 110
209 240
244 212
167 45
201 240
158 227
153 45
246 80
82 158
62 185
240 239
61 43
99 207
210 170
120 130
177 98
133 86
79 53
84 70
212 116
147 126
65 158
152 92
81 106
210 161
198 16
186 234
109 195
189 192
61 147
232 238
124 245
131 69
99 62
248 67
39 243
21 70
7 205
168 57
41 195
144 54
110 83
215 174
195 189
217 248
134 217
181 112
86 241
245 101
79 6
27 247
245 74
39 49
193 181
233 84
82 45
13 181
6 230
86 170
158 25
47 22
229 60
121 227
119 157
135 172
124 130
217 120
27 41
104 221
175 136
62 149
106 124
190 74
95 219
63 171
175 15
224 86
244 146
156 149
225 214
221 26
69 76
242 210
157 44
127 27
183 199
98 115
174 19
189 78
4 93
68 99
200 63
186 172
48 47
172 128
78 187
98 90
243 4
229 130
120 175
16 14
99 132
191 32
167 75
225 154
103 109
11 70
157 195
16 121
10 216
17 241
167 71
154 174
151 157
211 79
2 109
148 214
196 167
2 240
168 198
152 85
196 91
205 220
233 225
101 109
23 60
179 187
104 213
2 57
26 211
61 124
73 87
86 152
224 110
69 150
88 161
46 235
110 163
227 2
122 131
133 227
19 208
28 168
33 114
201 110
113 129
108 104
89 36
249 250
88 196
203 65
27 173
200 222
204 63
120 222
20 88
45 173
26 223
82 140
44 93
165 64
75 88
193 146
46 37
220 208
200 105
217 231
222 70
147 247
220 72
148 135
66 245
120 107
197 187
232 187
218 168
236 101
161 76
98 176
78 234
179 27
49 243
159 103
237 110
42 186
57 141
167 235
110 88
163 181
76 196
146 127
105 91
117 219
154 160
129 194
134 190
248 250
241 25
238 205
249 50
103 35
11 28
178 166
138 92
121 59
134 3
23 229
128 117
13 250
213 43
80 149
192 76
124 213
136 83
131 240
95 128
106 224
145 222
120 99
7 66
226 5
55 155
72 49
215 53
177 108
14 190
116 112
210 111
173 198
224 165
46 97
112 141
112 164
250 211
217 14
48 161
123 204
48 165
245 140
241 33
180 26
10 54
129 89
26 93
103 116
84 200
87 10
233 143
89 97
223 108
245 186
57 29
82 87
76 153
205 121
42 245
246 196
87 53
136 228
238 150
213 117
172 196
56 234
217 132
73 184
228 172
89 19
1 22
49 206
120 59
172 235
111 248
149 153
132 114
61 160
177 89
239 181
89 116
34 247
216 13
46 121
193 52
153 178
56 181
229 161
130 51
202 228
72 156
209 215
164 245
109 36
123 124
239 204
197 239
179 119
167 42
24 124
33 52
139 143
10 92
38 166
239 137
105 63
188 3
152 113
231 14
17 217
239 128
9 232
227 243
147 131
233 85
72 40
57 76
68 211
219 186
184 60
12 46
247 153
209 71
30 145
89 25
83 69
201 12
118 66
182 205
224 115
192 201
245 47
29 181
201 5
230 115
193 125
248 92
200 108
57 114
234 25
50 13
35 107
51 226
69 160
155 102
13 10
155 219
231 225
158 81
77 36
181 169
235 244
8 66
63 69
244 56
208 184
241 2
219 150
139 111
182 34
246 11
124 195
188 100
242 206
85 178
156 7
168 166
29 84
180 87
181 48
214 1
128 2
12 179
84 15
106 127
236 165
19 223
139 218
50 63
42 158
143 199
108 118
53 217
196 15
11 46
129 195
48 190
11 213
97 232
56 243
196 28
248 157
135 88
206 42
191 90
116 176
46 167
117 18
216 80
157 32
236 47
235 162
180 114
79 61
3 231
76 71
93 235
245 126
207 175
18 195
232 32
90 131
204 191
61 50
191 48
54 153
152 236
187 146
44 8
163 137
21 246
4 135
24 205
49 207
91 201
156 143
68 166
11 219
153 235
170 121
198 207
7 82
229 219
161 9
109 14
243 64
236 142
77 22
116 131
92 150
46 136
113 30
67 38
90 139
202 58
114 219
220 196
50 67
225 37
207 192
140 87
98 248
46 2
228 148
33 41
96 60
224 220
182 19
142 130
28 205
201 108
158 196
77 193
146 27
241 199
171 94
144 194
11 87
182 14
166 214
5 106
151 72
194 193
124 100
82 36
222 208
75 200
90 41
187 16
147 210
2 201
27 134
224 111
62 207
237 102
173 186
118 92
72 83
72 93
234 12
242 37
202 101
16 41
119 167
161 135
19 53
37 192
135 57
178 6
159 191
203 211
182 111
209 153
98 160
89 106
95 63
240 130
12 92
213 232
33 119
83 134
65 140
15 165
184 181
220 211
249 18
118 111
131 192
235 129
71 221
120 176
220 42
154 19
105 23
179 162
30 245
77 78
229 5
96 246
89 34
51 45
47 100
129 165
9 246
81 142
212 173
103 131
142 113
127 190
220 173
130 165
94 237
201 158
202 153
89 187
187 122
81 88
238 189
244 160
197 74
69 158
62 176
201 141
56 153
19 71
108 97
77 20
179 116
242 46
243 126
134 35
41 30
159 194
95 66
52 219
219 91
191 41
104 6
49 135
73 222
84 208
238 98
215 168
105 21
13 223
149 171
222 91
126 162
112 191
14 140
45 72
134 126
183 249
150 235
245 15
61 142
173 190
180 233
67 233
114 240
109 199
202 124
195 39
113 65
247 177
133 241
204 78
113 193
15 76
101 234
242 56
248 131
63 81
2 215
218 175
174 195
234 24
9 132
21 6
145 50
146 118
86 103
22 78
61 146
35 209
81 157
209 21
122 57
173 160
114 163
148 73
212 5
173 179
204 165
149 34
22 25
148 144
145 166
124 47
12 249
198 197
37 69
104 43
13 79
124 2
190 112
20 48
151 206
240 70
108 35
58 84
241 85
127 246
140 230
238 204
41 106
190 148
239 54
85 218
203 97
110 148
93 36
43 225
9 158
126 84
176 211
156 164
167 162
77 146
204 229
46 96
245 10
80 247
220 118
194 85
81 23
89 206
234 11
207 100
149 81
114 205
141 187
249 6
220 240
113 196
211 35
250 245
215 11
147 241
180 237
27 26
146 233
246 122
120 9
160 34
198 144
13 6
141 212
112 41
95 172
114 243
72 204
190 42
11 183
112 105
107 195
43 171
233 174
17 220
50 85
32 18
217 1
169 112
132 185
214 51
34 59
27 233
250 122
80 32
73 228
92 21
186 167
139 188
94 6
127 195
235 212
205 149
20 176
7 133
157 186
8 223
111 148
204 8
200 104
135 165
181 11
165 208
95 169
40 139
128 232
35 20
162 19
10 190
241 233
68 62
168 15
160 77
41 21
98 21
52 39
52 217
183 140
17 146
74 34
54 39
36 98
37 239
19 90
24 31
242 155
113 121
12 128
133 177
241 109
67 138
174 190
146 85
176 249
55 11
160 194
27 162
72 115
141 164
10 86
99 127
143 94
74 199
183 158
133 234
12 168
241 9
208 238
38 140
89 155
193 234
130 31
113 1
224 131
18 151
216 21
242 188
155 236
34 83
117 4
139 216
73 119
62 182
35 173
155 161
102 197
208 89
41 168
146 96
242 60
87 106
205 125
46 115
133 45
72 173
231 248
151 116
169 17
189 151
106 29
114 211
105 52
82 138
215 158
189 118
92 85
139 83
108 63
109 48
148 132
68 189
181 207
214 201
31 125
249 150
12 237
92 205
227 87
144 74
153 85
204 159
106 196
159 86
101 160
163 178
168 115
77 244
154 64
191 40
140 192
103 100
131 10
152 115
8 152
79 44
18 53
214 200
232 219
241 88
147 17
159 208
174 120
44 200
93 127
109 176
42 33
2 162
176 46
189 222
25 33
237 217
24 45
188 37
49 33
125 139
172 147
187 26
151 136
226 145
216 235
239 103
25 123
60 169
67 159
29 77
39 17
168 193
159 47
163 127
53 136
84 99
204 120
61 207
191 60
3 27
55 139
48 203
100 186
189 117
181 77
199 119
65 30
93 46
28 49
213 235
49 237
184 157
90 149
80 9
63 229
99 89
240 92
214 231
10 67
247 179
123 199
102 190
214 218
231 176
32 178
150 109
28 45
244 14
150 203
162 25
175 166
106 109
77 26
192 185
67 179
4 14
110 40
2 138
239 38
69 209
122 73
192 228
137 2
19 147
87 71
35 101
51 23
21 159
56 232
148 124
111 29
184 147
225 210
27 145
164 224
140 151
249 154
147 169
146 186
88 74
133 231
179 241
112 172
86 175
15 213
35 28
155 84
59 230
220 6
38 169
185 81
227 114
237 149
173 231
230 176
93 201
189 167
27 16
14 67
151 89
86 213
221 5
245 60
124 200
113 93
206 189
159 83
38 71
202 23
239 49
53 91
158 89
50 2
207 202
5 209
89 104
207 232
53 121
87 147
105 1
169 234
39 69
147 69
232 216
94 59
72 158
61 68
243 233
236 125
76 160
61 130
59 153
247 220
128 3
213 28
35 228
54 1
212 186
238 192
201 74
150 30
126 203
145 127
100 190
34 214
141 247
202 247
106 234
85 104
188 55
182 84
206 95
244 19
22 169
79 126
193 74
40 237
123 139
166 35
164 175
42 139
249 102
181 93
56 43
214 75
16 171
193 112
158 39
186 62
158 15
54 227
174 135
19 59
209 105
237 60
21 243
129 28
123 210
206 102
96 29
161 102
231 125
199 171
88 80
152 40
14 135
185 133
184 58
64 225
152 191
186 65
250 104
108 69
175 197
114 161
180 184
149 18
82 84
30 197
45 232
169 33
240 75
106 64
25 190
198 131
193 18
45 118
216 223
13 90
1 124
177 86
93 210
38 250
100 144
202 226
131 228
86 244
220 187
49 149
34 134
239 225
194 120
135 139
161 123
203 128
52 244
188 32
22 249
45 237
234 185
219 224
2 32
126 226
13 20
169 165
229 107
133 117
76 64
241 4
146 30
120 22
126 144
235 6
170 61
180 204
102 76
75 161
21 120
223 16
30 99
201 130
109 42
234 8
24 39
129 193
161 165
87 20
164 168
110 108
50 30
192 150
64 12
103 195
13 138
215 114
209 119
18 104
3 44
203 222
86 114
11 27
165 18
31 98
49 116
104 59
173 118
208 6
192 3
5 230
139 103
187 241
228 213
49 76
238 5
156 150
176 29
81 226
87 223
221 14
47 99
143 116
167 87
234 202
42 159
89 233
123 26
162 148
129 79
51 29
19 54
242 41
7 44
20 47
137 19
75 142
250 76
133 24
105 92
180 71
244 130
223 149
67 69
105 223
146 237
170 27
15 113
219 127
37 122
67 47
171 32
100 191
230 201
243 85
237 235
186 105
160 200
82 247
42 209
22 245
151 87
23 55
221 199
7 38
91 192
6 36
187 7
212 240
14 118
250 134
64 124
211 10
147 55
136 109
176 8
215 156
210 121
11 26
233 205
47 94
47 186
223 215
115 141
226 206
21 177
99 78
139 146
89 141
71 26
189 232
159 87
80 250
239 61
211 118
242 3
245 249
31 67
47 130
231 23
145 201
114 6
158 208
49 247
32 25
1 35
178 48
145 163
31 163
87 239
39 96
227 25
250 60
58 71
31 70
46 215
52 115
127 118
47 107
156 171
23 28
44 216
45 151
49 213
147 166
57 225
27 126
32 113
69 13
211 40
154 227
196 17
139 159
136 146
83 188
91 141
146 86
117 171
20 18
121 84
171 40
246 120
149 123
6 124
162 122
134 58
35 165
235 37
197 67
223 233
71 227
103 223
32 179
60 101
159 149
170 28
129 171
193 71
61 171
216 238
87 54
49 123
175 124
123 48
104 186
66 138
54 50
189 79
74 173
161 112
234 127
68 71
244 40
67 15
216 246
182 183
105 235
119 79
204 42
21 136
250 180
28 221
55 34
158 209
101 174
215 248
79 225
54 131
48 176
176 70
201 19
152 144
43 92
212 42
98 53
98 7
248 58
207 71
26 24
136 224
149 55
64 16
57 78
51 138
8 70
146 181
168 50
206 141
155 172
100 120
112 184
157 54
140 60
42 37
201 7
172 52
65 166
95 162
51 144
20 72
232 94
108 38
213 183
30 191
109 21
111 132
49 53
84 19
168 59
82 173
149 138
56 6
126 220
246 157
200 111
32 219
7 118
209 196
54 64
250 98
92 16
203 84
231 90
222 124
128 9
52 18
149 27
240 211
185 123
210 97
84 89
39 235
225 11
139 35
22 244
179 137
136 187
30 184
205 246
22 148
66 16
106 148
174 72
15 193
114 80
140 103
62 218
216 188
111 188
203 113
215 120
153 139
22 137
58 10
114 125
193 72
49 102
61 108
122 112
186 107
154 24
234 197
159 112
2 74
221 31
19 240
231 111
28 145
14 249
233 10
2 193
130 126
20 24
26 113
5 147
217 26
174 162
142 172
45 21
68 97
107 55
224 4
187 191
88 243
109 110
26 227
198 154
158 97
89 174
79 174
49 208
54 121
135 162
56 193
153 131
218 148
207 67
208 32
212 164
50 70
120 6
242 50
90 207
10 93
131 106
158 141
196 25
18 148
24 202
4 201
186 50
11 69
161 246
125 143
41 2
64 58
186 242
81 204
80 127
127 150
54 142
207 113
18 236
175 109
102 75
218 190
71 22
41 31
77 129
193 9
130 213
177 66
162 215
84 241
131 62
68 126
193 105
220 117
79 127
37 31
209 178
202 68
25 180
23 244
116 44
147 111
205 236
106 198
211 75
120 213
241 182
120 132
26 172
159 196
248 184
38 98
223 229
221 206
238 71
31 18
209 212
189 187
202 19
84 230
178 195
181 206
15 6
69 137
76 194
53 180
233 158
171 192
116 227
50 147
214 111
22 181
84 34
158 175
203 31
124 209
147 36
50 91
120 47
151 91
138 151
52 213
104 99
46 134
175 14
93 121
5 171
103 185
121 190
202 183
206 91
9 157
3 168
115 240
134 68
181 190
41 185
246 34
241 193
43 99
132 74
102 247
100 75
25 223
227 220
182 32
59 28
241 1
214 168
174 137
75 174
43 20
109 227
237 166
184 221
213 41
38 119
149 227
175 209
22 232
128 40
7 244
102 55
71 177
33 32
200 50
124 54
25 80
34 196
34 166
229 93
238 26
159 94
18 29
79 141
33 222
124 113
4 15
148 11
141 204
48 81
90 103
210 237
44 76
114 96
147 20
28 184
208 201
227 118
173 202
186 119
61 137
24 86
92 186
190 129
14 158
162 93
217 95
189 126
112 39
132 134
22 115
71 162
15 205
128 65
178 136
213 95
48 200
1 21
210 120
176 188
160 45
195 228
192 167
216 208
67 247
40 175
11 229
204 17
83 129
32 233
220 218
136 216
52 155
147 223
238 198
119 9
201 243
80 141
172 190
63 212
232 172
244 81
62 56
231 1
47 117
152 193
168 19
188 81
115 153
26 48
219 201
167 144
180 70
81 5
218 159
116 226
33 22
46 102
117 172
94 212
139 220
218 13
204 131
47 148
89 227
212 124
47 114
247 10
124 86
186 125
128 250
54 229
52 99
129 88
94 181
75 166
25 220
221 111
118 195
73 65
98 5
248 245
51 36
188 197
244 91
41 152
156 195
227 225
142 187
58 161
188 84
4 145
151 6
111 215
104 223
54 191
231 155
107 236
51 54
215 28
166 243
231 66
52 36
20 236
24 153
134 60
235 121
40 118
147 104
86 141
154 85
206 38
168 240
54 49
113 139
91 164
175 249
52 13
82 6
192 15
193 231
113 62
150 28
161 148
47 112
122 18
42 217
200 66
151 92
198 117
70 197
53 59
87 142
81 183
61 27
228 150
204 154
79 132
159 230
127 50
53 189
129 119
172 35
120 181
137 70
96 31
175 115
97 107
91 194
199 200
236 195
101 220
159 130
19 130
201 112
144 68
244 121
207 118
80 47
136 42
167 68
121 10
50 217
101 216
130 193
57 171
219 70
233 213
27 17
167 209
90 235
201 221
70 2
178 70
6 44
49 92
5 242
13 168
47 60
62 33
50 128
153 4
181 34
7 8
195 94
172 230
213 184
141 11
212 118
185 210
79 101
201 109
124 58
94 182
119 41
224 27
20 50
205 223
155 90
131 194
130 78
10 89
91 61
68 102
100 238
43 33
203 99
240 66
204 73
202 181
74 33
3 236
250 155
36 117
204 201
9 196
245 184
202 112
210 206
181 100
1 116
221 237
129 170
146 50
31 40
31 62
166 73
228 118
2 123
2 202
73 32
69 234
21 96
27 199
169 88
56 35
66 3
165 120
92 52
49 64
116 90
110 62
167 140
219 182
238 199
189 93
234 242
43 238
4 9
221 211
87 237
234 75
222 161
109 94
179 40
206 72
29 141
150 136
20 95
176 239
42 68
214 230
245 81
245 142
194 158
163 172
6 48
228 15
60 223
245 189
67 204
216 243
134 5
137 170
88 139
160 75
58 211
148 119
78 137
171 28
212 11
228 69
4 25
93 215
189 179
111 61
185 91
3 133
126 76
58 104
16 65
37 231
17 54
191 220
200 31
81 147
245 45
210 208
9 3
149 147
214 49
100 217
80 214
202 132
88 17
197 40
19 156
110 177
136 22
179 29
196 120
109 127
135 44
195 170
153 147
58 140
94 116
160 118
160 60
149 196
140 19
222 107
11 199
142 154
44 77
109 156
241 245
90 79
140 225
24 55
224 32
188 138
8 42
14 160
165 217
72 22
163 227
189 225
220 32
46 220
52 66
16 239
191 240
185 28
36 94
77 142
247 182
116 7
26 206
77 187
69 113
186 80
179 97
181 72
23 118
200 210
233 218
16 22
178 124
84 139
64 169
13 196
82 69
173 133
39 117
167 121
139 217
219 179
111 126
188 230
156 170
140 111
171 111
152 67
136 122
74 239
211 28
245 212
91 132
8 165
151 75
233 164
34 103
79 149
197 78
161 1
120 148
82 234
223 242
58 7
163 148
61 158
114 53
145 180
82 30
93 58
155 182
63 203
33 45
96 231
149 73
119 248
203 79
210 197
78 68
74 225
48 217
176 155
98 43
97 182
128 92
133 230
46 163
24 21
136 6
164 138
192 93
38 105
74 124
3 196
55 46
165 67
50 134
49 131
222 233
160 29
235 130
163 154
165 74
136 94
195 222
207 43
170 144
110 64
2 76
183 22
9 173
134 89
148 209
222 18
178 16
36 138
4 191
152 218
226 224
178 157
238 70
63 157
133 33
185 95
176 130
184 102
226 147
171 234
219 197
17 78
134 173
149 135
117 146
146 219
223 2
97 230
236 4
127 48
183 37
124 115
47 232
156 81
11 41
117 208
30 217
57 220
98 156
143 151
157 171
38 165
170 139
103 32
70 202
80 110
119 214
210 67
56 241
125 133
191 171
201 133
106 230
161 124
101 10
146 182
225 160
221 8
64 26
189 85
87 104
109 70
42 56
153 190
208 103
81 70
74 141
37 41
154 206
10 4
229 244
100 64
110 200
224 191
200 67
96 27
88 203
144 196
248 93
143 209
102 103
60 197
216 98
244 55
198 77
60 194
1 181
217 84
55 108
11 54
35 242
191 192
41 164
95 104
14 122
173 191
193 177
87 206
174 3
116 26
133 42
30 89
133 158
115 23
194 221
145 164
220 165
63 116
215 54
94 42
195 186
207 132
114 124
168 197
32 29
201 41
221 203
130 99
156 233
169 51
124 91
109 4
173 98
225 155
175 54
76 212
248 16
49 87
139 31
148 129
55 234
91 221
233 11
139 12
1 163
188 105
16 15
230 226
160 146
33 239
96 24
10 107
173 80
228 210
17 244
192 60
176 28
2 190
181 116
65 179
89 132
41 28
44 161
226 99
175 84
93 146
158 125
149 4
222 9
22 215
159 136
121 176
12 1
53 84
42 138
98 170
4 110
144 112
102 59
86 59
16 167
227 194
30 198
46 229
5 115
103 69
1 153
158 32
70 42
73 90
201 167
114 202
218 82
66 5
239 132
170 244
16 180
180 182
219 246
45 25
81 224
146 243
61 132
73 139
248 224
108 114
78 169
103 158
95 143
9 142
40 37
218 121
223 95
117 216
227 231
2 234
34 235
245 1
138 80
71 208
202 7
11 240
137 214
25 142
127 181
24 132
179 153
130 174
59 194
46 250
81 138
139 79
34 207
137 124
197 250
123 30
155 227
213 78
135 18
128 159
133 11
83 199
211 142
86 125
128 72
77 185
193 35
100 192
123 3
21 72
6 134
232 229
36 187
248 136
136 213
248 174
167 215
233 94
180 190
183 13
62 116
84 13
99 9
99 140
197 248
47 38
224 162
18 197
174 117
117 151
239 241
196 110
31 235
85 118
161 60
133 72
102 71
146 204
176 195
162 81
208 58
187 56
75 15
244 199
59 85
194 167
124 30
105 190
235 15
40 217
216 174
79 227
96 58
102 187
86 200
31 6
243 6
55 86
34 193
159 195
137 110
233 90
127 114
212 229
129 159
174 121
22 246
39 86
247 22
186 233
211 209
108 193
87 134
90 140
14 36
247 164
30 47
20 78
200 85
22 179
24 19
14 5
20 39
185 25
38 172
10 183
174 114
114 18
244 232
176 47
101 243
171 114
113 167
211 248
163 94
235 159
3 180
25 178
152 120
179 207
147 197
51 199
47 26
152 161
200 229
119 201
185 54
12 132
144 52
60 159
90 18
223 173
71 181
137 186
222 143
138 170
144 38
189 130
101 74
174 213
193 79
36 241
165 155
147 91
169 80
221 17
38 167
108 27
73 183
78 64
94 141
111 146
226 205
219 148
114 134
127 30
85 31
160 175
127 244
132 203
174 221
41 132
64 99
46 110
185 153
210 25
238 201
159 88
215 150
240 215
178 69
52 190
97 191
245 119
225 141
190 178
79 196
87 212
170 124
176 150
199 237
221 212
24 214
35 244
5 130
50 169
40 213
185 68
109 159
80 190
19 134
187 185
200 60
213 236
29 102
73 159
22 67
152 187
211 91
89 122
18 33
32 63
32 225
72 64
46 107
216 107
4 100
155 195
84 18
95 25
246 194
192 45
155 111
184 187
85 223
44 217
60 3
65 6
176 185
203 29
48 213
37 247
37 205
141 98
39 155
172 116
204 231
81 66
212 147
225 224
249 202
30 169
108 112
68 179
180 195
147 29
86 155
141 205
235 112
239 199
249 51
188 158
210 9
67 143
126 101
102 160
240 16
10 47
135 97
24 172
44 16
188 185
115 16
57 41
233 189
2 152
89 56
204 171
140 204
91 122
7 72
47 49
38 142
67 208
107 170
145 82
73 131
84 162
21 152
181 78
225 218
103 77
201 162
46 47
188 156
18 74
96 92
90 74
120 81
93 188
61 136
203 81
203 228
118 154
229 80
172 60
22 218
196 183
65 3
152 137
24 159
54 143
242 237
223 241
62 48
87 48
244 61
78 239
123 197
1 2
12 121
211 107
182 96
182 69
183 101
248 60
22 69
191 107
137 54
59 237
81 12
174 67
4 21
115 69
211 154
8 161
210 193
7 194
141 196
185 181
83 66
229 137
213 38
90 30
155 166
31 148
187 32
62 72
90 243
135 103
10 100
240 127
228 241
4 210
55 111
104 67
237 182
100 86
14 238
171 135
136 203
186 102
122 61
227 211
185 104
28 104
2 55
215 224
94 45
148 33
66 185
49 226
44 105
71 44
32 119
248 94
177 112
215 10
208 106
48 237
60 196
69 237
88 226
239 119
59 81
114 146
126 236
45 178
46 92
5 223
170 200
197 1
192 33
225 237
85 1
101 215
209 108
19 5
90 34
144 182
175 172
61 140
156 17
140 96
173 206
41 6
240 136
120 57
136 66
26 35
224 1
151 195
25 156
170 216
69 64
12 192
28 161
184 66
164 242
211 235
122 225
22 81
34 25
241 110
36 59
96 77
189 198
55 3
176 126
72 145
145 197
8 222
74 191
201 104
42 152
241 77
229 245
219 41
113 178
133 59
249 81
53 158
2 176
179 55
128 4
176 134
131 168
3 170
182 5
4 72
217 67
177 111
45 201
23 178
84 97
125 168
204 241
82 236
41 156
140 219
102 214
184 9
111 95
186 138
80 148
247 248
107 133
219 230
223 64
86 239
104 79
65 107
50 25
171 148
223 180
128 196
130 128
95 67
250 229
152 247
24 220
93 98
98 23
116 124
193 191
188 5
177 42
242 204
194 67
161 21
52 171
77 157
54 193
65 178
125 157
68 232
184 78
167 191
44 209
142 215
208 56
33 232
119 7
202 166
125 65
180 124
247 191
155 3
5 57
20 149
4 151
147 72
179 221
146 129
164 219
6 10
193 104
169 148
157 235
99 126
107 104
66 41
169 122
11 121
111 7
54 187
230 30
70 203
113 92
164 56
235 24
55 105
38 65
243 161
206 97
112 171
246 52
9 243
61 87
35 18
58 19
170 85
111 45
203 235
133 162
226 158
108 191
228 234
216 116
225 203
234 120
58 147
150 32
7 113
245 79
38 231
241 34
83 44
202 204
140 171
165 69
167 27
228 58
128 153
113 8
96 151
149 213
73 74
183 134
185 127
93 68
121 119
142 151
118 159
160 15
239 153
205 225
25 136
220 148
109 10
154 18
232 50
241 180
158 223
76 242
72 82
7 139
200 204
248 243
207 129
87 182
166 167
30 96
222 87
171 67
216 186
209 114
86 1
39 104
151 86
162 35
224 48
168 229
131 43
115 249
154 48
47 231
70 86
250 52
211 84
209 67
234 189
110 97
238 38
37 158
80 164
247 56
200 32
244 114
140 242
39 170
98 234
174 184
95 200
174 131
9 72
162 44
203 53
178 129
22 43
132 249
212 211
136 138
74 58
61 33
97 162
163 193
141 19
114 148
89 207
84 114
161 234
177 194
81 246
236 7
169 136
207 229
108 137
211 36
177 130
208 232
121 17
122 144
76 40
95 45
187 48
29 163
129 125
111 209
236 66
192 246
29 71
224 92
104 33
159 172
114 55
50 235
71 214
78 127
164 190
61 58
225 148
66 195
53 60
115 146
218 118
47 156
190 67
60 30
209 171
249 230
223 240
93 112
11 159
53 211
70 157
37 11
55 74
51 202
183 154
42 140
179 31
30 142
248 96
221 193
109 243
59 90
14 13
224 239
70 95
85 99
48 238
211 167
97 169
65 180
50 18
237 118
32 1
151 144
163 81
76 234
191 58
43 194
33 176
195 25
114 246
126 51
91 200
78 13
238 160
70 71
104 178
197 28
68 94
75 177
137 93
88 155
102 215
184 152
55 54
24 197
147 77
107 232
185 246
190 171
70 136
178 15
6 38
8 228
84 9
72 227
153 246
99 224
52 14
224 166
39 101
248 116
98 136
7 218
110 232
160 217
159 205
62 111
151 43
216 159
128 7
137 148
233 119
130 149
216 25
170 63
247 236
239 60
236 106
218 173
35 70
46 156
162 136
125 19
223 126
28 58
52 96
239 203
250 213
24 192
153 80
219 247
45 30
174 116
28 9
142 41
73 38
196 136
162 18
195 13
140 223
63 183
244 233
137 55
182 129
192 244
38 88
176 154
105 15
44 73
187 49
7 225
150 104
226 100
165 91
233 197
84 38
127 104
200 227
171 24
250 89
144 75
111 206
185 108
207 64
54 89
135 73
75 230
87 59
168 143
48 126
107 149
154 164
198 150
12 118
114 51
76 108
44 40
235 126
140 175
211 67
15 1
207 82
112 233
169 143
214 159
1 102
123 102
164 243
67 119
207 225
206 75
240 178
57 145
225 138
121 173
38 193
210 234
75 229
169 121
69 164
203 230
119 246
240 89
41 4
235 91
169 154
110 118
152 51
27 121
161 14
100 56
52 53
59 208
72 195
51 49
12 113
188 42
155 12
137 201
36 42
28 54
17 102
112 55
59 152
15 243
238 51
211 194
243 38
178 228
70 216
71 217
228 167
218 128
231 250
25 135
141 75
19 127
236 36
161 179
134 193
245 149
61 123
211 60
148 153
92 156
109 207
8 93
247 40
22 100
205 36
15 220
60 9
249 204
31 186
52 102
158 214
86 77
182 168
135 235
126 38
104 153
219 215
110 14
34 141
90 181
66 85
141 41
131 234
164 94
147 102
197 32
217 173
177 109
95 47
75 60
119 130
226 89
11 120
156 3
140 75
61 209
66 163
24 43
198 247
96 228
62 162
129 243
93 159
26 1
190 117
129 188
191 212
148 20
183 95
23 239
151 210
207 168
206 228
152 87
219 67
55 136
156 249
215 131
144 119
163 131
121 35
6 118
2 225
167 18
214 9
95 202
11 3
56 16
233 47
173 113
81 145
79 134
245 94
166 8
239 12
135 241
164 23
22 53
151 35
119 210
2 63
45 49
93 135
96 150
201 36
79 42
171 210
247 244
195 239
152 126
202 77
107 17
192 59
88 90
162 194
53 230
16 230
83 21
220 209
24 204
46 154
88 154
75 156
241 200
219 49
56 128
32 118
215 242
93 230
175 192
157 135
8 69
197 119
165 173
218 145
203 226
155 125
82 174
50 35
225 92
211 104
177 142
153 145
225 59
125 127
205 1
186 158
207 150
127 43
202 9
75 198
237 133
62 128
185 200
130 123
181 200
72 39
237 77
171 37
174 234
46 185
225 213
53 10
192 128
76 166
148 41
173 180
89 181
112 46
166 138
91 131
132 186
153 140
145 120
185 130
39 168
182 114
237 191
118 27
170 117
80 143
65 63
137 21
140 1
35 201
35 115
219 162
47 105
89 200
137 32
190 124
28 235
52 76
86 81
208 76
101 172
193 211
86 192
82 1
209 140
42 181
45 124
72 137
213 216
225 78
12 218
132 50
124 134
39 8
42 60
153 223
184 163
57 95
149 162
208 130
98 188
90 46
161 13
198 36
199 180
235 69
248 32
3 124
87 191
233 152
235 160
142 220
156 160
60 49
200 28
163 75
87 217
208 141
86 130
84 226
63 216
44 229
186 88
250 178
192 139
77 56
67 88
