200 11333
50 127
28 103
141 46
123 180
76 98
141 32
111 38
113 183
84 46
14 56
133 70
2 131
42 162
42 115
103 169
188 41
129 187
39 111
64 47
147 35
178 124
147 135
85 149
186 55
160 106
8 59
58 155
87 195
61 17
135 48
76 31
86 43
142 25
44 70
134 187
140 189
101 51
41 78
186 95
96 191
198 89
114 76
122 145
131 141
90 153
61 127
102 103
61 21
125 175
138 8
49 63
137 161
102 31
200 100
106 167
15 26
3 109
110 181
36 32
200 99
180 103
118 11
156 93
165 101
22 31
110 136
86 131
42 137
135 38
179 80
22 64
171 3
3 130
163 10
185 30
177 107
48 42
191 73
178 169
116 21
78 20
123 131
147 167
5 146
35 184
55 75
68 77
117 1
31 174
4 192
20 179
33 126
10 152
114 36
89 132
87 134
75 37
9 139
93 16
192 198
70 92
197 181
120 143
65 23
129 85
109 184
107 19
59 19
64 142
190 187
190 173
122 24
7 36
120 156
71 42
172 31
17 1
77 170
24 75
188 23
159 81
98 143
106 174
192 159
49 181
30 23
103 73
79 75
105 96
36 158
8 190
122 105
77 135
141 71
5 54
121 145
21 130
64 166
197 176
59 97
174 42
83 195
165 72
112 110
117 5
6 2
90 188
28 86
101 155
9 86
78 11
151 76
149 166
61 70
10 188
55 38
198 129
32 47
155 18
188 43
26 166
135 45
198 115
60 28
109 126
88 70
138 109
11 79
197 37
20 48
133 163
19 140
1 136
32 151
49 152
16 102
100 121
71 61
200 24
195 5
1 128
148 18
161 150
93 69
12 9
66 72
90 66
61 157
135 39
48 72
48 80
136 172
98 66
173 154
85 22
169 199
86 21
106 178
134 152
173 51
188 8
54 119
89 190
175 56
134 179
129 128
180 53
123 148
71 27
91 81
76 75
19 69
27 8
101 138
134 84
135 126
96 66
32 34
50 98
69 57
179 108
173 200
1 35
65 96
77 35
3 132
42 180
75 78
180 45
176 21
120 114
2 192
115 123
85 56
161 151
68 78
187 98
15 199
158 19
38 197
199 119
194 105
177 172
147 106
182 173
17 18
117 78
36 81
78 164
74 106
68 33
151 26
199 25
179 137
65 165
72 112
130 165
5 36
197 29
173 22
5 23
60 161
25 61
64 54
104 49
133 120
137 173
176 97
171 14
193 134
161 50
125 94
149 169
89 168
170 42
56 31
83 19
23 161
30 153
145 169
152 55
190 165
124 198
129 73
31 73
24 13
170 131
101 183
21 5
124 35
112 178
147 14
180 146
87 150
40 104
70 91
119 62
9 81
46 119
119 50
102 173
38 9
125 3
55 35
110 151
132 186
121 144
91 35
63 57
83 105
128 20
191 145
78 142
131 33
71 95
4 142
77 198
38 173
172 170
61 23
172 185
33 49
5 28
109 22
24 159
9 196
200 85
168 7
184 126
200 159
73 159
133 71
156 146
3 137
177 119
168 95
89 38
7 95
22 52
26 89
21 46
136 139
137 14
163 55
59 33
147 68
17 145
20 103
107 153
67 117
115 185
68 61
99 64
174 122
7 154
146 88
145 136
13 142
14 75
155 26
61 125
176 40
191 177
148 86
93 117
14 39
156 81
94 25
13 197
116 199
73 148
177 60
186 147
57 99
8 82
37 168
127 107
177 93
37 196
68 27
157 35
23 117
190 73
20 36
154 108
154 198
96 189
59 74
173 128
80 193
136 54
78 26
36 80
144 41
111 107
98 11
94 110
42 111
10 36
119 179
187 42
115 153
84 104
26 193
66 44
31 71
110 116
67 78
60 103
14 117
164 77
177 118
36 121
143 166
15 146
95 105
101 15
109 62
115 68
49 52
196 107
65 176
164 41
57 200
37 189
179 14
135 78
35 22
128 73
49 32
179 8
192 87
1 95
135 90
200 11
22 6
15 122
84 155
21 41
74 97
84 29
115 65
136 39
165 136
133 166
164 36
111 91
23 128
20 34
45 121
193 119
105 145
81 67
177 33
44 129
196 32
92 148
116 56
175 25
125 102
153 46
64 71
119 95
98 107
15 179
109 149
105 71
138 46
70 101
133 194
21 131
167 198
68 32
1 158
148 161
172 105
103 193
168 22
26 149
38 1
153 184
64 90
27 112
127 62
116 156
69 32
126 187
132 145
58 153
137 51
62 195
75 110
28 191
16 80
15 23
57 184
32 133
196 159
46 53
131 7
93 54
14 164
133 138
118 62
77 120
197 66
199 139
136 98
94 165
150 83
138 186
179 117
193 181
65 152
142 119
192 104
192 199
57 126
138 154
198 63
29 144
42 134
95 70
23 6
54 95
188 6
84 169
119 36
106 171
145 57
160 66
191 172
178 61
185 139
145 164
47 84
84 117
119 129
49 26
96 144
104 42
25 123
155 200
154 182
106 19
9 194
145 195
74 58
75 120
143 174
174 121
18 163
166 47
133 45
44 71
12 80
187 18
41 32
181 82
99 132
140 12
84 131
84 181
2 33
172 85
65 177
26 92
56 57
4 156
197 93
47 19
67 27
19 174
117 58
98 139
26 34
85 175
3 195
166 142
23 21
62 164
64 25
195 41
99 162
131 103
146 105
35 92
155 54
140 5
47 42
183 82
131 198
37 148
183 19
171 177
70 157
110 163
105 138
183 193
193 73
115 39
78 60
40 66
43 186
48 46
22 151
88 165
86 161
151 146
51 161
26 154
45 28
75 112
157 176
184 150
146 200
68 64
165 124
136 180
39 24
85 19
18 29
66 3
63 171
88 3
74 1
171 80
165 139
139 85
81 149
63 180
105 148
28 12
107 178
98 169
200 17
33 53
101 180
4 26
48 94
141 48
193 114
67 14
1 65
186 50
189 131
69 92
132 56
128 17
72 116
138 2
138 106
56 98
6 5
10 14
160 124
138 97
175 20
78 59
198 58
85 65
111 27
135 195
142 18
192 35
13 3
191 59
126 128
68 105
117 110
73 4
130 170
164 90
60 105
69 8
46 28
55 169
88 40
161 185
174 63
162 133
76 116
177 81
138 40
141 74
125 137
52 120
4 195
113 1
90 93
165 118
164 81
79 37
21 153
105 107
103 142
88 37
191 1
180 109
64 179
5 68
9 89
74 158
95 152
180 33
81 107
39 21
98 167
137 9
132 114
94 127
197 178
165 172
114 67
72 175
190 189
141 23
166 23
156 3
12 54
79 138
112 150
137 43
184 93
26 33
116 161
173 105
56 103
101 116
93 119
140 72
98 144
60 98
83 153
133 10
146 89
129 138
83 53
188 78
39 86
118 32
182 162
194 145
137 92
187 48
162 125
144 85
97 179
3 17
7 26
5 184
79 155
182 151
139 125
65 66
9 102
15 76
129 165
181 120
13 195
130 46
94 83
9 116
99 81
138 121
138 116
82 29
80 194
104 35
190 36
95 27
154 97
27 120
32 170
168 153
115 56
166 184
132 4
53 57
134 69
174 140
89 40
48 81
191 36
24 149
146 177
26 136
193 165
44 97
90 97
23 27
188 51
98 125
92 190
64 19
3 26
102 58
56 125
16 35
114 167
91 34
144 39
101 120
149 73
91 175
118 117
126 94
34 117
29 97
186 101
139 47
125 163
71 53
99 18
34 169
60 169
87 172
186 2
63 6
5 71
119 60
158 13
100 68
112 174
27 75
155 141
30 10
6 155
129 155
44 4
135 41
80 96
141 89
51 99
103 125
45 75
130 71
10 153
90 12
191 35
69 63
21 15
77 24
114 163
43 195
90 115
123 32
177 13
88 50
40 82
9 147
69 118
73 146
29 171
86 146
150 54
134 22
8 111
141 157
140 45
13 73
126 4
141 8
152 146
152 53
15 180
181 74
172 146
53 178
118 89
42 66
161 11
163 134
190 87
133 136
68 163
87 55
127 43
24 11
41 111
61 38
105 10
199 151
98 197
16 160
159 182
187 97
94 24
189 156
55 96
62 32
183 13
110 95
46 111
13 126
32 106
75 125
94 109
93 181
42 82
162 47
103 51
61 24
22 174
95 92
61 97
66 146
111 129
25 128
181 167
158 175
55 20
118 83
115 71
7 66
75 59
174 8
31 158
156 154
105 168
94 78
23 135
31 86
139 158
51 60
177 141
1 21
146 70
91 93
6 156
151 179
185 180
154 61
88 24
74 151
41 194
105 187
3 143
91 76
154 126
194 199
25 58
166 19
80 151
185 178
168 131
71 52
7 161
51 53
1 114
88 10
169 28
134 174
56 2
168 113
92 79
44 181
45 187
173 175
22 166
120 39
35 156
190 155
176 74
121 77
151 72
47 128
98 129
173 64
70 186
24 185
136 105
46 171
77 81
147 115
196 151
152 180
180 126
53 4
22 164
74 130
144 56
48 18
121 65
189 137
159 40
195 192
109 111
193 83
144 120
198 120
69 6
173 112
22 126
92 91
115 100
32 160
54 173
79 102
100 144
107 42
60 43
8 183
62 71
197 169
118 94
110 64
180 119
170 60
61 20
2 161
98 131
25 13
176 25
179 172
52 13
63 50
39 180
175 182
198 157
192 194
151 147
188 99
73 170
166 75
100 92
196 143
74 148
84 153
167 156
139 91
124 88
99 98
124 116
187 181
73 147
149 134
114 3
13 60
55 86
20 35
92 82
125 13
21 115
45 74
195 102
16 175
171 32
8 24
16 183
116 70
58 9
30 172
38 116
164 198
179 152
84 41
87 85
103 29
100 127
133 167
73 71
191 78
183 90
88 96
18 36
138 64
7 46
45 85
106 133
30 158
128 27
178 113
97 58
128 30
177 155
34 102
189 57
34 46
173 72
85 102
41 30
126 147
143 39
133 123
191 102
82 41
111 69
126 11
145 148
96 127
46 136
157 36
140 103
157 9
186 60
86 87
186 8
92 102
154 196
59 166
109 54
190 7
198 50
157 159
99 82
107 174
7 82
198 119
157 108
3 51
155 188
41 18
67 168
184 11
88 175
6 4
72 25
31 194
99 152
98 150
171 163
188 152
113 33
101 48
180 54
137 172
19 71
153 102
92 62
60 134
121 64
12 43
170 91
76 118
185 195
49 187
166 54
138 117
107 128
31 41
10 101
7 23
160 103
57 193
72 181
155 185
60 165
45 182
50 5
54 76
103 115
64 53
121 91
174 191
94 79
160 15
16 36
93 154
200 152
100 28
4 162
178 129
112 166
166 153
156 110
25 83
24 91
194 44
94 76
69 123
22 195
43 84
41 127
181 14
190 68
90 49
51 46
200 53
193 153
100 153
47 102
198 70
171 189
24 65
109 198
187 90
83 109
26 29
102 200
161 127
66 168
98 53
169 45
107 3
63 36
123 111
46 19
76 7
128 116
183 50
40 153
144 70
27 57
199 50
200 199
15 191
73 98
198 48
54 144
159 65
91 160
77 156
64 66
15 195
185 4
109 188
80 164
84 191
28 190
88 182
141 176
198 140
103 75
189 5
174 186
4 66
87 125
161 176
171 143
91 38
91 69
113 145
180 198
52 34
166 109
31 185
84 93
56 20
156 62
87 50
156 121
7 125
167 41
11 179
61 115
21 189
79 82
176 27
181 55
108 100
88 188
21 32
1 186
55 179
86 38
104 130
85 145
133 5
68 146
76 19
61 123
162 39
130 169
27 147
155 100
116 177
16 1
16 172
87 187
60 91
162 76
90 87
150 181
48 69
102 176
42 143
12 25
162 171
34 92
63 175
192 126
121 115
22 175
22 193
43 13
36 15
30 70
166 36
1 39
60 50
188 56
139 156
37 151
130 120
94 21
57 191
152 20
139 123
22 38
118 96
129 61
57 21
101 107
146 18
82 131
47 87
62 89
106 30
32 142
134 96
26 77
163 129
145 29
143 146
30 75
88 198
123 145
182 134
130 49
104 101
182 142
169 35
60 96
115 51
95 43
102 15
118 50
2 134
73 114
175 75
34 147
173 1
70 150
162 36
146 164
135 156
173 186
32 149
113 106
142 158
30 90
200 87
86 85
68 85
146 16
30 197
178 198
133 110
23 145
112 44
70 164
105 92
22 23
55 142
188 157
84 182
145 100
200 35
148 45
130 161
172 166
40 141
86 119
61 152
83 166
120 14
115 195
83 159
32 128
127 97
40 156
149 111
20 65
148 171
97 109
43 73
38 151
13 143
8 45
161 162
80 21
16 10
151 127
52 12
115 190
63 51
15 163
65 116
97 26
169 16
2 16
84 183
98 140
54 62
177 94
154 146
162 110
86 182
60 124
53 194
29 194
31 77
168 72
104 126
94 185
109 1
18 159
54 81
128 134
189 89
139 77
183 92
100 52
175 155
154 162
122 126
7 19
36 71
169 68
183 103
120 7
184 130
148 66
16 174
169 115
49 44
45 18
96 168
10 9
176 106
197 50
119 181
7 93
102 43
177 47
112 175
111 37
158 135
46 61
59 130
188 177
179 164
54 16
62 79
183 1
167 68
158 22
78 134
32 65
27 100
139 31
84 150
190 5
19 110
163 164
64 118
58 21
142 1
52 101
43 96
94 49
152 144
17 132
79 121
9 85
130 132
51 132
194 1
118 29
1 120
116 90
1 174
57 37
38 58
7 159
150 94
76 84
154 10
189 56
24 167
101 195
122 18
97 35
63 40
49 77
97 82
110 119
57 77
99 54
134 71
63 157
104 13
169 104
105 8
131 158
179 128
9 109
26 53
187 166
114 138
5 118
167 168
36 183
160 87
70 128
144 136
159 3
15 93
1 8
3 174
126 158
68 53
68 148
77 54
38 184
180 71
103 55
127 85
87 144
82 62
162 5
72 118
68 57
132 168
159 20
142 126
65 166
92 73
71 120
49 50
61 96
183 134
133 124
63 111
196 152
42 41
137 33
164 82
83 72
105 102
77 112
156 87
37 10
110 106
60 97
55 36
176 190
26 50
48 131
171 94
37 142
100 63
107 163
78 62
150 185
196 74
81 100
1 127
59 24
21 98
124 6
184 151
164 23
145 49
44 22
35 145
166 157
198 116
45 38
156 80
63 149
146 141
123 150
117 40
45 82
177 87
3 34
109 177
104 174
171 21
167 6
76 172
56 22
149 11
33 111
140 26
173 199
41 1
149 1
70 183
157 98
142 107
28 196
3 151
35 56
186 103
170 75
72 34
43 49
11 153
140 97
93 122
146 114
133 23
145 79
129 168
132 42
161 80
152 41
102 12
200 132
88 194
141 84
14 169
132 172
182 23
193 187
125 18
130 111
49 80
75 21
116 37
97 87
180 112
63 179
152 154
196 71
114 124
115 99
73 54
106 89
38 72
103 120
135 6
73 171
6 185
167 48
127 176
64 10
134 147
174 20
77 119
50 4
123 158
196 97
165 104
186 165
196 22
10 97
54 35
103 12
98 122
48 107
69 33
85 73
76 121
55 122
180 114
49 144
191 62
9 77
146 41
150 5
175 198
193 145
11 14
99 47
68 129
79 190
143 7
131 143
62 183
155 154
15 79
62 36
127 167
88 195
107 37
36 64
46 173
196 3
22 157
124 174
131 92
173 141
126 100
9 63
108 162
166 174
178 54
185 192
168 30
100 162
182 121
183 9
78 8
130 106
32 55
191 190
47 176
33 174
166 53
5 67
58 29
61 143
43 189
16 64
10 70
54 184
63 88
67 112
61 62
24 95
52 104
128 149
174 14
83 184
26 138
42 65
81 196
185 72
3 120
57 186
25 132
101 55
85 104
149 132
14 134
162 186
72 14
145 106
197 145
66 59
81 65
14 168
145 99
150 164
69 177
127 68
103 130
131 97
175 36
115 70
10 140
81 8
95 167
56 43
108 193
113 52
90 161
110 198
72 82
52 142
164 159
127 152
197 22
174 26
91 195
84 26
150 116
171 138
126 161
82 129
86 34
149 89
86 123
77 193
113 153
16 47
181 38
89 193
110 118
32 61
199 6
188 29
126 120
200 190
146 188
189 11
158 149
127 119
186 150
81 162
153 38
23 118
30 141
3 11
67 111
7 104
90 41
113 121
93 86
158 35
45 76
53 163
31 150
161 188
136 63
50 179
199 142
151 175
83 99
169 79
64 131
141 102
89 123
151 130
199 144
45 36
158 25
67 85
42 89
66 26
181 85
83 75
85 163
104 111
48 84
142 77
110 100
82 142
167 23
106 5
132 139
28 91
59 128
3 134
13 152
145 162
20 98
130 163
196 67
20 1
110 61
32 97
64 43
166 128
154 185
92 32
179 181
11 120
183 68
10 179
127 4
67 22
195 111
155 136
23 31
19 157
12 37
130 45
70 178
69 116
175 9
83 54
175 107
95 129
188 4
92 2
27 196
38 63
50 167
195 170
199 148
170 117
10 76
26 157
71 57
28 10
118 156
75 126
164 195
90 5
190 83
137 11
176 88
103 155
193 84
97 125
122 69
150 93
50 44
25 82
196 5
49 198
28 178
105 144
112 61
37 192
191 77
71 139
187 111
177 139
56 23
2 104
111 88
105 120
5 173
44 190
154 73
181 128
177 64
26 198
153 82
100 47
169 184
80 82
147 82
3 199
122 11
9 142
129 19
20 147
2 86
102 151
7 63
118 181
17 51
99 164
137 86
190 81
176 15
84 102
125 194
93 146
1 29
139 196
11 63
95 145
152 132
140 181
113 20
61 156
138 18
19 29
120 83
159 36
36 60
44 21
119 186
94 80
104 83
59 171
159 152
108 152
157 106
32 60
87 99
131 15
54 122
94 74
84 135
131 134
1 141
5 11
97 163
88 8
124 172
196 195
29 172
21 76
158 46
166 68
49 91
52 109
22 162
93 174
50 7
92 171
181 161
41 100
161 40
175 148
19 97
18 140
1 129
40 93
123 126
185 65
178 98
189 121
81 109
44 106
38 82
128 58
119 121
103 150
63 65
190 117
194 64
87 197
192 81
110 135
78 152
124 34
183 86
92 39
160 93
65 45
188 147
97 133
12 33
58 136
56 83
26 118
193 63
144 45
166 74
24 195
193 27
159 129
164 123
85 33
76 104
150 101
98 48
4 118
15 165
64 190
118 98
115 179
46 198
57 141
197 190
12 48
100 67
171 164
18 129
48 49
32 39
147 123
115 76
88 41
168 127
86 26
66 152
27 5
174 25
179 49
164 185
172 18
95 69
21 9
159 119
24 198
103 54
10 164
198 143
142 22
129 79
70 131
61 47
28 33
149 8
14 66
112 115
139 159
178 75
171 53
87 57
77 175
97 158
80 79
27 132
37 35
113 109
6 143
184 118
111 2
164 127
64 195
136 109
59 134
29 111
180 115
129 190
89 162
175 51
120 29
88 139
83 168
113 158
148 101
126 150
32 103
188 26
182 127
146 193
62 144
193 50
191 2
76 127
52 103
42 177
169 63
72 192
8 15
10 168
155 150
187 200
170 166
56 155
188 95
24 58
180 130
117 177
189 64
116 46
123 39
53 155
121 63
151 12
93 46
199 179
149 140
172 82
69 64
47 28
198 99
4 45
2 169
95 64
110 6
30 97
151 141
75 179
100 173
43 20
41 182
178 62
102 13
121 43
171 41
143 16
115 168
154 170
191 99
184 200
70 20
65 130
142 197
45 111
92 57
79 197
92 99
6 172
38 172
60 15
192 130
110 39
54 18
167 56
84 94
36 82
88 191
95 36
106 137
200 126
76 20
161 53
111 161
87 129
69 67
11 164
62 75
173 9
165 123
150 96
175 23
32 159
195 73
112 70
69 178
54 6
189 128
41 103
195 67
123 56
194 54
160 139
71 46
114 42
74 100
11 4
82 177
74 143
181 81
56 90
132 129
124 113
31 161
158 127
42 125
149 35
40 154
196 95
17 162
49 1
98 55
1 148
54 34
31 67
48 105
49 135
104 27
173 48
115 159
156 75
12 119
40 87
30 99
181 153
135 59
38 14
184 141
21 185
52 93
42 102
160 179
170 88
82 189
139 164
121 171
21 154
171 60
44 8
136 197
71 169
145 1
70 46
172 117
15 132
37 59
24 9
198 160
120 190
101 65
20 195
141 65
73 25
69 184
49 184
8 157
110 137
63 95
4 150
197 26
133 100
148 168
193 93
47 121
52 170
124 199
169 48
171 87
21 81
33 192
69 58
63 72
82 34
63 117
27 109
193 140
59 35
153 196
175 183
96 6
44 133
13 134
74 128
191 106
9 172
30 112
63 177
47 167
70 73
164 153
84 30
191 113
179 2
198 5
127 65
23 149
50 123
175 162
136 44
197 138
158 44
60 101
52 30
54 21
86 102
77 40
80 101
129 181
200 43
113 198
120 124
91 200
124 196
165 79
47 133
36 188
27 64
63 122
94 52
188 184
61 48
70 196
102 183
60 137
106 141
62 149
74 137
66 31
80 189
143 15
54 74
110 161
73 189
186 30
182 36
105 165
136 41
197 21
197 146
85 158
100 183
198 144
119 39
15 114
48 118
65 198
171 160
154 157
86 12
124 180
11 100
166 186
146 37
154 1
38 65
172 157
56 178
95 107
76 26
138 115
187 33
177 71
99 126
79 88
138 104
98 102
127 177
28 105
172 156
50 125
58 158
103 195
141 127
197 71
47 132
51 98
51 19
199 181
44 28
65 111
168 119
19 104
40 193
106 49
83 22
68 73
3 24
187 54
37 55
41 200
187 31
23 196
46 132
37 51
124 22
24 180
120 16
41 86
44 169
56 122
53 45
134 198
160 38
195 162
1 97
95 55
34 177
138 142
148 154
136 179
19 94
163 91
54 152
156 193
176 73
172 106
13 156
106 2
104 199
184 24
90 121
30 171
165 5
117 176
102 94
138 24
104 64
43 58
155 144
7 144
55 108
8 80
199 8
38 21
60 47
121 186
99 40
168 63
109 20
186 68
72 113
12 15
74 9
32 122
196 164
97 62
161 52
137 118
70 54
116 74
17 80
44 185
5 120
83 174
19 125
70 140
133 192
115 23
91 21
77 67
82 161
138 15
79 53
87 103
82 170
162 66
77 150
32 37
134 114
188 134
136 198
15 90
171 127
22 93
108 141
137 101
123 75
119 102
89 37
41 7
46 72
117 6
108 192
197 161
146 7
154 34
174 89
107 100
191 169
63 17
112 122
19 161
90 10
102 165
78 63
199 20
17 126
122 67
86 98
66 121
114 181
97 171
47 12
106 154
1 63
98 65
116 98
73 36
58 53
22 49
37 130
155 32
22 59
23 16
152 169
130 167
176 138
166 111
129 76
48 15
133 195
153 132
126 167
157 103
178 83
172 4
181 54
123 98
91 136
173 91
72 153
94 200
145 91
75 108
31 156
151 160
121 173
21 199
135 99
104 44
185 142
50 106
98 101
193 55
81 71
104 10
59 28
146 176
10 170
39 48
23 36
115 132
167 30
11 152
195 158
159 57
21 34
2 41
86 122
128 136
150 138
51 48
98 127
110 37
18 102
194 135
58 145
126 54
190 74
161 168
35 15
33 115
108 151
118 195
24 62
22 130
128 112
31 49
128 197
45 198
126 5
120 100
16 126
82 86
120 161
155 167
9 164
87 72
108 175
173 40
155 77
82 60
52 148
77 8
178 88
31 8
182 174
85 31
149 86
50 69
131 154
150 154
72 85
53 86
116 160
48 146
139 41
20 189
18 33
197 65
160 126
112 50
72 42
75 160
45 125
38 107
142 66
122 189
95 8
124 55
195 42
139 20
71 164
129 115
95 161
31 99
16 163
74 113
34 100
81 124
158 64
39 173
6 66
63 56
90 102
174 65
37 71
140 8
1 124
23 11
181 89
117 122
15 94
181 194
5 96
37 170
105 184
101 147
75 180
150 197
78 198
38 88
24 125
12 138
60 117
107 97
187 130
150 169
105 54
126 37
185 19
176 70
110 63
165 169
129 69
111 26
56 84
51 114
93 87
187 184
91 183
198 128
11 182
7 45
91 165
90 140
119 187
16 153
75 63
120 178
74 7
7 79
163 35
154 66
24 83
176 26
177 45
162 83
177 8
79 179
99 167
138 52
118 30
6 34
144 156
37 164
129 194
194 39
36 118
150 75
27 6
78 137
102 61
159 169
99 119
30 61
130 88
52 140
145 74
44 13
100 131
154 60
190 183
47 23
59 117
105 24
76 186
197 200
138 194
129 57
138 118
116 130
63 120
114 100
73 134
113 96
150 120
148 165
78 43
29 124
9 88
64 140
198 97
143 159
166 66
191 197
156 153
192 132
176 42
158 109
127 33
53 113
4 130
185 118
132 105
127 186
132 81
124 103
27 55
106 165
198 19
88 106
72 90
85 119
67 118
172 56
41 169
139 186
58 200
35 57
134 144
79 40
81 64
11 71
113 28
26 75
174 5
10 172
160 191
150 32
60 144
169 6
185 10
8 104
192 162
170 85
53 124
37 165
6 104
99 104
46 182
111 142
75 127
124 140
122 199
184 144
23 83
75 43
144 30
169 181
117 193
6 53
71 149
63 13
159 14
85 197
188 60
113 51
200 61
197 83
49 85
121 108
194 141
71 117
114 17
19 80
2 1
160 69
25 86
176 103
108 125
34 161
114 136
175 132
86 49
108 104
187 135
177 186
17 134
89 124
200 12
88 32
70 195
116 27
184 179
92 97
10 199
68 1
133 139
30 36
65 75
149 183
109 104
107 46
127 109
16 157
169 171
47 186
41 137
114 195
170 35
8 170
48 8
172 34
161 195
36 184
161 108
23 97
194 40
152 89
17 66
83 142
112 121
128 194
165 133
70 45
111 143
71 24
169 10
159 107
94 167
185 15
4 107
43 50
147 179
180 46
102 80
151 71
98 35
171 198
82 133
159 28
137 27
160 166
162 122
168 43
7 191
200 131
87 138
125 169
80 143
183 3
121 165
15 55
165 198
197 144
99 120
188 133
63 145
181 156
162 179
79 73
21 62
129 122
188 34
112 192
76 124
147 124
144 82
87 77
48 89
1 32
7 24
77 84
134 36
86 193
110 147
142 86
89 19
73 19
158 116
44 130
143 132
32 19
171 173
157 95
187 143
145 83
19 35
142 137
110 130
114 13
12 95
142 21
163 158
189 145
46 10
153 198
15 66
72 7
45 61
30 95
178 196
161 22
114 68
1 77
7 67
20 81
22 141
82 73
46 86
157 148
85 47
191 120
27 43
125 152
158 80
104 124
163 109
38 125
169 127
6 192
56 88
156 102
89 169
9 2
86 174
133 40
27 199
162 139
74 109
177 24
2 52
119 13
31 127
89 79
111 99
95 78
199 88
176 7
39 49
117 97
103 128
162 7
177 145
129 101
125 57
97 184
66 184
122 53
164 107
3 48
74 104
71 83
88 148
96 140
145 43
11 96
120 129
112 38
172 78
150 175
178 21
140 44
165 127
7 116
5 168
12 73
179 23
102 146
87 21
95 32
177 95
200 69
181 178
44 91
155 62
146 12
42 54
154 71
121 9
109 14
53 162
91 74
7 71
3 162
82 48
97 27
147 166
126 34
96 74
164 61
148 35
47 164
50 47
164 59
11 97
135 19
18 115
143 157
199 121
68 36
108 70
159 26
198 106
31 97
168 62
182 92
45 164
135 85
50 80
189 104
143 149
99 2
76 39
71 178
82 9
54 68
200 62
193 5
77 182
147 65
134 166
19 79
26 48
198 172
180 134
153 182
68 196
12 169
184 48
38 77
31 175
143 127
33 100
51 30
45 26
169 179
114 89
164 48
48 17
14 22
131 95
185 47
178 24
66 62
134 7
91 16
162 60
39 9
87 18
12 186
161 20
90 198
129 196
92 16
17 16
84 52
67 97
176 96
98 138
18 108
84 116
190 14
187 28
127 137
194 66
51 64
101 90
163 66
4 141
196 150
100 7
116 29
49 108
79 119
169 183
115 53
145 176
86 105
105 117
117 55
173 125
72 49
80 122
18 59
138 173
22 15
104 23
127 175
172 67
6 101
110 105
90 23
144 23
60 23
58 184
9 146
48 171
197 162
153 52
4 3
149 58
129 104
116 140
193 100
159 134
164 30
157 97
120 170
47 152
121 134
166 179
69 127
54 124
174 18
10 57
116 114
80 74
140 182
164 75
96 159
103 107
122 81
155 152
51 85
188 9
194 60
29 30
22 178
76 65
39 164
75 66
30 7
28 141
135 81
191 121
83 147
153 126
1 139
95 117
163 4
149 200
134 49
27 79
76 55
44 200
12 64
118 60
33 165
176 198
52 160
182 141
115 86
195 148
124 13
179 57
182 123
80 66
170 134
4 14
102 93
70 63
158 62
53 55
67 190
186 26
180 57
81 57
47 55
194 187
25 177
182 72
178 19
74 144
123 8
84 175
54 138
40 8
70 154
157 112
144 31
117 45
97 200
161 77
12 91
74 49
19 160
17 104
27 119
160 178
187 167
57 101
68 198
115 2
26 47
34 146
91 102
25 21
123 2
137 2
53 176
99 85
64 165
141 82
53 126
167 153
79 149
24 127
194 123
195 175
137 195
16 148
78 163
10 77
138 1
133 177
8 20
117 108
10 87
135 74
85 178
166 10
85 157
189 105
63 156
79 148
175 164
85 80
81 13
97 8
183 123
132 189
159 142
30 35
142 61
32 137
175 177
192 44
107 145
7 53
136 121
62 151
31 129
11 130
100 9
49 102
131 34
172 50
1 126
109 48
197 115
118 166
28 117
121 154
37 129
139 102
135 20
90 2
190 116
62 154
191 133
167 42
61 22
104 18
16 166
182 186
46 16
200 103
83 157
125 66
74 2
114 170
124 154
62 184
141 163
57 94
46 131
200 157
94 117
64 197
156 73
45 88
190 142
99 11
12 117
181 33
197 89
79 184
3 133
85 151
46 135
104 46
199 82
80 123
66 19
109 167
74 112
98 145
61 90
74 57
81 154
35 139
13 21
177 167
73 136
20 66
26 161
97 119
47 88
50 82
140 162
41 62
16 141
175 135
87 145
128 88
197 135
43 173
136 146
36 57
112 34
153 42
76 40
59 14
42 64
21 104
95 46
89 180
60 153
92 199
13 157
70 187
82 186
58 114
39 79
162 65
139 92
180 167
35 181
167 13
20 131
170 16
87 66
23 157
85 107
132 44
19 54
85 88
195 134
35 177
73 184
183 119
156 173
62 76
173 194
161 92
124 151
18 111
13 14
10 61
70 104
36 42
86 36
14 125
170 142
16 97
78 190
155 193
92 158
48 126
25 127
137 72
37 153
19 63
83 103
72 145
126 144
89 184
58 152
81 197
48 185
113 144
88 179
17 112
158 182
116 139
177 102
155 69
70 7
192 97
80 180
199 97
9 140
146 194
158 197
4 10
115 50
132 194
110 102
47 51
57 152
65 13
151 5
32 195
110 107
200 124
114 35
165 98
101 117
130 123
187 67
49 119
7 122
24 147
170 59
55 118
134 68
120 113
94 99
131 127
188 195
91 131
97 159
15 5
9 27
149 68
116 111
21 177
62 174
57 51
184 185
55 46
174 158
115 37
72 152
158 137
200 174
40 90
98 81
136 52
176 36
31 59
161 189
123 43
98 158
96 4
89 113
95 115
12 192
185 85
78 147
44 48
95 198
153 163
190 164
56 149
11 160
199 160
176 33
179 178
135 52
20 106
90 76
131 135
40 42
181 122
37 106
94 153
51 15
176 115
184 161
23 55
89 122
34 171
152 77
94 180
83 140
183 78
140 87
198 17
26 106
54 59
23 34
137 21
95 114
150 46
26 79
9 49
187 91
33 88
42 87
4 54
75 190
2 157
102 190
168 40
103 134
125 86
103 199
61 162
57 22
49 66
103 139
155 119
125 185
168 176
38 20
99 14
4 115
15 98
111 184
80 130
106 59
28 125
149 46
54 98
108 118
152 153
183 61
149 48
5 25
132 79
88 78
33 50
125 58
34 15
63 34
186 131
102 1
152 139
144 59
98 156
160 173
188 105
112 135
33 73
148 126
12 136
148 110
115 128
186 112
189 86
85 194
191 109
165 41
150 35
100 187
50 97
5 139
71 13
77 85
48 163
30 152
47 24
11 69
131 197
8 100
130 63
151 150
199 163
123 5
89 66
42 80
139 127
31 119
136 194
192 166
182 148
17 118
158 27
188 37
25 99
190 181
122 132
96 26
3 72
157 195
6 48
75 25
149 50
10 89
134 111
15 78
122 170
139 130
61 121
182 37
90 3
59 98
101 4
15 118
106 85
53 69
44 92
89 126
153 81
17 5
4 40
77 93
99 70
51 200
184 71
75 139
191 101
169 192
87 46
199 146
84 121
107 113
170 193
28 9
137 102
192 160
115 67
41 74
111 133
167 135
141 169
188 55
190 33
53 77
199 93
185 34
28 54
73 58
27 139
46 190
141 162
65 175
89 99
161 6
127 166
189 91
126 46
90 122
109 139
28 4
42 165
192 14
113 190
172 125
48 9
149 78
79 134
45 105
189 117
31 114
25 36
104 57
182 63
69 132
20 75
39 81
101 61
33 27
6 179
92 67
12 128
161 198
189 187
140 66
124 117
98 40
184 172
191 189
87 117
75 47
99 123
178 31
127 42
109 135
79 66
146 30
92 130
118 160
126 149
137 8
107 51
61 11
97 83
47 150
49 122
100 75
40 41
187 188
101 190
191 155
93 149
26 200
156 191
98 114
89 73
63 107
114 144
192 94
143 99
160 168
146 132
167 161
1 132
171 76
169 134
172 100
40 109
107 66
62 44
66 60
150 3
71 163
66 103
188 20
74 3
15 173
43 171
79 100
58 191
133 75
178 77
43 87
68 159
117 114
7 92
39 83
191 13
130 41
62 130
94 30
163 108
159 179
16 135
53 19
199 12
44 143
23 71
24 38
176 61
3 118
80 125
125 26
163 159
88 74
105 140
32 59
105 46
124 28
200 121
10 138
28 57
81 145
148 112
189 153
198 159
115 172
3 138
64 141
178 23
112 54
35 111
69 171
133 121
122 20
80 1
5 180
76 70
5 62
33 6
70 81
155 96
50 142
84 74
116 129
88 84
136 13
185 86
21 33
168 130
22 92
1 85
126 80
163 150
200 165
71 102
192 123
83 37
115 157
167 142
154 100
45 112
84 170
66 9
190 2
45 16
68 120
26 181
110 13
77 181
137 96
136 68
25 78
152 197
178 141
71 172
24 23
154 159
55 129
128 154
169 196
86 195
142 146
78 33
147 178
45 120
100 112
67 183
196 133
101 99
159 72
132 182
199 52
6 200
38 200
182 93
196 11
88 172
151 91
151 6
39 100
74 156
158 15
167 66
54 75
161 76
199 5
76 113
19 170
133 155
75 121
158 180
108 73
112 33
195 40
135 115
108 180
138 180
68 42
47 2
176 72
52 163
60 71
65 123
140 146
100 72
129 158
151 47
44 38
44 1
64 151
50 195
22 159
166 37
68 88
89 200
151 50
45 58
189 7
117 123
98 80
44 149
176 23
182 125
117 81
41 151
180 164
186 86
160 145
39 148
112 130
173 129
183 55
6 90
159 111
70 32
144 58
168 74
197 73
104 170
122 101
146 58
27 130
1 96
15 11
160 76
196 130
79 13
136 156
40 28
62 187
4 147
38 171
116 105
7 101
151 19
6 57
95 180
27 10
123 122
107 108
158 143
112 161
31 117
104 187
68 34
30 44
99 160
126 133
27 142
50 164
171 26
15 3
182 62
200 88
89 173
88 71
93 9
98 134
78 14
9 30
50 147
168 190
65 62
8 172
187 128
186 169
60 107
200 106
156 161
4 145
198 105
41 160
190 128
174 76
107 49
2 4
24 131
3 25
58 109
56 65
107 72
9 72
13 189
134 112
175 179
91 122
9 104
138 166
30 83
127 185
168 91
48 140
7 11
176 187
68 185
140 99
37 96
126 127
63 64
132 184
185 156
47 161
58 37
18 70
8 167
154 174
20 83
93 101
70 132
127 108
7 186
197 153
17 83
138 126
157 151
195 171
155 1
43 191
166 43
174 115
178 123
102 113
85 15
152 142
83 95
26 35
172 11
43 107
154 122
1 168
105 93
126 64
189 55
118 172
62 80
6 93
161 153
23 25
117 129
55 88
105 185
190 184
42 116
145 159
128 101
188 35
106 71
193 127
103 4
118 66
103 22
184 128
78 139
97 189
95 174
115 78
133 178
93 172
147 74
68 162
27 29
178 190
136 47
189 102
44 153
186 10
91 79
64 109
176 66
6 197
140 6
83 14
28 111
184 72
142 51
59 150
168 44
184 182
161 100
125 140
3 12
110 159
17 95
151 89
146 32
130 162
44 87
94 112
60 6
16 70
24 70
189 133
101 86
184 158
87 131
136 31
177 123
115 192
22 138
22 179
88 60
28 138
68 107
14 92
149 69
48 21
130 79
90 149
6 58
154 105
43 82
54 147
105 161
34 45
31 143
155 122
163 92
91 50
10 52
181 159
89 171
107 133
133 51
55 63
45 116
144 32
24 118
16 191
8 79
11 163
78 91
18 182
136 101
165 92
43 35
13 175
170 163
135 133
3 78
165 140
111 180
156 47
116 126
65 77
187 136
51 92
31 135
46 172
74 115
186 110
32 184
66 193
84 91
66 25
27 150
31 35
120 140
86 59
192 41
85 166
64 74
140 180
59 190
38 41
46 36
35 166
142 136
62 185
25 93
155 194
47 168
150 36
183 88
98 142
30 89
160 85
144 106
154 38
153 183
142 16
85 89
128 130
130 183
141 15
99 72
17 133
109 19
48 108
98 161
1 196
59 10
117 103
107 67
33 186
47 86
153 89
10 130
55 194
138 38
103 37
164 168
1 144
64 62
164 73
6 73
114 188
192 8
8 150
6 113
74 197
91 11
172 65
154 187
131 35
70 175
129 83
17 13
121 73
137 124
193 19
27 83
108 88
141 113
43 129
78 97
147 161
158 194
29 186
84 143
10 73
67 142
151 129
187 38
110 78
188 15
130 18
173 187
155 17
3 154
95 90
141 31
186 194
132 196
190 24
152 163
33 1
75 132
186 97
44 172
4 129
119 25
189 186
83 21
90 171
129 72
46 120
38 188
58 171
198 42
96 161
129 56
105 163
10 119
66 192
178 128
100 25
102 46
123 6
154 52
165 22
175 6
113 86
167 105
110 58
10 12
156 197
74 186
67 151
161 59
161 99
175 139
145 45
70 8
145 88
200 77
104 154
126 45
16 19
119 72
178 189
128 41
69 175
25 56
21 151
167 183
198 76
76 77
191 50
34 132
31 109
174 151
30 43
120 138
156 179
47 131
34 41
134 173
47 183
42 29
124 181
108 164
51 16
96 79
167 28
50 54
162 164
198 184
186 5
8 130
93 56
199 196
168 189
177 174
114 45
97 100
77 62
72 138
58 92
47 184
74 42
122 102
166 119
51 126
163 93
143 92
181 154
166 70
49 103
127 66
56 34
81 29
138 141
119 17
121 114
30 131
142 179
51 179
68 192
146 183
46 27
185 159
16 52
26 70
91 144
185 193
129 177
135 5
153 74
188 16
189 9
80 154
90 11
89 14
127 6
61 29
100 157
69 49
101 164
186 80
158 86
127 28
178 138
174 96
81 32
137 45
38 193
21 128
141 60
185 165
13 23
124 144
74 129
35 127
179 182
30 122
72 61
179 155
60 160
97 86
96 175
103 38
179 167
155 28
114 57
101 151
93 45
83 46
48 165
102 140
178 48
36 41
1 134
44 161
16 82
20 181
87 175
55 9
153 76
95 13
39 88
180 100
108 189
63 188
4 64
135 29
34 2
48 120
173 133
172 55
5 59
34 153
145 102
129 7
174 109
188 141
38 183
47 111
35 168
117 200
114 110
69 84
189 85
136 153
157 91
30 93
134 92
117 70
30 34
171 168
103 76
165 53
154 160
151 60
141 38
20 138
188 138
21 42
32 48
126 115
53 14
163 60
95 195
21 84
163 138
23 74
105 129
83 96
11 76
195 65
67 73
111 105
154 125
16 94
47 196
60 109
173 44
171 196
6 86
129 131
151 15
115 175
104 162
78 47
6 174
136 143
150 66
169 177
82 83
68 29
191 119
154 118
75 31
96 63
5 131
128 192
60 185
89 84
62 94
115 46
124 10
186 22
93 111
122 134
89 142
125 124
66 145
192 15
21 145
35 67
68 24
148 64
57 123
19 22
63 186
11 132
142 188
150 199
6 173
177 39
158 179
20 177
41 116
71 136
155 186
186 130
81 183
89 90
21 8
63 47
95 127
128 148
54 43
128 29
49 170
51 136
68 171
196 115
2 180
117 75
68 128
29 38
172 39
68 38
9 84
158 68
45 107
154 135
166 131
174 113
162 45
15 13
57 42
89 140
86 95
157 45
200 22
115 148
124 112
45 186
61 119
67 125
200 60
61 105
103 104
17 164
125 51
76 136
13 32
49 132
128 110
158 49
22 45
167 104
30 102
49 89
7 51
117 195
138 189
113 38
169 167
191 14
26 145
152 68
101 16
43 172
60 40
1 11
72 32
46 162
198 199
172 61
16 31
200 76
15 186
153 101
80 146
42 147
102 160
131 165
177 194
129 28
101 97
135 34
147 146
165 167
143 144
30 71
16 136
169 164
114 25
135 88
138 45
179 76
16 81
25 37
82 115
19 196
154 57
2 8
3 142
25 200
81 2
133 134
99 5
50 18
77 165
44 166
93 72
17 89
178 58
105 182
30 79
119 104
143 26
4 68
76 133
52 156
3 50
80 165
68 87
146 36
153 47
164 126
153 56
166 77
25 185
59 131
103 112
120 19
152 86
197 174
26 108
17 50
11 12
91 129
160 34
142 120
79 137
157 109
140 27
73 192
39 181
175 53
109 73
78 122
63 142
49 151
125 164
151 138
157 86
15 80
196 12
198 25
54 193
140 185
9 117
196 62
155 39
188 104
110 22
11 20
197 40
190 112
131 140
138 90
64 198
196 20
186 109
167 96
16 77
173 47
74 61
7 132
131 36
179 95
67 108
150 22
2 166
38 8
37 77
42 172
18 153
158 52
123 200
91 152
101 171
108 95
47 103
62 166
180 83
128 49
121 120
198 54
93 132
200 145
104 128
83 78
180 98
82 70
175 180
22 199
153 160
163 45
70 40
189 165
190 85
82 22
102 192
2 183
108 99
186 78
91 94
140 114
18 107
15 74
8 102
178 108
2 149
95 133
68 48
178 132
37 122
21 65
81 128
93 151
135 37
91 179
132 118
58 122
23 185
157 59
26 134
39 40
2 77
135 60
175 199
194 196
41 13
90 132
102 101
49 110
193 189
124 65
199 23
9 40
184 14
95 51
50 32
154 36
53 61
104 4
26 123
57 50
159 104
107 161
175 89
99 96
8 10
62 29
89 50
39 60
146 50
59 153
132 188
38 12
200 3
12 127
156 22
50 73
50 24
155 67
62 115
88 53
150 44
12 179
183 171
148 169
50 13
129 152
121 128
96 81
90 4
160 113
62 47
148 116
77 70
50 36
51 167
181 98
149 108
105 186
191 180
102 81
30 14
158 159
72 11
127 138
160 117
14 162
144 73
117 102
40 38
143 88
15 166
41 180
139 182
135 93
26 170
133 147
14 198
91 14
136 123
139 58
164 83
123 112
83 43
118 19
142 81
68 164
89 34
81 179
195 53
114 187
179 98
9 62
166 28
30 127
151 92
166 120
81 25
79 21
156 122
160 157
64 45
44 95
170 180
77 118
121 46
110 42
173 49
106 29
2 110
38 174
126 125
185 55
66 95
170 97
152 115
189 200
162 49
160 22
27 85
90 34
54 38
79 114
65 188
168 158
43 115
194 35
46 143
162 146
100 84
44 89
43 19
135 87
147 145
48 73
65 112
135 171
178 81
188 136
148 135
182 193
48 157
48 181
95 58
8 19
91 95
163 149
95 60
108 176
185 104
142 150
81 1
124 63
47 94
140 2
148 142
190 91
14 145
24 183
158 134
122 39
188 111
66 189
109 178
29 114
67 150
5 42
177 104
146 189
106 120
176 175
148 8
67 41
6 45
81 18
66 134
125 6
107 131
86 163
96 42
171 156
151 94
36 85
125 184
180 59
152 103
125 145
168 134
185 103
35 125
161 15
95 5
61 166
152 90
82 174
124 131
76 197
199 68
122 183
39 47
68 200
149 92
91 33
115 188
128 102
80 99
190 167
85 83
93 17
3 16
194 17
5 10
193 62
128 79
191 166
71 38
115 149
121 29
54 49
68 176
22 41
78 76
32 6
75 107
144 117
119 109
111 53
49 117
43 112
19 164
116 189
81 147
49 41
146 157
96 54
114 156
195 104
179 193
62 189
179 171
145 12
7 164
194 169
10 118
62 39
115 182
48 4
21 112
14 121
82 44
149 151
92 117
35 116
22 184
160 23
12 133
140 80
180 131
73 126
136 83
170 186
181 76
18 180
107 132
27 124
150 24
4 5
140 14
194 24
147 8
5 40
148 42
62 28
116 146
75 145
86 35
134 27
18 166
44 124
124 73
110 38
130 154
67 64
131 51
165 14
5 129
84 35
72 26
15 59
199 81
160 86
40 54
159 69
163 198
145 142
86 70
103 88
136 185
107 30
186 59
134 20
108 76
56 53
143 128
124 66
51 172
182 50
28 200
5 93
198 170
146 161
53 32
178 15
178 102
189 163
115 141
32 58
52 15
16 12
146 10
176 113
1 198
96 69
79 139
113 17
95 102
27 52
183 137
183 200
176 22
129 191
137 168
29 100
107 115
189 180
99 34
22 152
76 64
92 94
192 103
24 4
23 78
176 28
81 50
29 123
127 147
127 67
17 138
43 69
143 87
57 80
76 50
119 19
139 33
80 167
106 47
124 17
45 102
141 101
99 176
12 31
89 105
134 38
47 4
135 33
178 13
53 172
171 13
22 149
29 126
106 31
14 17
185 61
172 54
94 176
191 19
43 16
83 181
31 30
38 50
75 104
106 66
185 81
98 109
20 60
186 148
32 20
10 17
16 99
37 41
185 96
19 194
195 19
18 21
9 98
185 9
181 5
118 20
182 4
96 7
158 3
80 6
121 40
194 32
22 191
72 80
43 10
122 110
175 28
52 164
54 121
145 149
194 2
95 101
46 186
110 192
37 125
54 165
140 91
41 191
31 9
147 96
171 151
103 111
60 108
175 74
127 46
97 75
28 20
197 62
132 64
99 137
109 23
196 174
28 83
124 191
13 28
46 191
34 167
94 60
102 57
173 14
44 25
125 96
34 150
132 43
95 21
85 78
10 56
27 37
179 99
99 178
70 87
143 93
85 70
83 170
200 27
139 192
136 186
182 177
141 160
91 158
82 193
157 182
157 111
167 81
107 158
116 11
20 14
173 36
131 153
118 136
13 200
143 116
194 106
58 181
34 158
145 48
87 82
22 87
195 124
27 126
31 147
105 193
136 175
38 123
162 143
127 84
8 108
157 87
154 179
194 57
122 83
18 137
180 27
76 24
160 57
189 79
25 172
158 200
9 41
158 63
184 124
196 122
111 17
157 38
135 119
27 185
108 19
176 122
105 97
195 30
155 117
164 32
35 79
137 50
110 144
78 174
197 134
74 191
103 96
35 185
71 45
156 183
82 101
136 10
189 149
44 183
167 200
96 75
73 104
65 78
48 196
118 133
141 83
64 192
36 79
92 60
196 148
141 43
133 62
130 29
32 108
189 84
184 87
171 96
147 191
53 139
7 113
122 200
99 78
24 1
64 191
29 28
42 7
70 153
68 137
155 108
34 70
1 185
199 152
107 59
185 151
99 171
17 84
57 91
11 124
82 89
34 191
128 72
68 197
25 120
186 75
58 159
16 116
188 176
10 35
125 117
90 141
104 100
124 142
106 16
58 72
196 181
178 17
1 179
112 113
15 47
121 141
178 59
48 104
150 148
61 109
65 83
77 133
189 123
25 11
156 149
197 164
99 139
186 159
194 103
111 115
76 88
180 199
160 29
117 52
37 74
73 188
122 152
144 149
170 102
181 2
16 117
18 52
86 175
60 178
46 41
194 165
176 135
141 152
120 175
197 36
142 62
69 62
135 192
157 80
184 177
2 48
54 116
31 47
174 133
152 128
33 86
194 185
82 27
82 118
32 29
157 190
40 130
150 42
108 83
13 94
45 47
84 55
62 148
47 11
35 126
104 72
67 74
41 51
108 190
122 163
172 79
19 124
91 43
143 32
87 151
19 138
128 9
192 32
193 141
20 125
76 51
163 172
22 21
120 165
16 180
85 182
116 188
158 164
86 110
134 125
189 41
10 41
53 38
162 21
148 17
86 17
197 179
77 158
180 169
46 9
180 197
76 164
29 89
70 167
63 16
147 94
23 108
181 65
108 42
12 184
174 9
46 80
57 171
22 98
181 125
58 5
119 145
20 148
84 176
166 164
198 93
46 81
142 92
34 174
98 31
102 115
1 59
105 15
23 87
136 53
70 174
31 101
13 107
165 97
169 7
106 115
160 185
77 89
37 72
137 73
1 93
191 91
38 146
20 67
67 55
124 51
72 40
6 37
119 117
101 142
93 185
123 33
40 11
106 193
15 14
195 49
183 164
74 122
82 107
55 149
138 153
50 34
144 161
135 4
142 58
13 130
40 7
16 37
62 52
76 89
169 129
96 200
152 63
78 18
190 180
149 198
154 48
113 179
33 5
125 106
86 88
178 46
144 19
137 164
78 151
166 17
51 70
106 129
4 76
160 7
86 11
119 63
58 54
90 197
47 108
134 16
40 198
192 43
60 127
73 16
53 80
88 147
157 178
24 113
56 143
60 70
56 24
84 177
116 62
160 10
164 142
176 98
139 14
174 130
142 35
101 20
24 116
27 3
53 157
111 136
176 19
70 52
197 185
192 23
69 119
195 186
161 117
4 59
4 149
195 159
126 132
17 56
69 38
188 149
107 141
194 96
151 13
166 4
97 80
84 2
71 25
78 167
24 22
107 169
64 32
179 127
153 140
195 183
120 87
14 102
73 140
126 177
9 184
104 196
36 8
32 63
81 34
28 89
147 25
34 83
117 127
104 135
55 22
167 54
96 143
162 51
7 172
36 51
95 33
98 83
88 110
139 16
36 75
92 85
182 21
10 109
195 82
84 198
119 92
185 69
119 44
53 42
102 130
128 33
47 98
19 93
90 117
69 192
141 20
105 191
57 47
113 135
133 91
49 161
152 70
37 154
41 25
6 44
124 84
192 19
90 32
41 93
81 120
95 176
122 150
64 163
191 92
46 154
159 125
14 63
120 107
68 189
92 126
141 18
16 176
74 43
176 162
141 149
14 97
32 10
84 139
120 35
125 166
56 145
155 23
33 198
197 188
98 194
107 16
87 41
30 150
102 35
153 78
185 83
71 96
184 28
142 43
94 59
21 74
199 174
46 88
39 134
126 74
187 168
104 96
76 142
162 111
4 75
111 173
123 14
149 184
2 36
142 60
22 146
178 140
117 137
11 87
77 60
32 3
191 200
20 193
61 95
91 154
45 176
72 127
129 142
164 88
97 5
21 174
49 123
119 40
163 13
47 141
127 36
52 87
79 171
18 79
11 18
47 116
73 83
140 110
95 158
25 52
171 176
76 37
75 200
113 122
25 32
124 168
23 9
158 183
145 41
108 30
56 104
159 52
32 126
150 128
9 131
4 87
8 103
186 11
144 101
147 197
156 14
26 81
101 37
109 93
17 183
46 94
44 160
70 12
108 146
78 112
197 186
177 68
131 184
67 96
41 14
59 121
6 40
139 13
1 61
140 40
194 56
185 143
75 2
10 158
157 5
191 63
142 122
72 51
148 58
78 124
25 29
39 118
17 87
10 171
185 166
198 2
175 26
84 72
113 8
22 182
69 80
105 74
90 42
147 3
100 46
137 48
35 115
199 9
127 118
51 79
174 105
132 6
57 136
178 76
32 91
16 114
85 39
188 121
102 109
107 150
188 164
35 153
87 53
131 188
101 66
161 65
27 197
40 45
153 109
113 104
135 28
70 113
103 129
4 71
181 136
82 109
126 105
81 69
103 77
170 103
46 187
185 63
188 110
133 38
180 87
153 104
160 81
45 189
104 30
42 131
77 46
8 136
77 95
168 141
70 65
138 168
83 2
104 33
166 90
12 62
177 80
172 196
112 98
28 142
157 164
46 194
19 153
116 194
103 154
21 82
1 90
33 102
52 196
170 100
60 55
32 109
60 159
190 145
100 38
133 175
102 184
149 112
38 76
66 33
123 134
53 164
10 134
74 72
152 43
23 51
147 192
152 50
90 98
27 40
200 140
103 181
3 37
103 177
17 38
96 19
119 51
14 98
117 180
16 184
156 76
68 66
136 107
75 138
62 101
197 96
159 190
120 94
126 186
151 162
142 108
128 196
69 59
192 190
100 106
90 48
94 146
6 183
81 119
68 144
151 30
127 51
40 96
9 14
5 81
90 25
129 166
147 119
6 67
193 99
65 135
162 189
140 38
125 190
13 160
99 90
168 123
79 141
163 112
129 145
57 49
79 14
85 91
48 179
29 105
200 37
188 42
93 138
82 179
165 46
99 129
147 159
110 26
93 112
74 17
170 48
10 192
40 167
84 132
143 148
59 2
142 100
2 21
57 95
130 24
175 124
33 22
82 98
89 192
195 48
103 89
178 114
146 90
190 121
32 191
82 105
84 98
79 20
161 174
38 94
23 174
170 2
81 43
178 158
176 60
97 39
54 52
95 68
82 187
181 107
97 53
114 48
16 152
106 118
156 33
139 115
172 168
39 12
166 148
27 190
12 5
74 34
162 94
66 123
71 100
31 54
119 2
13 7
113 42
134 23
73 130
198 73
148 155
60 114
135 105
185 52
148 80
82 49
119 90
192 79
39 195
9 176
74 152
4 31
106 34
175 24
111 19
104 127
76 67
181 47
12 84
72 28
181 6
145 163
21 19
34 104
109 4
23 62
167 149
140 59
13 186
83 69
189 147
92 10
34 1
150 61
136 169
23 143
118 196
67 160
99 1
16 13
192 17
64 2
162 134
174 46
3 98
116 13
184 92
41 24
129 179
20 162
99 86
150 141
43 135
180 194
137 62
83 88
9 160
77 32
6 26
39 28
143 104
88 138
102 60
42 20
147 121
30 82
124 102
151 86
185 133
80 47
71 200
144 76
95 140
140 50
130 182
35 68
123 71
18 178
153 137
91 65
3 111
59 104
67 139
14 107
112 140
89 23
182 59
133 130
98 174
196 77
96 192
13 181
99 149
135 111
44 98
122 131
164 144
48 139
33 8
61 168
109 50
54 8
72 15
166 1
183 139
31 42
182 54
196 176
34 28
177 1
29 51
50 99
163 101
148 185
94 115
117 8
97 169
176 150
28 63
65 151
27 90
193 190
112 131
8 76
108 90
45 113
132 63
192 134
170 132
8 158
192 175
90 192
148 59
83 63
82 175
106 136
43 109
67 23
172 178
24 115
34 200
147 164
2 168
115 136
88 193
61 158
44 135
95 73
180 92
68 10
63 134
71 12
14 51
121 94
125 8
171 7
172 107
47 8
174 97
79 69
83 64
191 188
11 114
168 79
117 54
137 196
141 187
51 174
138 132
95 4
179 102
90 13
54 2
32 175
162 168
56 142
111 79
85 140
7 178
160 45
168 136
68 191
89 98
156 90
183 89
55 154
45 81
3 79
63 76
3 71
55 107
55 151
118 81
35 123
74 125
80 63
120 92
62 68
189 40
198 173
59 109
64 41
75 32
78 165
15 99
50 187
189 183
152 85
11 9
94 37
99 76
59 57
41 147
94 187
118 84
117 44
122 21
145 51
2 120
98 29
143 191
154 188
61 182
122 87
73 80
28 41
23 3
121 24
58 196
9 155
31 193
162 150
140 186
93 11
48 22
146 117
82 194
48 50
169 32
54 168
139 21
39 20
73 40
28 36
53 66
59 149
7 16
192 143
5 3
115 16
94 123
51 108
184 50
112 168
83 175
177 106
156 198
40 17
145 71
103 59
32 127
99 43
94 158
88 177
52 191
52 177
97 68
197 139
27 65
38 118
174 47
118 13
142 49
113 88
81 84
25 69
155 21
109 154
3 28
39 84
4 69
89 74
170 143
130 125
72 169
3 36
96 33
159 149
153 119
194 167
94 163
76 183
31 38
128 63
19 175
136 174
54 179
184 157
170 138
200 47
66 182
146 126
177 147
47 125
6 49
29 158
37 199
185 123
48 103
16 138
86 14
45 131
46 164
90 178
73 97
194 193
90 133
165 21
178 6
168 36
139 42
173 108
120 171
32 105
51 191
103 79
181 106
143 90
167 125
37 91
167 85
95 185
168 146
161 157
173 146
3 64
176 154
177 49
2 42
129 193
25 26
110 158
94 190
26 164
140 161
171 132
136 151
83 89
180 44
82 66
189 192
95 132
96 124
42 183
82 68
31 140
99 158
50 122
115 19
95 138
37 152
119 172
76 190
59 136
176 56
80 108
106 77
93 20
71 190
53 147
114 21
59 116
132 155
193 166
81 82
130 179
120 44
108 135
68 112
150 157
17 22
24 45
151 113
2 189
114 52
28 97
80 162
5 182
163 96
86 184
22 86
145 67
34 44
25 111
31 10
67 15
61 194
32 131
125 79
89 94
127 160
55 110
187 157
111 4
84 188
144 12
118 161
135 67
198 52
187 58
159 189
53 13
163 180
173 122
55 79
147 17
111 68
22 25
177 22
84 13
49 188
50 66
106 27
61 91
85 192
169 62
177 196
124 79
169 155
32 163
4 98
153 172
190 26
154 68
155 7
163 115
198 80
108 16
132 28
97 93
161 177
160 114
113 50
195 200
144 79
30 189
147 170
103 108
59 11
128 37
74 56
121 67
104 63
12 188
50 67
74 83
11 38
170 157
4 88
51 110
140 4
105 49
159 6
76 95
143 83
114 81
83 154
196 187
1 25
124 21
110 1
184 180
176 193
152 8
14 74
99 127
48 31
41 119
89 110
189 88
27 92
131 54
145 158
180 150
142 186
71 189
9 144
143 86
82 6
28 61
53 137
147 160
58 101
72 111
87 25
36 1
18 86
53 150
131 96
47 73
97 191
156 23
25 77
131 114
178 78
122 151
161 37
110 59
164 189
109 143
155 135
36 97
148 144
182 155
137 119
13 180
100 195
148 54
194 30
69 77
114 38
105 113
92 9
104 161
87 166
116 53
17 79
129 170
77 159
166 21
200 142
159 116
63 138
90 142
46 20
177 114
200 160
118 79
112 194
1 199
157 7
28 110
152 170
185 131
9 129
125 105
126 68
35 106
49 196
153 15
143 122
9 186
165 24
191 26
93 82
199 51
165 125
13 72
194 150
34 159
86 191
170 38
82 64
91 97
5 52
95 136
133 129
46 18
119 22
42 88
59 162
141 50
50 159
90 175
171 108
16 131
74 82
152 191
165 143
200 56
135 146
128 131
198 190
9 16
137 17
118 87
76 3
54 65
200 192
197 53
198 118
140 154
90 179
171 172
70 48
55 29
133 102
147 116
31 26
186 116
110 30
56 171
15 155
126 7
184 84
197 173
154 87
79 22
188 58
11 119
94 26
71 166
89 1
179 104
151 121
128 133
97 162
28 25
17 108
179 135
122 120
195 34
50 131
74 136
171 188
4 175
28 104
146 51
194 139
172 164
193 44
77 126
146 171
13 169
111 34
46 109
53 85
112 126
81 49
192 70
168 71
9 112
57 96
67 54
195 149
53 118
89 160
92 170
131 18
177 57
192 65
61 35
123 196
6 131
125 29
13 188
158 176
54 92
103 126
129 112
49 27
108 77
91 23
180 129
7 55
126 166
128 69
141 39
187 51
160 183
11 146
25 138
149 88
1 28
142 31
49 111
159 180
104 43
117 147
160 92
63 131
82 145
21 143
12 166
134 45
88 132
170 133
157 118
154 115
29 86
28 64
20 72
100 90
161 81
148 181
33 11
39 108
137 31
119 34
94 103
87 199
10 142
173 80
103 31
19 131
107 121
55 197
199 165
183 197
89 11
68 187
27 70
147 28
72 174
104 41
141 144
38 124
23 105
104 62
2 60
119 82
116 149
67 94
126 157
95 94
28 153
110 180
171 194
173 83
194 170
29 69
121 16
128 42
158 103
126 19
161 85
64 149
94 181
65 68
85 169
88 151
73 160
171 52
97 197
171 152
40 151
41 39
156 124
60 29
92 104
52 126
77 29
121 163
155 63
72 39
70 184
102 198
193 192
18 171
144 4
88 20
43 151
156 97
121 175
12 154
166 198
185 129
17 7
15 109
191 125
61 55
63 60
124 169
6 190
72 170
68 113
181 174
174 198
33 195
119 188
44 137
130 122
2 175
96 15
24 80
190 147
179 13
199 48
117 167
183 188
30 178
113 44
192 53
81 10
97 134
118 151
137 85
42 60
136 103
32 54
6 163
75 56
77 47
170 41
184 143
62 10
51 87
137 83
65 144
191 56
198 200
37 45
69 105
102 48
69 182
52 14
131 169
19 197
149 191
24 152
146 14
82 96
160 12
155 91
57 78
24 52
57 38
105 75
46 54
42 161
146 182
90 36
83 123
56 30
51 38
170 24
124 115
143 95
172 180
83 165
48 172
2 197
17 158
150 19
54 199
141 61
10 112
125 34
144 129
35 38
169 21
67 176
186 106
18 91
147 56
10 183
112 158
5 1
23 111
108 33
6 196
32 74
62 138
75 119
111 66
88 89
110 169
92 89
6 21
188 106
101 14
29 44
42 85
176 107
105 176
125 180
150 113
159 82
191 184
45 20
160 169
89 143
42 175
41 54
4 198
30 12
80 78
67 173
52 58
144 97
128 111
1 171
141 69
191 130
58 147
167 136
90 74
78 179
139 142
140 22
96 39
93 18
182 163
6 55
162 18
72 136
196 105
160 182
170 45
65 43
156 145
61 189
8 163
6 111
101 177
169 138
94 188
84 60
121 102
179 150
10 98
42 169
199 86
11 158
170 111
144 26
121 131
63 109
5 104
173 113
125 179
17 193
21 35
168 64
92 90
165 149
169 161
61 84
14 136
14 88
17 167
189 115
94 198
47 188
96 78
107 187
2 154
143 190
50 9
137 20
39 198
65 129
14 47
101 196
112 96
107 80
167 186
184 178
198 15
173 55
18 74
175 10
65 109
25 51
65 187
22 78
172 175
187 21
28 43
1 26
198 111
68 70
77 34
33 15
47 93
35 63
195 28
86 10
84 187
166 108
96 59
15 164
123 172
169 175
55 168
152 2
12 79
138 70
50 103
1 72
199 195
128 114
57 88
152 123
117 132
31 112
53 141
46 50
31 116
57 196
162 129
149 39
72 27
159 1
65 179
29 17
33 74
58 88
173 150
37 134
192 49
147 132
196 72
134 53
142 128
173 136
147 129
172 57
33 23
103 122
51 62
8 63
8 4
7 91
16 26
28 31
18 175
174 48
22 155
2 109
134 135
93 141
82 171
22 194
81 189
196 161
68 99
79 191
17 153
147 99
113 59
174 149
84 120
177 112
165 174
84 113
12 97
97 112
128 77
77 101
12 172
64 50
199 127
65 95
139 172
116 26
49 45
63 48
178 115
94 194
11 138
13 34
119 84
111 51
179 34
57 118
125 186
173 192
50 12
147 176
14 2
1 178
185 117
172 97
107 123
74 199
196 39
171 167
158 26
50 22
154 51
70 179
131 192
134 61
16 192
46 177
165 154
104 37
1 94
122 178
196 46
193 60
56 54
64 105
34 165
138 162
194 190
35 101
147 163
174 127
130 87
188 91
59 169
23 171
135 151
54 86
15 64
183 4
108 11
157 6
179 122
20 40
122 92
24 107
195 197
124 67
125 92
86 147
75 177
20 71
45 109
90 82
11 104
76 191
13 150
145 199
36 26
101 157
46 99
123 52
196 29
157 67
107 39
26 129
41 101
75 48
199 41
133 140
178 72
43 14
182 194
143 105
81 105
12 92
72 189
37 150
157 76
175 105
192 22
94 195
37 175
141 181
132 148
117 107
73 37
58 104
75 194
195 112
105 77
43 89
89 170
186 4
25 178
98 159
162 50
68 150
190 17
30 124
56 112
41 177
171 199
109 49
190 56
136 37
95 99
32 52
71 111
176 58
36 104
15 61
133 34
17 99
192 1
97 124
200 171
149 185
171 165
80 109
88 168
106 124
195 55
185 89
63 66
107 33
4 79
183 147
40 18
73 142
182 68
13 113
189 95
15 86
199 135
92 123
72 75
36 163
3 124
73 23
68 11
150 140
64 200
98 85
30 159
87 56
2 51
130 20
166 141
35 12
144 109
19 154
79 110
164 128
18 30
130 164
89 186
7 65
183 138
85 183
86 159
121 162
134 11
145 167
15 25
96 64
138 51
40 67
95 35
92 37
50 56
119 101
193 47
3 180
182 25
177 86
178 45
148 91
129 41
11 102
31 152
63 62
140 147
156 79
81 78
58 47
160 142
145 92
33 94
135 107
135 40
138 35
76 23
32 153
87 148
74 133
84 166
38 28
27 51
22 183
83 117
56 18
75 116
65 142
53 12
123 19
60 181
48 200
82 139
128 165
11 159
115 137
28 14
189 196
54 79
149 54
42 159
166 56
68 116
175 8
3 115
113 94
110 108
170 146
55 116
146 139
121 185
87 174
10 181
58 174
198 41
190 69
106 126
158 177
169 22
194 152
107 64
167 58
152 27
127 63
136 19
3 33
136 25
72 57
141 68
106 87
21 47
150 133
37 19
43 113
150 72
160 195
18 189
140 163
38 163
155 172
149 135
14 112
197 33
146 127
141 9
178 130
64 60
72 68
136 70
55 133
22 95
76 57
51 39
133 49
15 58
161 136
194 104
69 61
166 183
61 133
121 184
134 138
193 43
195 72
2 13
31 113
165 26
166 137
77 130
134 199
49 92
78 156
131 120
81 93
33 72
56 184
192 179
4 174
55 44
49 7
156 131
90 70
94 170
120 152
91 58
108 114
45 60
79 151
132 141
173 84
136 171
87 113
80 2
66 117
94 82
112 151
138 23
106 57
120 168
78 7
167 150
123 48
19 17
154 58
32 56
55 153
33 173
64 94
166 162
3 152
35 87
154 177
187 147
158 12
154 99
194 151
35 133
69 137
104 86
162 70
22 10
2 114
154 5
5 79
17 102
173 118
11 50
70 103
90 31
26 43
185 175
89 80
106 131
125 55
41 178
198 83
68 90
39 13
124 185
12 148
198 37
149 114
73 127
168 33
121 153
11 177
105 33
77 86
151 44
124 176
165 32
163 3
27 187
58 185
24 34
169 162
148 149
51 89
199 188
195 125
4 113
72 47
18 100
87 173
196 42
153 20
85 122
50 95
94 43
117 111
162 38
8 109
124 177
87 49
89 35
52 121
197 113
91 86
193 18
174 157
126 172
60 106
46 67
8 193
161 78
61 136
179 170
168 142
117 196
129 13
148 89
162 116
178 67
78 89
116 52
123 67
10 65
65 145
49 15
104 146
138 58
149 179
36 56
118 85
144 13
180 55
178 136
3 54
8 185
194 38
71 198
6 59
66 47
126 140
190 51
108 187
158 130
30 38
183 73
3 85
27 127
188 32
21 123
142 180
34 93
40 183
110 142
156 103
108 1
104 95
167 21
102 185
20 41
130 124
76 132
197 187
199 155
91 171
120 117
192 59
164 155
138 177
70 67
5 149
60 59
145 76
20 187
139 29
141 98
65 191
130 58
124 8
147 195
182 1
36 196
93 192
89 144
62 48
160 24
196 82
95 148
76 72
196 18
12 164
131 164
147 109
19 36
146 31
181 160
18 105
99 37
196 55
133 89
39 112
11 110
154 63
156 158
74 184
54 10
146 148
23 46
191 136
100 143
113 37
170 18
77 174
28 181
7 123
34 120
106 91
34 182
45 193
14 96
135 76
128 38
43 126
139 15
39 38
104 29
180 132
159 136
110 54
169 67
160 133
4 21
19 6
83 49
32 40
137 146
62 129
150 86
198 187
194 8
84 42
85 60
26 88
65 190
147 155
181 50
35 4
121 160
148 174
72 62
11 16
16 85
136 119
148 61
161 75
79 24
33 70
23 26
50 130
112 164
194 4
96 100
51 123
179 165
167 12
177 179
126 188
144 37
94 108
14 1
11 101
171 93
163 132
2 136
123 193
132 32
6 193
114 157
37 149
46 110
190 140
108 150
104 132
43 66
113 30
192 34
155 52
163 137
155 123
23 159
94 168
183 28
31 45
95 15
111 183
75 101
181 7
71 18
56 186
47 18
76 109
26 128
130 199
186 18
53 44
199 184
73 29
78 199
170 23
4 181
198 21
40 185
144 107
134 119
35 187
198 155
159 174
16 76
146 115
147 37
180 155
146 43
94 5
102 155
19 165
176 6
100 175
72 30
183 37
163 187
69 78
191 5
110 166
4 110
102 23
24 17
88 7
65 136
154 24
175 131
59 185
175 186
91 3
174 126
84 172
59 173
139 134
17 47
78 34
44 84
197 118
113 118
29 132
110 47
132 135
7 142
4 93
12 24
6 191
22 72
51 166
43 59
139 66
178 176
36 43
26 56
103 1
83 45
186 164
64 52
165 176
96 162
78 196
73 93
68 40
182 39
185 7
28 158
96 190
94 50
125 123
14 33
88 2
83 133
141 37
76 158
130 113
29 20
127 89
58 190
183 151
168 81
168 28
42 178
47 38
153 39
39 7
5 177
98 132
74 29
9 78
33 80
14 142
151 193
38 81
14 194
124 47
107 1
20 129
8 6
61 7
97 15
143 51
35 76
71 80
127 34
6 99
30 121
94 2
43 110
32 110
59 27
17 136
111 16
54 197
176 119
132 26
39 98
112 24
170 107
100 26
96 142
89 97
151 58
128 199
108 68
109 195
84 194
116 102
129 88
47 195
40 146
75 1
74 35
76 111
43 9
62 99
26 105
122 161
56 134
54 94
198 189
177 140
181 116
17 189
134 194
44 177
180 23
110 173
106 76
124 197
175 168
58 57
4 143
2 17
189 16
180 96
90 43
144 22
198 10
146 17
177 128
29 34
120 30
80 7
48 150
175 81
96 16
156 162
5 37
162 19
154 82
134 171
182 108
175 11
130 84
90 139
195 63
153 57
22 8
69 98
175 93
85 54
58 42
73 52
49 136
189 195
161 133
110 132
93 58
122 88
191 182
7 27
70 141
3 177
183 20
188 85
140 118
156 58
56 28
138 146
20 87
177 183
151 177
171 122
45 59
35 196
59 85
25 153
1 197
2 31
34 198
83 77
147 194
110 182
40 116
121 55
160 129
180 43
103 189
20 15
132 80
129 197
74 86
69 112
72 54
17 70
177 162
52 179
80 60
182 120
112 187
62 95
55 80
100 76
155 3
180 49
200 151
22 120
85 198
177 23
13 97
36 122
70 180
187 169
47 30
179 18
27 34
114 171
117 150
146 109
60 121
22 99
132 124
121 130
85 117
119 58
9 135
58 183
150 97
110 76
153 146
53 125
113 40
103 44
168 173
117 11
58 33
127 145
118 191
40 128
189 36
98 126
194 100
38 156
104 50
10 137
94 18
138 74
101 8
199 96
134 157
9 182
59 114
28 148
6 1
80 176
40 124
5 130
50 62
51 159
173 139
178 148
17 199
173 93
195 174
182 106
104 173
96 146
14 16
164 104
83 48
75 135
177 100
26 58
40 111
172 120
103 6
182 89
11 154
106 112
99 7
177 144
96 184
76 180
200 23
87 88
78 170
103 71
164 118
14 85
119 196
108 89
23 48
1 121
147 97
167 178
82 102
155 143
195 181
179 138
31 72
15 171
47 46
44 72
34 103
139 195
41 26
120 155
158 20
142 198
139 4
146 100
12 109
103 95
90 88
170 20
187 15
59 196
60 72
108 188
152 73
193 180
12 126
111 13
144 150
172 114
195 116
12 49
161 43
72 134
14 12
156 85
41 91
176 120
39 90
108 120
68 172
38 176
141 109
17 60
33 10
126 129
135 51
17 127
12 176
77 157
25 131
126 62
71 146
110 21
107 35
152 113
36 198
104 148
52 31
153 106
20 164
40 164
126 18
57 83
187 125
137 15
4 114
91 73
60 7
42 142
103 61
183 99
84 37
31 70
39 50
102 150
99 159
176 160
31 95
82 149
105 177
61 64
147 165
182 95
77 176
11 194
67 185
158 117
49 42
35 171
144 81
48 47
153 103
73 100
197 189
41 112
135 184
128 138
29 59
41 63
19 28
196 170
146 2
93 110
7 141
8 131
170 31
33 81
151 82
154 42
162 180
114 148
79 58
91 162
143 110
48 111
23 114
161 57
20 111
159 117
161 71
63 141
64 35
128 97
47 140
123 91
122 192
56 60
27 148
194 122
4 77
83 139
134 82
90 200
17 179
5 74
32 181
20 178
132 191
62 135
26 152
62 49
126 130
64 176
91 169
76 96
34 187
110 124
149 162
166 102
115 97
45 197
149 3
18 85
108 4
54 91
109 165
88 141
179 42
144 103
6 92
165 16
140 171
131 93
166 32
141 183
127 187
40 47
155 70
81 83
48 132
190 39
14 129
113 21
137 29
167 35
129 100
158 157
32 179
27 88
82 190
17 28
13 135
49 84
187 177
119 149
86 127
70 100
26 139
33 25
40 177
184 181
167 160
155 78
82 5
69 15
44 19
146 21
137 25
199 80
89 86
131 37
29 127
145 94
83 172
170 22
164 58
60 180
120 20
137 4
31 162
155 94
126 159
64 97
70 188
130 157
102 7
118 115
20 116
130 177
167 14
100 160
54 63
2 185
173 195
84 122
31 61
97 48
27 87
81 158
64 146
35 42
62 11
190 3
37 33
24 128
143 177
56 89
54 127
96 93
123 105
180 67
107 54
19 49
32 31
63 200
198 100
137 180
8 142
32 190
135 94
140 37
44 93
9 154
47 89
8 126
114 169
23 32
159 29
135 173
40 24
57 86
141 19
65 137
114 130
9 52
163 74
124 127
182 6
10 165
31 125
184 183
51 120
115 8
119 160
30 181
49 96
106 163
75 168
44 31
196 121
183 159
161 5
65 173
67 44
152 98
48 155
162 41
145 96
184 123
120 65
155 14
161 73
5 56
181 46
127 153
43 175
117 65
95 197
150 56
197 171
94 101
123 121
3 173
143 48
160 135
169 139
93 63
120 127
141 52
117 174
72 88
3 56
165 50
55 65
14 100
98 87
148 81
155 73
61 13
127 103
133 169
29 15
106 69
89 32
5 65
21 31
110 70
40 100
180 68
10 51
147 168
46 4
141 92
65 182
144 159
138 136
159 79
188 75
173 77
67 47
196 191
9 51
146 195
60 69
117 135
161 119
95 150
111 97
51 121
71 131
161 175
44 108
10 190
13 75
123 59
122 118
1 135
119 131
15 200
112 19
94 53
107 129
41 131
12 17
122 51
182 126
10 126
16 8
10 150
141 104
14 81
20 10
178 171
86 112
42 144
84 199
173 61
58 100
161 84
64 181
112 143
3 63
64 174
110 120
94 93
130 72
127 39
134 185
48 78
151 198
110 178
39 178
40 13
109 162
101 91
64 199
22 34
29 122
8 173
5 51
162 48
51 97
112 198
116 164
35 141
72 177
84 156
111 193
69 108
199 99
160 50
1 67
176 63
45 146
53 92
74 131
92 43
128 86
187 148
73 8
27 41
174 61
195 1
46 42
189 144
25 164
145 180
97 96
34 42
12 129
142 48
132 72
22 91
69 140
82 143
67 36
128 56
54 171
122 66
118 159
27 170
153 75
169 188
74 87
185 110
39 103
52 193
55 114
154 199
14 46
181 24
136 130
8 191
141 134
85 74
131 174
65 18
200 42
19 142
163 1
83 130
112 136
99 190
189 49
57 33
45 48
182 189
9 132
70 58
199 30
135 153
147 6
84 87
3 112
52 145
179 44
98 6
34 164
55 83
165 93
17 36
33 55
90 184
113 58
70 129
163 143
91 10
14 60
187 146
75 29
31 126
50 108
29 174
149 74
180 93
88 121
193 174
198 75
140 173
167 138
83 70
195 17
110 200
97 155
88 77
162 93
24 31
174 168
95 100
30 161
69 168
64 101
169 174
18 83
105 25
157 140
78 187
90 58
195 107
43 154
157 137
189 29
129 80
132 162
55 139
4 67
123 103
125 104
152 14
74 38
10 72
17 151
153 157
191 24
79 28
118 135
197 102
8 146
34 108
126 97
171 88
75 183
163 104
191 39
16 66
172 167
115 34
178 101
196 198
79 199
3 194
80 159
163 151
123 42
72 197
41 161
175 109
45 183
6 75
197 3
104 120
118 162
28 136
199 176
91 109
173 94
102 138
105 40
43 144
97 121
148 85
159 49
23 98
39 37
199 43
113 146
46 29
13 82
183 129
19 98
167 174
78 49
60 34
187 19
120 97
174 188
110 8
6 7
16 20
170 110
175 68
147 55
108 98
104 123
144 104
178 49
179 141
112 155
159 76
86 141
36 180
25 190
73 9
140 25
141 44
69 170
50 196
52 33
72 124
93 92
144 192
110 17
104 139
165 108
10 135
135 55
48 186
115 151
131 31
42 97
69 22
178 27
64 175
119 29
194 107
59 20
47 74
185 54
129 195
25 97
196 33
113 65
156 65
122 44
137 61
126 137
200 196
61 117
27 56
160 59
36 107
37 177
71 153
137 47
59 175
160 3
163 190
15 148
191 187
46 91
200 81
84 57
23 52
11 148
184 192
25 4
198 67
68 106
86 100
199 107
156 5
131 176
99 4
110 183
19 74
168 58
92 13
183 41
160 109
168 8
80 38
71 171
4 36
53 177
27 81
39 197
10 116
145 170
148 31
172 174
178 159
13 161
24 156
184 129
199 109
32 130
114 145
39 66
86 145
12 29
154 90
150 89
143 134
46 26
9 17
110 113
113 108
64 13
119 197
38 142
77 177
19 34
78 111
55 143
199 187
73 125
106 23
134 175
37 1
53 186
49 3
26 40
93 145
176 191
5 63
27 66
149 97
164 98
125 109
3 131
81 58
183 161
87 8
189 175
28 71
60 174
62 93
171 65
89 194
36 108
66 76
177 55
150 187
24 120
163 194
10 21
185 101
22 26
35 44
66 120
59 179
198 51
94 7
15 88
83 113
158 66
60 3
156 170
99 102
93 124
64 33
65 48
140 35
143 67
163 88
173 157
129 96
57 187
46 159
47 122
200 73
92 192
25 54
110 18
174 43
23 1
184 40
103 190
10 48
127 148
128 158
187 4
55 148
44 159
29 101
121 92
195 76
40 171
147 136
71 107
72 53
77 64
72 190
120 132
113 99
68 75
138 113
151 120
70 71
80 56
125 197
43 139
57 121
19 188
183 15
99 13
51 4
112 144
141 36
115 142
159 12
99 91
137 128
72 122
76 14
70 114
42 182
144 170
7 121
91 68
83 194
161 56
48 176
66 24
93 169
49 186
47 192
154 28
69 173
84 96
130 107
143 199
5 122
16 178
5 170
153 91
170 116
64 8
54 195
160 5
39 70
141 117
144 40
48 188
61 193
105 152
118 51
47 91
30 77
120 26
173 12
152 131
101 133
38 165
186 93
162 135
129 59
30 184
196 96
29 168
6 61
51 81
60 198
75 130
198 11
55 21
162 69
107 200
35 99
25 79
75 176
20 64
31 79
110 45
48 96
52 69
3 62
125 64
3 164
171 158
108 41
42 73
112 88
81 165
87 142
81 173
191 55
77 92
76 163
196 183
164 29
170 101
120 23
37 63
123 46
147 111
162 115
110 67
160 96
51 149
153 63
197 60
135 142
143 176
172 131
145 60
168 60
90 148
133 37
113 170
111 30
29 113
84 154
34 156
166 97
45 184
31 138
4 74
54 26
187 123
130 39
37 43
50 194
32 198
102 182
6 118
80 160
139 32
86 117
97 81
84 180
14 186
151 154
127 180
41 4
139 28
163 184
33 46
11 27
140 49
83 151
150 15
187 37
161 88
84 6
8 91
148 43
93 168
186 122
107 52
80 163
68 151
27 69
9 187
134 153
7 108
159 131
16 156
150 55
69 1
185 196
43 25
100 135
161 152
44 142
133 11
80 51
21 69
134 52
91 56
154 69
165 122
96 164
185 56
108 111
46 128
38 32
29 79
93 161
148 102
181 25
163 30
47 92
49 200
69 131
88 131
159 168
168 152
54 37
108 130
78 71
62 57
52 180
5 18
65 140
155 95
163 179
90 103
120 195
163 47
144 163
69 37
186 81
31 104
98 92
11 39
127 144
46 8
27 35
7 54
110 29
51 153
7 58
110 134
80 147
200 179
67 132
34 95
89 2
55 90
63 143
45 115
6 187
56 164
140 11
128 13
65 17
122 59
190 174
89 71
44 163
33 151
24 136
55 19
103 179
170 118
84 58
197 7
26 127
189 139
99 73
7 140
39 163
53 121
113 161
57 143
150 198
56 41
24 90
12 191
57 12
199 113
112 109
7 4
11 123
179 196
144 178
145 90
109 87
89 5
144 172
153 122
170 192
73 56
103 187
157 34
142 53
100 113
70 35
73 199
15 121
145 77
34 39
16 199
11 192
22 180
14 61
84 115
18 157
167 4
137 131
139 97
43 150
35 90
1 9
96 46
128 193
57 14
127 133
144 108
36 130
48 25
78 87
74 36
112 71
4 61
110 82
71 68
189 151
179 86
101 154
144 162
87 169
60 53
15 62
91 40
140 159
49 165
167 43
176 52
41 174
154 20
10 149
44 146
162 88
183 104
193 120
188 118
135 101
55 40
173 88
162 75
116 117
35 108
150 149
19 33
16 147
100 22
157 125
15 181
111 84
76 44
127 7
118 139
69 46
115 184
168 70
100 124
58 31
8 67
159 124
123 95
100 156
163 65
27 86
76 69
34 105
35 122
172 45
199 177
105 94
119 130
172 47
59 79
167 32
116 145
194 78
32 115
158 172
153 154
57 164
158 84
157 192
118 54
112 119
141 125
55 11
132 183
114 137
123 73
116 88
100 88
123 34
132 78
44 121
116 92
148 124
86 5
10 102
23 19
193 98
5 169
15 115
104 114
10 49
14 161
23 168
139 12
170 55
45 181
78 197
84 157
198 123
157 43
131 77
4 173
154 45
128 135
44 41
21 141
69 117
129 93
37 29
19 95
100 42
127 2
18 103
154 133
102 52
130 144
92 83
139 154
138 21
58 173
17 169
143 130
143 182
26 14
174 11
64 72
75 149
113 69
178 86
60 37
135 103
161 128
45 168
143 141
125 23
176 194
63 102
80 139
25 40
108 160
39 59
187 183
195 153
35 25
161 145
44 191
155 90
194 137
147 72
7 153
103 72
114 101
136 162
128 94
109 148
103 62
39 26
138 60
5 30
171 16
121 98
60 192
29 153
1 45
149 14
200 7
18 169
199 45
142 23
168 32
3 94
155 29
62 43
87 30
128 99
58 106
193 164
4 161
171 19
178 89
5 75
190 52
7 109
24 140
29 109
9 111
26 5
112 181
195 25
108 59
22 143
87 37
124 23
88 97
148 21
65 200
183 63
5 164
146 185
192 168
111 174
196 45
97 193
3 59
18 188
179 121
34 189
39 93
141 186
13 166
64 134
149 136
196 56
121 68
66 73
103 46
160 61
162 98
126 63
96 169
84 190
106 139
96 87
105 14
78 193
185 169
166 159
66 104
165 29
189 54
147 112
138 199
101 25
184 112
69 199
151 66
36 35
135 36
118 193
124 33
86 118
193 72
121 155
158 151
70 159
86 132
164 27
160 163
21 118
191 10
23 121
129 199
151 69
128 3
173 17
43 176
166 165
195 110
57 9
39 89
136 97
3 2
54 174
24 96
110 150
73 172
180 66
35 75
99 174
77 80
144 171
151 34
48 5
48 122
163 77
52 11
181 92
18 168
20 33
14 113
15 175
128 141
48 115
182 67
111 154
166 60
182 112
126 169
17 170
32 98
41 110
191 153
182 161
43 41
162 113
155 44
115 161
64 24
170 15
180 81
18 139
54 33
52 80
111 96
6 171
108 79
188 162
74 103
137 192
133 151
43 134
164 33
126 56
86 164
116 79
186 151
87 127
84 178
146 67
146 57
12 94
110 34
169 101
40 2
193 200
148 82
11 58
66 45
43 67
194 143
162 187
85 34
168 59
179 73
64 106
126 145
177 6
122 116
36 14
80 41
141 2
52 133
7 8
190 97
49 29
165 82
69 12
66 144
71 39
57 13
125 85
111 177
185 87
171 17
27 184
109 53
183 148
75 140
73 194
165 132
168 111
102 26
156 178
194 157
26 173
57 20
123 129
99 141
48 153
163 156
25 102
120 102
101 96
172 138
124 82
51 66
39 2
124 192
8 127
109 44
82 128
170 39
198 101
66 199
67 13
101 24
49 126
25 121
103 148
77 179
184 20
152 106
168 196
9 94
153 92
163 102
182 103
170 189
38 18
149 61
195 119
62 26
125 46
81 125
68 131
171 124
187 11
106 55
57 26
49 174
189 126
164 94
177 197
79 164
192 52
3 83
192 9
40 190
73 14
149 19
71 49
114 83
110 83
183 124
39 113
130 17
102 3
157 62
6 148
107 147
137 12
170 65
145 8
58 59
28 75
39 5
148 156
110 84
15 193
12 96
46 166
136 62
53 132
98 38
186 21
52 7
72 43
54 36
101 46
186 73
44 198
139 30
67 66
193 16
200 178
7 137
83 146
173 99
90 174
155 72
170 13
55 111
142 109
186 72
154 44
123 13
152 133
98 170
117 143
168 99
57 1
38 192
199 153
42 149
85 40
105 171
40 178
36 137
71 114
170 191
142 91
157 155
73 90
134 19
79 178
39 137
85 69
125 115
39 158
143 5
64 31
38 37
71 97
159 191
195 191
121 170
55 1
75 151
96 178
95 89
171 102
124 24
68 30
72 35
105 30
151 36
92 155
95 56
188 82
163 57
149 125
75 77
143 25
125 16
181 165
179 67
175 144
199 46
8 83
33 30
85 76
176 46
140 68
45 14
64 84
40 169
30 53
141 198
46 122
128 118
198 127
106 170
101 152
134 91
55 178
1 54
62 8
113 101
192 48
185 16
132 109
75 44
191 173
62 106
193 94
191 42
123 97
16 21
68 18
164 103
144 24
185 113
129 188
126 88
194 63
106 108
40 95
29 190
54 29
1 153
21 161
63 31
150 49
84 90
158 87
147 12
9 33
158 67
182 137
159 100
162 152
159 153
93 128
192 119
137 184
25 196
184 100
71 152
184 194
104 32
185 17
92 138
168 166
58 195
74 107
16 33
23 29
161 179
174 123
182 99
197 15
195 51
80 84
165 35
148 9
6 50
16 151
192 197
28 67
48 36
191 127
98 43
154 95
16 49
167 73
99 170
17 176
98 196
133 66
195 84
148 75
1 79
189 23
144 194
90 8
139 119
93 158
114 84
108 145
23 184
104 133
128 2
139 6
101 111
111 140
18 60
4 134
55 17
13 74
150 191
175 157
114 185
133 182
143 91
21 135
32 83
10 79
157 147
165 170
37 31
66 91
47 54
90 172
92 11
125 189
119 146
9 18
142 175
14 18
110 104
16 61
31 186
150 137
103 92
13 148
145 135
106 39
32 199
92 52
95 116
90 169
67 32
51 52
146 144
132 66
151 137
148 192
184 175
16 67
49 121
100 59
65 37
88 101
199 59
132 167
98 151
150 60
170 160
18 63
124 71
87 101
144 50
172 59
165 195
134 181
148 153
53 190
174 39
183 172
51 194
187 17
17 49
112 57
12 2
180 104
132 96
92 20
129 24
9 165
56 119
182 38
175 167
115 93
120 158
184 114
117 198
28 131
2 117
91 128
87 69
172 24
80 197
121 18
140 53
47 115
43 182
102 188
84 54
38 199
83 6
134 70
30 16
168 84
156 160
67 56
100 141
115 158
124 70
49 141
139 113
85 100
139 126
195 31
172 200
5 8
180 14
138 13
122 190
162 56
142 116
16 161
54 55
174 118
79 61
25 124
106 86
116 127
122 104
200 130
51 33
83 87
2 196
11 168
120 173
99 194
59 124
61 169
61 187
132 131
84 97
134 129
131 109
102 144
120 67
156 132
171 113
31 88
18 4
104 106
108 46
22 32
27 149
16 145
127 154
123 68
157 54
22 84
151 167
147 5
118 65
25 60
98 70
199 4
157 177
45 30
71 155
27 45
172 181
93 127
92 194
185 157
114 87
148 33
130 109
161 46
67 141
14 197
120 115
158 23
157 11
172 112
43 170
5 87
188 46
154 120
48 180
190 195
50 2
171 5
99 48
139 107
44 59
77 66
182 91
5 84
22 125
70 165
197 16
26 99
52 17
97 145
31 33
64 55
151 9
13 122
52 42
151 176
62 60
98 79
91 62
132 87
174 108
93 23
6 149
192 151
9 61
88 34
22 88
163 22
30 27
103 196
148 97
167 49
83 102
72 149
26 180
121 178
85 109
16 6
108 101
153 68
77 116
38 42
58 89
158 147
81 12
159 39
85 150
87 14
31 110
7 148
122 94
20 149
92 124
7 69
131 194
143 156
116 78
151 140
10 176
108 82
170 63
13 131
14 172
28 150
6 138
11 185
184 147
182 135
192 142
79 50
197 46
194 166
32 135
191 4
89 145
133 60
78 184
59 101
100 99
102 21
178 11
1 7
141 5
46 148
159 5
18 67
133 132
71 175
76 48
163 90
100 123
20 31
162 24
193 162
41 107
53 149
61 65
188 163
51 189
138 157
144 77
165 177
193 137
35 190
86 24
183 46
32 136
174 75
85 95
98 195
152 45
127 49
34 7
183 109
189 63
72 183
68 12
180 187
72 142
57 34
40 53
175 66
88 144
117 112
162 67
135 189
57 135
42 194
199 178
100 62
57 166
181 78
197 42
50 78
8 182
142 39
58 161
184 77
138 196
144 2
60 24
22 135
112 35
150 38
55 137
67 93
124 128
113 184
118 199
30 74
64 147
146 133
1 52
145 131
55 120
137 100
91 82
114 10
81 7
57 130
148 198
160 14
43 8
103 43
100 119
88 107
24 73
175 174
83 66
3 61
184 1
16 167
153 67
39 18
133 103
13 168
172 149
74 121
71 94
79 52
78 77
157 51
194 108
134 77
33 75
50 126
60 191
20 73
194 172
57 79
135 185
161 121
109 181
138 96
147 18
26 37
86 170
166 171
62 131
164 106
141 97
136 43
199 29
68 155
34 35
188 179
85 141
150 105
162 1
48 7
109 124
2 103
192 111
57 173
141 114
168 51
196 142
150 193
65 80
180 122
153 31
104 39
130 96
101 159
133 117
184 80
121 129
72 79
94 186
25 70
39 200
193 42
16 179
200 169
136 196
142 105
3 69
136 35
138 165
67 102
87 81
183 53
66 41
113 41
128 186
151 96
140 56
128 15
33 134
47 69
75 90
31 159
110 57
89 128
97 116
185 138
199 131
184 162
86 79
95 199
173 196
186 62
9 80
180 64
191 135
181 146
34 76
182 47
176 130
40 29
157 102
24 89
123 154
174 27
183 31
45 123
30 187
28 162
194 79
137 188
134 165
96 95
109 88
38 78
17 175
160 137
54 13
128 31
61 80
65 2
67 72
19 168
108 196
47 180
22 28
150 14
107 78
107 157
56 77
124 101
134 120
61 99
64 172
21 36
77 74
180 188
175 76
49 113
8 197
122 60
107 91
102 20
93 189
66 30
148 14
10 132
52 60
161 141
29 200
164 148
5 9
107 166
66 147
6 89
96 38
106 140
24 82
95 29
170 187
78 93
131 190
181 52
62 40
18 200
43 187
172 27
143 114
181 29
173 169
8 121
104 145
44 105
53 133
175 34
171 67
179 96
186 192
174 81
193 3
46 5
156 19
141 119
147 142
92 110
53 49
47 165
99 117
116 104
195 35
78 145
191 11
37 159
173 163
119 138
128 170
117 134
178 80
107 10
39 132
136 127
72 59
87 71
149 182
65 57
8 133
119 185
62 83
134 48
79 195
80 35
29 72
12 106
155 159
42 33
40 84
139 2
112 82
167 93
11 44
17 152
41 187
18 6
112 146
124 48
200 175
175 44
22 154
7 15
173 162
157 105
158 118
136 82
41 114
136 5
184 53
67 11
68 142
54 176
120 38
96 23
177 2
11 51
58 78
69 9
105 41
58 49
92 72
117 131
143 138
109 128
39 138
25 155
137 49
70 56
29 99
149 139
129 40
37 190
77 97
37 117
88 102
32 76
39 152
43 164
108 112
135 73
24 153
169 137
65 50
141 158
75 106
181 117
173 166
104 15
186 178
62 35
142 163
134 156
5 13
39 74
175 35
36 172
28 112
199 19
1 151
2 118
143 153
75 158
62 143
196 126
186 161
22 107
137 129
123 144
56 45
187 86
3 65
78 17
70 169
78 73
43 165
38 67
99 151
164 136
111 64
189 33
134 196
76 189
125 91
174 183
195 150
144 122
32 157
166 76
46 45
5 187
114 135
148 99
1 143
153 6
98 173
129 97
92 63
75 124
33 170
104 47
165 126
15 17
14 126
146 75
73 57
167 52
59 76
158 24
155 126
69 23
156 104
167 89
103 36
23 151
135 92
158 148
93 104
38 95
179 83
121 183
109 116
61 161
197 5
141 123
49 40
89 75
86 130
147 103
162 194
16 53
139 145
166 197
59 93
79 70
52 45
82 15
69 68
55 34
138 68
59 48
91 15
122 77
37 171
89 135
90 65
40 35
196 184
142 45
27 48
12 42
84 86
69 144
156 56
129 174
183 23
108 25
10 125
19 82
176 51
66 173
43 85
158 42
147 89
51 54
104 142
130 61
101 17
4 60
66 10
120 125
18 160
199 162
8 159
103 159
93 153
183 163
133 68
125 112
134 65
166 121
119 4
107 162
176 35
69 166
37 179
141 66
31 124
97 98
47 5
57 122
136 94
172 162
25 8
63 164
151 106
199 71
164 156
146 98
36 200
100 30
125 168
109 187
59 99
187 44
185 186
123 72
157 71
22 70
91 149
101 139
70 109
101 182
80 32
104 107
93 166
5 185
166 67
166 48
103 166
179 189
19 57
11 35
35 162
125 54
190 109
28 199
184 138
151 123
94 197
36 169
116 135
14 141
118 93
155 173
171 77
181 133
125 151
78 92
57 158
86 23
47 143
120 78
135 2
83 160
200 21
149 129
70 53
100 21
106 33
28 122
135 157
108 143
152 92
156 115
103 14
25 27
96 135
35 161
30 183
187 106
71 156
126 170
89 116
185 109
152 182
9 20
176 149
135 54
17 105
131 191
193 39
125 4
147 98
155 124
117 32
95 11
126 20
139 69
71 148
50 20
146 54
165 56
119 182
186 35
146 61
121 109
113 22
87 89
198 86
13 185
81 35
13 38
156 51
96 173
111 163
41 155
173 124
190 90
145 154
200 54
14 111
141 29
1 106
78 157
69 145
84 145
117 178
65 97
63 114
76 192
102 68
2 153
200 59
78 79
80 75
55 112
113 85
158 50
109 57
34 17
12 76
142 149
24 163
72 98
140 33
123 106
31 176
144 119
7 196
92 111
113 90
1 78
65 71
175 160
52 35
39 82
69 152
189 114
184 19
31 96
179 7
9 76
192 172
129 16
175 49
28 93
109 118
182 156
166 151
39 16
36 66
7 194
133 43
62 150
104 175
177 110
82 192
56 7
190 146
138 32
77 61
64 14
167 18
19 68
186 168
107 92
158 119
188 96
190 149
36 179
113 148
58 44
4 197
23 152
147 104
138 139
130 146
130 42
1 193
28 88
112 162
172 109
114 105
65 40
14 195
148 32
77 28
194 28
1 157
40 69
13 22
116 174
167 162
162 95
159 156
20 24
59 12
101 175
163 14
20 74
178 65
169 154
82 158
31 91
187 14
92 159
51 55
132 142
38 75
80 26
18 37
90 7
141 91
198 145
159 187
181 41
107 8
167 188
47 199
191 100
28 2
6 62
144 20
193 122
64 88
55 119
37 20
11 64
83 35
94 39
123 31
110 50
199 13
42 133
121 105
5 101
12 171
149 124
78 56
187 151
28 76
200 163
45 153
189 19
187 2
79 83
147 13
62 16
98 200
131 85
27 188
65 39
121 69
135 120
130 135
28 197
8 34
181 70
88 155
25 47
69 99
189 35
148 163
184 25
29 2
150 129
16 15
56 105
27 28
139 76
180 151
60 179
96 114
105 27
46 156
194 69
146 23
177 74
71 74
163 23
34 48
61 140
151 148
110 56
51 139
26 85
5 91
157 68
106 79
56 152
32 129
64 171
74 40
143 188
108 134
35 32
142 88
85 35
3 101
144 125
9 114
66 113
121 150
76 5
20 91
8 164
95 45
127 115
6 129
156 64
135 186
168 92
128 119
96 92
147 138
184 3
110 74
143 183
131 108
102 123
19 200
157 104
63 167
42 43
167 84
24 179
99 79
59 83
158 114
133 116
52 44
192 182
134 32
88 160
147 70
99 60
155 107
117 48
111 197
198 3
67 75
135 124
5 114
123 9
171 85
121 71
186 77
120 64
11 155
86 80
99 38
53 20
99 65
42 63
117 10
57 108
122 175
187 175
33 63
160 152
158 165
75 61
175 95
43 11
12 101
19 100
190 172
55 59
64 133
192 26
52 37
54 89
115 110
174 50
194 12
126 95
159 90
197 44
17 43
164 72
184 34
157 50
140 71
24 145
13 101
33 199
6 28
154 31
62 161
137 138
80 192
94 66
86 173
45 91
200 16
127 106
151 31
6 15
132 59
97 7
44 116
126 179
125 84
105 119
138 65
40 3
186 37
146 52
106 134
69 114
60 54
86 188
114 109
93 183
194 81
200 119
179 140
154 25
137 5
96 177
14 153
10 74
19 45
20 23
121 194
184 67
94 40
161 170
15 177
27 153
34 31
27 98
126 152
195 184
155 195
91 174
164 182
107 173
69 97
116 165
32 193
107 9
40 110
96 25
152 60
104 14
79 71
133 145
92 186
134 151
36 13
186 107
54 191
109 34
171 4
156 83
39 167
89 72
28 186
159 63
33 182
130 98
65 9
186 123
46 31
33 71
190 179
83 42
113 180
98 186
55 12
59 95
24 98
84 1
114 99
59 65
62 85
162 78
85 120
144 94
59 56
187 161
145 183
14 25
33 29
105 12
106 197
29 193
120 60
27 131
69 196
131 147
87 59
30 6
138 122
119 14
47 109
30 73
82 178
169 190
116 192
182 40
30 170
44 79
104 191
172 116
162 72
126 111
123 179
174 53
51 32
114 112
81 146
154 17
53 181
158 153
134 154
76 105
81 59
64 113
170 119
38 48
18 44
104 140
67 148
167 91
10 94
121 158
58 118
127 40
40 187
49 183
101 43
86 16
38 185
57 190
181 177
20 97
107 50
163 82
189 160
156 91
151 25
39 160
91 96
23 173
165 159
61 19
121 111
59 154
94 156
152 52
16 137
45 122
133 67
120 93
165 188
127 19
128 52
111 85
92 162
11 125
58 180
99 77
175 119
85 81
119 107
18 20
141 94
161 139
119 18
78 70
3 92
120 174
189 99
144 44
139 117
114 66
25 17
35 129
19 130
177 38
161 102
30 39
149 65
142 79
85 114
109 103
52 55
195 69
119 111
192 18
88 98
1 51
191 154
109 16
122 76
145 38
55 160
197 82
71 129
71 188
36 177
91 110
142 123
72 135
96 109
100 82
144 15
48 113
2 147
177 192
50 35
109 150
200 79
39 145
89 163
146 79
185 51
127 10
108 78
194 95
180 128
133 122
181 69
97 37
167 191
112 170
38 101
153 145
191 33
39 58
194 93
187 153
178 32
118 134
97 9
159 78
165 13
102 74
171 170
114 18
198 38
109 106
167 11
187 7
158 198
24 141
56 38
48 158
57 147
27 157
79 152
32 85
13 141
166 169
8 18
139 155
152 111
117 197
136 135
43 79
174 12
53 3
19 38
111 89
137 200
133 171
75 189
108 91
54 162
36 178
59 151
51 6
90 50
191 122
42 23
158 96
113 116
127 156
14 58
129 81
124 119
162 64
56 72
168 178
75 185
9 90
141 3
139 86
150 81
132 5
34 66
21 96
88 35
59 50
187 120
45 50
18 10
29 52
160 162
55 85
107 140
69 125
61 82
81 141
136 116
48 147
163 58
126 25
160 35
199 141
44 61
7 145
14 24
58 76
142 194
137 91
17 188
108 148
182 56
22 81
6 36
3 126
28 98
90 110
142 133
126 60
23 92
178 4
164 124
92 185
111 120
126 44
159 89
34 37
120 42
81 191
50 121
170 6
64 152
82 47
117 29
139 10
92 174
8 86
150 153
102 186
179 194
91 132
58 17
152 80
116 99
102 70
61 116
70 139
96 98
1 164
6 115
100 147
177 176
11 53
105 197
130 189
177 9
12 111
133 24
111 74
11 82
59 125
2 20
58 186
38 130
157 124
190 63
49 163
131 130
57 137
87 162
62 4
175 140
20 155
2 26
119 15
27 17
72 65
65 132
86 65
179 191
156 157
15 89
109 137
98 182
52 20
165 162
130 51
46 98
44 101
77 94
167 86
167 158
41 106
39 175
127 195
172 92
63 165
182 100
189 92
120 194
162 200
77 41
134 130
18 165
57 48
195 36
51 141
127 9
54 104
154 29
69 136
87 170
172 148
108 139
40 75
189 44
120 9
165 62
52 38
81 157
40 163
113 142
41 60
182 96
53 75
149 98
92 42
38 108
147 10
168 126
148 137
120 169
58 16
143 197
163 113
170 135
115 117
126 183
163 176
19 113
151 97
24 44
55 174
187 142
71 15
22 185
172 41
152 76
120 197
44 54
21 63
109 152
40 134
7 57
116 87
61 2
50 148
29 41
95 159
34 173
31 121
117 106
31 69
33 172
57 43
84 101
44 127
90 60
