100
0 87307
0 19450
0 -46856
0 -7687
0 -34685
0 5732
6466 0
0 -73370
0 -76448
83487 0
0 18851
-46862 32826
-93490 0
12868 0
0 -42809
0 60950
34531 0
-58854 0
0 85245
65693 0
0 -87307
0 46856
0 -91522
-40932 0
-17960 0
0 86353
0 54052
0 34685
58854 0
0 54657
51475 0
-62436 0
-51475 0
-6466 0
-48918 0
0 -86353
0 22439
-12868 0
0 -19542
-80269 0
0 42809
63594 0
-91614 0
-63594 0
0 63582
63861 0
-63861 0
-76488 0
80269 0
0 15586
0 76448
50870 0
34293 0
87479 0
0 34017
0 -18851
28064 0
0 40980
62436 0
0 -5732
-39738 0
93490 0
17960 0
0 73370
-28064 0
-83487 0
38201 0
0 7687
0 -60950
0 -54052
0 -44923
0 -40980
91614 0
0 91522
0 10659
0 -15586
0 -75246
0 -34017
0 19542
0 -19450
39475 0
0 75246
-65693 0
0 -85245
0 -22439
-38201 0
40932 0
-50870 0
48918 0
-34531 0
0 44923
12681 -37714
-34293 0
-39475 0
0 -54657
-87479 0
76488 0
0 -10659
39738 0
0 -63582
