100
-13468 -81278
51 55100
5388 45279
-49071 -19959
90765 42188
-90092 76587
-24623 -21519
-34818 -47334
-73798 75254
-61564 -82974
-95287 -59107
-34241 1182
-27262 -47842
93031 34297
-79398 -53885
-19288 88321
47339 -39749
-49586 -95367
-30791 31347
-36874 -34227
-26567 21937
-53415 68918
3558 36804
-5103 36402
-83361 12999
-29044 63539
-81356 -33555
-36449 15482
46317 -97026
40797 -18893
95144 86086
20050 67851
-63149 -72377
-17032 38112
-15902 -97
-38927 80404
-56397 -8233
2566 82285
81071 -64273
-76951 19401
-13829 10750
-43931 18092
-11148 19485
72428 36361
17053 -93160
-98751 9113
-585 25113
-72122 -76572
-28377 70508
-56680 -5777
-62463 62793
84966 -98431
-71961 24873
-14373 56699
90439 -96086
28565 -63396
1151 23457
-57419 21578
-52807 36054
25395 80691
-92021 -66579
-1804 73887
71773 -49301
-61930 -11046
-15954 15319
-56459 -4205
26432 64444
55267 52118
-3273 44877
-45177 6115
-38717 11918
-29525 -6963
-72761 -5017
-78219 -81063
-53501 -67738
-76993 66805
-59264 27497
-23908 40524
-97809 48345
86563 -93261
-34064 76224
-19469 66139
-5426 -40284
-25146 -462
-93428 14434
-74744 -26767
-10893 -27837
-14016 -5842
-48015 27447
-89738 -38301
30091 55533
-33412 -14302
49250 61594
28818 50716
-61306 34296
-94445 -60200
-37952 67908
86878 40790
-21032 38740
-60699 65472
