100
0 -44942
-34489 34489
0 -57117
-82535 36329
-81105 -21243
0 44942
8942 8942
57117 57117
97882 -97882
34489 34489
-90448 90448
22868 55523
0 -8942
0 8942
0 97882
93914 66552
0 27371
0 -34489
0 -10212
-57117 -57117
-44888 -70226
0 -27371
-10212 -10212
68968 -65064
-57117 57117
97882 97882
21094 29262
-96638 84669
91855 0
10212 0
-75983 31810
32779 -31298
0 10212
27371 27371
-17515 -603
15943 83469
34489 0
-91855 0
-30383 56964
-97882 0
-91855 91855
92500 86514
0 -97882
0 57117
0 -90448
-34489 0
-27371 27371
-28526 -22986
-10212 0
10212 10212
91855 91855
90448 0
57117 0
-97882 -97882
-90057 -13197
-52777 -27186
-76185 86063
-67664 45074
91855 -91855
-44942 44942
-57117 0
10212 -10212
95017 52493
0 91855
-34489 -34489
0 -91855
-44942 -44942
-90448 -90448
-66874 68398
-81458 -62554
-27371 -27371
71847 19325
27371 0
-8942 -8942
-44942 0
8942 0
44942 0
8942 -8942
90448 -90448
-49533 90238
-10212 10212
44942 -44942
-20936 57055
27371 -27371
-53458 45317
57117 -57117
-8942 8942
34489 -34489
-27371 0
90448 90448
-8942 0
-97882 97882
-90448 0
97882 0
0 0
44942 44942
-91855 -91855
-22813 -92681
0 34489
0 90448
