200
-56861 0
0 -13249
0 53430
82741 0
-80081 0
66976 0
0 -23274
-5974 0
37690 0
0 7281
54228 -53032
0 -78923
0 24495
0 -53430
0 20221
-79931 0
56861 0
0 88064
0 -10883
0 39142
0 -64702
80081 0
0 -80422
0 29251
80149 0
0 82910
0 29591
0 13249
0 -12297
0 97563
0 51826
0 -94795
0 55478
0 32139
30628 0
0 29912
-29325 0
0 -32139
0 -89659
0 99557
0 -65282
5974 0
0 80421
0 60982
49749 0
-92954 0
0 14674
-42777 0
0 23274
0 -48248
0 -2609
0 -29591
0 43317
94018 0
0 -67692
51017 0
0 40607
-4225 0
92954 0
-24175 0
91058 0
56990 0
0 91947
0 33138
83707 0
18428 0
0 -83673
81976 0
0 -80421
0 -60982
64050 0
0 10883
0 -39142
0 -75695
-89801 0
-30628 0
0 -6427
-82741 0
0 -95395
0 68739
84235 0
88481 0
0 36405
0 -29912
0 88026
0 75695
-35027 0
0 50771
0 67692
0 74954
0 -88026
66748 0
0 -99557
4814 0
0 94795
0 -16677
0 6427
0 -50771
-56990 0
0 -46106
-43148 0
0 17983
0 41499
0 -33138
0 -52470
0 21645
0 -21645
-4814 0
0 78923
-77979 0
0 83673
53710 0
-63713 0
-88481 0
0 -39085
77979 0
0 16677
0 89659
0 35671
0 19355
0 48248
0 -80630
0 2609
0 64702
4225 0
0 -91947
0 -97563
-80149 0
0 92129
0 -20221
0 52470
0 24539
0 -19355
0 -24539
-71018 -23999
0 39085
0 -61547
0 -14674
-33433 0
-38345 0
40834 0
-66748 0
60738 0
0 -24495
0 -88064
0 -51471
0 -43317
-94018 0
0 65282
-49749 0
0 -82910
33433 0
29375 0
0 -3028
29325 0
34338 0
0 61547
79931 0
-37690 0
0 80422
0 -17983
-34338 0
-18428 0
0 95395
0 -36405
0 -7281
0 -35671
0 -40607
0 -88090
0 3028
-40834 0
-83707 0
-60738 0
-51017 0
89801 0
0 -74954
0 12297
-91058 0
35027 0
24175 0
43148 0
0 46106
0 80630
-81976 0
-66976 0
0 -92129
0 -51826
38345 0
-64050 0
-53710 0
63713 0
0 -29251
0 88090
0 51471
0 -55478
42777 0
-29375 0
0 -41499
0 -68739
-84235 0
