200
6213 -77240
59288 -42816
9593 -10529
64917 50548
37522 97868
-58665 45526
82235 67629
-45120 1839
-75095 47619
40150 70017
-78774 88389
55874 37828
2752 -56515
-73412 -27170
-37649 3344
71947 -8065
17047 -20371
41889 8733
-19885 39981
71686 96094
7071 86224
-40295 -14180
-81929 7680
84072 -23622
1282 -92358
64391 76429
-81827 -19904
-88476 84875
45664 31431
36114 69748
8793 -59141
-24942 74883
-50551 -33950
-18998 61451
23951 42617
-46587 14949
-60226 -80768
-16896 83940
19030 15679
74446 -85292
25319 -11795
-68410 -26574
-52983 60441
-44741 -6783
31959 28066
87527 89167
-23345 -34065
80788 -7368
66946 -84116
-77257 -8764
-97337 84839
-78493 -27917
-68829 52169
13159 -7724
83740 90527
-52464 66476
-15229 -18262
84493 -42137
64183 -39890
-83073 43912
-33752 -79190
84936 -1243
-52401 33328
-7254 18813
-19498 89269
-72100 2304
-26547 87867
17097 -31335
38795 64300
-80761 -15252
62779 89409
-40731 26128
31431 -8813
15031 -3610
9994 38873
8154 5102
5301 57748
-59853 -89035
-63765 -20324
67764 -50082
-22527 -33898
-41573 -31749
-42018 15740
-97627 -30654
-54793 -3535
44921 38969
6952 -45515
34904 59312
37074 -36281
90671 -34894
-52632 58629
27528 75081
-78820 -13863
9486 26074
43676 3432
-80162 -80816
-23484 36666
27439 -301
-45256 -33052
72203 30721
-26768 -36109
1336 63587
-48884 -82049
23639 -1021
-84036 31480
-52012 -23133
-85027 -35365
13017 -15969
-78900 98707
21838 1716
28360 44492
49892 -67970
-54461 -23258
80160 92364
39635 97734
-44436 -62237
-58317 -24538
36872 99883
86944 12510
-64363 -11811
-1716 15761
-79330 18818
-64151 -8501
-60386 71695
28042 87375
-2903 -48054
34776 83090
65207 78792
4341 -12457
25983 -13038
-92907 -97449
-11023 72276
-47839 66798
-67134 -50792
58174 61328
63523 38385
-10507 -34177
-74807 15735
-22937 4612
38985 99749
28087 -22957
54679 -17906
-31116 9669
-39656 -27618
-46995 38326
-7159 86707
-16199 51818
12431 24719
-53955 58872
-20502 -87904
54732 -14953
25915 -3297
8614 4841
-22298 64951
-3023 -30763
-37725 -68692
-8474 3730
40746 11794
-4789 25286
48110 -91466
91254 -79976
-88558 58577
-73798 -15347
87245 76927
24416 -31064
-25589 -90018
38259 80230
-41888 -32145
-21336 69218
12607 -53976
33401 21071
8700 26599
-30547 -87617
84635 -54813
11837 -21095
-53604 57060
-50038 35646
-88602 95193
10082 97456
83947 91004
-25460 -85503
33998 -2355
-51565 -89149
-28318 68777
-28187 -19096
-40674 -5558
-13300 -36452
-18695 11380
-80039 -22182
-30273 54126
1250 86377
75599 33120
33814 46248
-30178 -19317
-9762 -22092
18227 -15245
-56320 -70926
-36220 90668
67343 -31567
24735 48811
