200
93081 -93081
0 39011
0 3211
-39011 39011
-89354 53596
-3211 -3211
-89433 0
31061 46767
-52902 52202
-42650 -42650
39011 -39011
-27632 27632
13917 0
-42650 42650
0 58353
0 -53514
-13917 -13917
0 89433
69207 -69207
48779 0
7743 -7743
8130 -9948
-8379 35720
43146 0
-33733 785
99695 -65373
-3456 3456
-69207 0
-67527 70080
0 43146
15699 57164
42650 -42650
39011 0
93081 0
58353 -58353
-39011 -39011
3456 0
-24976 61196
-27632 0
62946 -28573
0 -48779
-34410 34410
0 3456
53514 53514
-83134 83134
-6387 -91922
3578 8954
-8063 37341
-73024 -21368
-48229 0
81386 -75199
-48229 -48229
-72961 54940
13917 -13917
0 7743
-42391 -42391
0 -7743
51609 47781
-3211 3211
0 27632
42391 0
-53514 53514
-89433 -89433
-24344 21307
0 -42391
-58353 0
-3211 0
-59875 -51718
0 -3456
27632 27632
-93081 -93081
0 -83134
3456 -3456
48779 -48779
0 93081
-43146 43146
42650 0
0 -58353
-83134 0
53514 -53514
34410 34410
90373 86462
-93081 93081
0 -42650
83134 -83134
0 34410
96204 82576
90115 -22580
77978 47881
83134 83134
42391 -42391
0 -13917
-89433 89433
-27632 -27632
-58353 -58353
58353 0
89433 -89433
-10857 -27598
55626 35337
-48779 0
7743 0
-53514 -53514
-43146 -43146
-76513 -4826
-39011 0
89433 89433
-55224 -79098
0 -43146
0 -48229
87520 -64632
80781 -47223
-64400 -12927
-37504 -69528
-48779 -48779
-11193 -17729
-69207 -69207
-58353 58353
42650 42650
0 -3211
48229 0
-43146 0
7573 45094
89433 0
0 42650
0 69207
43146 43146
0 -39011
-50220 95130
53514 0
-34410 -34410
39026 -29725
28911 -47234
94796 -10021
-38245 98489
-13917 0
-48921 45098
-83134 -83134
96870 53854
48229 -48229
-48229 48229
-13917 13917
0 0
42391 42391
-42391 0
0 48229
-42391 42391
89882 36755
3211 3211
-7743 0
0 53514
3456 3456
0 -27632
0 -93081
-7743 7743
83231 6714
0 42391
0 -34410
-3456 -3456
-48779 48779
58353 58353
0 -89433
-34410 0
39791 -8591
-89970 -89560
69207 0
7743 7743
3211 0
93081 93081
-27654 13066
0 48779
92633 -69926
0 -69207
34410 -34410
-3456 0
69207 69207
-93081 0
13917 13917
-7217 -20108
3211 -3211
-68465 5920
27632 0
43146 -43146
-61975 -64408
39011 39011
-97294 -80314
27632 -27632
-42650 0
34410 0
83134 0
-7743 -7743
-53514 0
16990 -75503
0 13917
-69207 69207
48779 48779
-86739 73450
0 83134
-10625 28710
48229 48229
19697 -99975
