300
0 67982
0 -2078
4097 0
32388 0
48447 0
-85507 0
0 68006
-93123 0
-18174 0
86762 0
0 16982
-88802 0
0 40001
0 -5317
0 -29348
0 -7772
0 -2522
0 -29383
0 29383
0 -67982
0 -66960
-7789 0
0 96004
70015 0
-34541 0
0 66960
0 118
50505 0
-13519 0
-81180 -82575
0 17872
0 -31968
0 -96547
0 72465
0 74028
0 17984
0 -36372
15588 0
0 78303
0 85075
70365 0
-64448 0
16380 0
-81633 0
0 40687
-70015 0
0 -87439
-43778 0
0 -89331
27538 0
-89443 0
0 -51212
-92937 0
0 33504
42875 0
41596 0
0 -33976
0 -6166
21691 0
-86762 0
0 -118
0 89331
0 -51663
67445 0
56590 0
26676 0
97100 0
0 -78303
83318 0
54205 0
0 80058
0 2078
0 29690
-70206 0
0 -55901
0 -88016
72065 0
24416 0
0 5317
-83318 0
43666 0
-28383 0
-63029 0
51208 0
0 -74713
-82268 0
59750 0
-43666 0
23753 0
99481 0
-64718 0
-23030 0
30197 0
50789 0
0 54944
0 29348
49079 0
87867 0
-99560 0
-59750 0
0 -85075
-50789 0
-41596 0
-30904 0
0 -88510
0 -15471
0 -16982
45738 0
-30197 0
-4913 0
-25055 0
-32388 0
17506 0
0 13518
0 -81362
0 57204
0 -9271
0 -57204
0 83620
-4097 0
0 83318
-16796 0
64718 0
-65937 0
0 -69672
-59672 0
42198 0
84924 0
5203 0
34541 0
4603 0
0 2522
-63070 0
0 -13518
0 2090
0 88510
0 -40687
0 69672
23030 0
17954 0
-31018 0
-99481 0
-48447 0
16796 0
0 15471
0 -83620
34886 0
0 20922
-15026 0
67787 0
-16380 0
0 -26037
0 -65586
-22149 0
0 64216
93123 0
-49079 0
0 33795
-4603 0
56397 0
0 -29690
-32704 0
0 -51010
41478 -83298
0 31968
0 62449
82268 0
0 -2090
-57231 0
99560 0
0 6166
-67787 0
0 -83318
0 33976
0 -88536
45914 0
-87867 0
0 96547
4913 0
-62334 0
15026 0
0 85295
0 15184
-67445 0
57231 0
7638 0
-65160 0
-51208 0
0 51010
70206 0
0 -33492
0 88536
0 55901
18174 0
43778 0
0 30239
-56590 0
74560 0
65160 0
-17506 0
97588 0
-17954 0
92547 0
0 -20922
0 -96004
0 -68006
0 -50828
0 -80058
-97100 0
-24416 0
0 -17984
0 -74028
13519 0
59672 0
64448 0
88802 0
0 -33795
-27538 0
-71918 0
0 65586
0 -85295
0 -17872
-23753 0
-21691 0
0 -29861
0 26037
-30002 0
28383 0
89443 0
-70436 0
32704 0
49613 0
30002 0
-72065 0
0 96110
63029 0
-50505 0
92937 0
85507 0
-67332 0
-84924 0
0 88016
0 -72465
65937 0
67332 0
0 83186
0 -64216
71918 0
63070 0
0 -40001
31018 0
-42198 0
0 -58904
0 36372
0 -83843
25055 0
0 -96110
-15588 0
0 29861
-97588 0
0 9271
7789 0
-4590 0
-26676 0
-70365 0
70436 0
-42875 0
0 83843
-45738 0
0 50828
0 -15184
62334 0
0 74713
0 -30239
-96263 0
-74560 0
-7638 0
0 87439
-56397 0
0 -54944
81633 0
0 81362
30904 0
96263 0
22149 0
0 33492
0 -33504
0 58904
-5203 0
-92547 0
4590 0
0 7772
0 -62449
0 51663
0 51212
-54205 0
-45914 0
-49613 0
-34886 0
0 -83186
