300
-97089 74477
-41634 -69667
92738 -63851
-65435 -39490
-30520 97939
-36376 27858
4453 52307
52730 -32464
-71336 8712
23513 17192
-90797 -42890
-32572 76053
31207 36309
-15572 -26046
-30306 71564
-42617 -43026
90840 -40934
-63600 -37532
-29251 35563
-54305 4813
96456 53632
91616 82706
56356 -21991
-82542 -56601
40793 -71780
-28315 -13620
74709 -53772
10249 50455
-75951 -20897
-73699 -26916
-41350 -66569
-68314 -17501
6240 17448
-68850 12622
54101 -22805
-20902 54635
-64336 56270
66680 79618
20912 -93668
-23348 -44821
11406 -22669
-83714 -46266
-1290 99781
43522 -83870
39205 66075
54611 -60883
-94586 -57930
-10830 -71468
-66957 79173
-51022 -19861
33369 -68904
-66224 -11282
3800 12852
-56902 -9798
41213 33766
79236 -6
-39723 -56836
42710 -40934
40305 94006
-91780 81642
-65198 -93040
-64425 -96070
-95350 -10486
3735 7511
-48567 -73819
28914 35383
68365 -40075
-33153 -33295
79944 68206
30922 3074
12628 -27314
86703 -77758
-64023 -76317
-67917 64271
-27952 -46115
-36524 -30422
-33308 -14514
30430 -42350
42384 37575
-97421 89686
60238 -89951
2360 21154
-31047 -44392
-93832 -16641
-34157 -1643
-95834 16818
-67838 57169
-30176 -98162
-20321 37309
73447 -5656
65766 26566
80073 94963
-1702 -60216
-93513 21721
82751 -33754
68609 -56456
-39773 -30356
-63463 -22387
-63336 -66138
61641 -8105
-64524 -4934
-43671 -82178
60427 86372
-9495 52249
50016 65517
8493 34486
81587 85030
77088 -37127
-97748 -24834
-18365 851
71210 12335
71712 82083
7616 -62315
42604 -71780
-38466 66150
28971 37424
-88273 25654
-75126 -49181
-67033 -81512
-5008 46882
19806 -37867
-23024 29442
46865 -81749
-74500 42555
46876 1436
93001 -89764
-44904 21494
59878 -50992
36695 64164
-24181 18533
64528 -94948
71590 75366
-37352 -35964
-24312 35259
-44143 -24985
-22452 10747
66894 65416
45546 -46400
78159 -56479
-16726 -24804
-20480 45952
-93097 3358
-72752 55716
-89000 95094
46270 9631
14683 25400
-34731 46359
67200 27928
30776 -46770
-985 -46663
-72024 -97963
-95826 -46456
-38335 -8640
2461 -42262
67659 30466
-8815 -65482
8838 24374
80000 1447
-25205 69888
10792 -63514
-42553 -23144
-54840 -44077
95524 39136
75248 58256
10195 -34584
-10100 -87651
-53454 8588
72498 -92100
30765 44278
-83845 -95606
27888 -74069
30099 -17378
-73055 -49437
-95269 -4276
-68366 -14682
-16139 -14981
-5181 78330
-75859 -21309
-12535 18244
17817 66256
-60397 -20262
41429 -26888
-27764 26736
34070 -56627
54844 97315
49992 -67429
-80548 31368
57285 50989
-14699 37191
40943 -59846
-19481 60239
62478 -51407
45892 89891
24462 -23693
59338 56120
90340 -49340
-44198 -33007
66840 15072
-58436 -30493
-22116 58815
77255 -80853
-31751 -26665
-70076 6836
55194 -50073
-32382 80354
86913 5737
-63897 -22237
85726 65297
51208 -24679
-35953 -5995
-11953 62702
23025 -34019
51939 1079
-98598 16799
15215 -21175
1501 -53473
-73186 45215
20432 799
-36256 95321
-30948 6640
45388 -29589
69743 52474
46053 48757
37214 -76300
17352 44127
-45462 58387
-29659 97714
-25668 27360
-32617 67098
89448 -90003
-19151 -61975
-17090 -4908
-93309 21079
1962 62151
-2736 -17509
19947 -31253
91459 -19502
-34883 71587
62120 -65172
-4090 -66443
-93562 21374
-77205 3409
-31294 30002
-50717 16573
-46834 40757
-34151 59708
-93668 81514
-85897 -7245
-30039 -25355
3421 7037
63894 28941
97394 -92789
-74790 59492
49653 -21691
73303 -93075
-74446 42529
-62096 -93435
77305 -8343
75357 -57936
85477 79332
7155 -56235
-48716 -11945
-64207 12139
-88285 -95239
77600 -30047
39274 -60713
-16947 -14900
36103 -20555
-63523 -70272
88922 31730
-75760 39869
40945 -80083
21718 -80549
10565 98988
33563 86914
-72499 80693
85291 19710
66649 -95788
8717 -87572
-75767 -21721
-3064 58776
42501 97733
23310 20614
71961 68048
28167 -88954
24480 82624
-52550 73914
16654 -12520
-31931 -17475
31036 31160
44450 8284
37766 44235
-73041 -84846
41610 -23803
-61323 -96465
-54214 15264
-10570 93846
-51692 -60086
53750 32983
71249 -19822
