300
-63030 34035
7421 -60210
-46403 -46403
0 -31639
0 -50620
91617 0
-30001 -30001
20302 -98298
-65948 0
-36452 0
-42176 -42176
70782 0
46403 46403
0 96547
0 -36452
-83592 0
0 -83592
91617 -91617
0 -75565
-50620 0
-98688 56681
23423 73953
-63509 82699
-7271 -7271
-42176 42176
9941 78777
-90552 0
15571 -43767
0 91617
-30001 0
0 50620
-64068 -64068
-90552 90552
0 55883
12544 31167
69256 50
0 -42176
0 -46403
0 42176
0 -6098
16845 49283
-91617 91617
-75565 0
41146 -41146
5720 -5720
0 -30001
57387 76969
0 -96547
7271 0
-5720 5720
41146 41146
90552 90552
-57767 -57767
0 31639
24386 0
0 7271
85378 -68387
-70782 70782
-39124 87171
-14682 63811
57767 0
-95391 -18995
-20067 72547
0 65948
16827 -91992
3416 3416
7271 7271
3416 -3416
0 -64068
73569 -36051
0 57767
-69755 69755
-70042 -65014
-52934 52934
0 68136
42176 -42176
-96547 0
71516 -71516
87362 -39507
-64068 0
-36452 36452
5720 5720
60873 99949
5720 0
-52934 -52934
83592 0
-24386 -24386
-59995 45075
61375 -30722
-68136 -68136
75565 -75565
0 -41146
-71516 -71516
-10178 98922
81544 0
-26472 -79609
-13930 -23128
81544 81544
-69755 0
-50620 -50620
-27389 42193
-65948 65948
-3416 0
-50620 50620
0 30001
-24386 24386
-57767 0
24386 -24386
0 90552
-19335 -73166
-24386 0
52934 52934
81923 7158
45787 33739
-72552 -13778
36452 36452
-96547 -96547
33106 -90132
0 0
42716 58031
69755 -69755
66828 72322
50620 -50620
15000 -31588
90552 0
96547 0
-10580 -44829
0 -71516
36452 0
-91617 0
83592 -83592
53330 86998
69755 69755
72545 80374
-3416 -3416
-75565 -75565
-75569 7158
90552 -90552
0 -68136
0 64068
30001 30001
50620 50620
-81544 0
0 41146
-28186 95639
-5720 -5720
10980 -13083
0 69755
0 -70782
0 70782
0 -81544
57767 -57767
0 83592
35508 -68177
-87167 4993
52934 0
-30001 30001
0 71516
-65948 -65948
55883 -55883
46403 -46403
42707 -12493
-91617 -91617
8030 69860
0 -24386
41146 0
0 36452
-15253 -56107
96547 -96547
-6098 0
42176 0
19424 17712
-66912 -19020
-7271 7271
-83592 -83592
-39217 71629
-81544 -81544
0 6098
0 -69755
50620 0
60992 -57610
-69755 -69755
75565 75565
57767 57767
-6098 -6098
-75565 75565
31639 0
-55883 0
83119 -42521
0 -5720
30001 -30001
-42176 0
-72301 -74446
0 81544
-71516 0
81544 -81544
24386 24386
-85659 -31532
-52934 0
-94587 -39265
45355 -14954
89337 -22508
91617 91617
-31639 31639
-31639 -31639
3416 0
0 -90552
71584 13289
-46403 0
-87117 2978
52934 -52934
65948 65948
65948 0
0 -91617
46403 0
92197 29360
-7271 0
-41146 41146
-95784 -91154
0 -7271
96547 96547
6098 -6098
87808 28571
-51471 -38702
8523 -21420
0 -52934
-40817 -67557
0 3416
64068 0
71500 -39322
641 55206
71516 71516
-71516 71516
-68043 -65981
68136 -68136
-6098 6098
0 -57767
64068 64068
-68136 0
-3416 3416
36620 -15223
31639 -31639
-90552 -90552
31639 31639
-31639 0
36452 -36452
0 24386
-57767 57767
-51811 98099
0 -3416
64068 -64068
-41146 -41146
-64068 64068
30397 22268
55883 55883
-73179 -86381
69755 0
70782 70782
-53696 24876
83592 83592
7271 -7271
75565 0
-36452 -36452
-47047 -11441
68136 68136
-55883 55883
0 -65948
-96547 96547
6098 0
6098 6098
8545 53116
34208 -40884
-22367 50225
-68136 68136
99641 -79854
0 46403
42176 42176
-55883 -55883
0 5720
-70782 0
55883 0
-5720 0
-10443 70204
0 -55883
-70782 -70782
0 75565
-83592 83592
71516 0
65948 -65948
9950 -14518
-81544 81544
-46403 46403
-41146 0
70782 -70782
49197 77308
68136 0
-58113 -25578
0 52934
-56105 86097
30001 0
