300
-25833 0
-16032 0
-79296 0
-18399 0
-65766 0
0 71845
0 60453
0 -97976
0 -85951
0 70044
0 -57940
14632 0
0 97976
10099 0
0 90465
0 -37036
0 76014
93079 0
0 -13066
-27419 0
0 48112
-35527 0
0 -64368
-99416 0
-24965 0
0 43754
18399 0
94920 0
0 -94012
0 -55767
-33520 0
-63959 0
0 -17401
89106 0
-14632 0
0 86123
65766 0
-96896 0
0 49745
18125 0
78837 0
0 -67828
79296 0
0 72250
27419 0
0 -61734
13763 0
0 71154
-22942 0
0 76537
0 -64932
0 -99280
0 -35031
0 49201
0 -72250
0 61107
75102 0
0 -49201
0 38142
0 63939
-6214 0
53908 0
0 61734
-81850 0
24513 0
0 47837
0 -70044
10654 0
0 1621
55781 0
8503 0
0 -43083
0 68658
-10654 0
-8503 0
25833 0
0 1174
0 62284
33520 0
-12685 0
0 67828
0 67736
0 -58640
0 -71154
63234 0
-75228 0
0 13511
63959 0
-17135 0
0 -90465
0 -27770
0 73125
-97277 0
0 23171
-89106 0
0 16005
0 99280
-6039 0
75228 0
0 -69048
0 -91583
-30946 -25659
0 88353
0 -66528
6214 0
-47808 0
0 69048
0 94012
0 73448
0 -97073
0 -88353
77380 0
-13763 0
0 64932
-81073 0
0 15951
0 677
0 97073
53603 0
0 43083
-70151 0
20130 0
73066 0
0 -67736
22480 0
53140 0
-31537 0
48608 0
69194 0
-73066 0
74364 0
0 -86123
0 -1174
4335 0
35527 0
-63234 0
87935 0
-10099 0
87226 0
0 -15951
0 83385
0 -43754
0 -48112
66355 0
0 -43017
-74364 0
44421 60796
0 17401
81073 0
0 -15783
0 -16005
59204 0
0 90322
0 49819
96896 0
0 55767
-78837 0
-48608 0
42914 0
0 -46041
0 -72981
31537 0
0 27770
0 91583
-70819 0
0 -73125
-53871 0
0 66528
0 72981
0 -78918
22942 0
0 -85226
0 -677
0 -90322
-94920 0
-96644 0
-77623 0
-18125 0
5388 0
0 35031
0 25006
-5388 0
0 27609
0 -73448
-53908 0
99416 0
-87226 0
0 28196
-32644 0
0 64324
0 99491
77623 0
17135 0
0 58640
12685 0
47808 0
-4335 0
0 -27609
0 -71845
0 72803
0 -34235
1304 0
32644 0
0 -13511
89093 0
-25187 0
0 -76537
0 -72803
-75255 0
0 6870
0 46041
0 94613
0 -60453
0 73316
16032 0
-69907 0
-89093 0
0 -63939
0 -34526
-1304 0
0 -99491
97277 0
-52045 0
0 -49819
-89549 0
0 -51600
0 23523
0 54789
0 85226
52045 0
-59204 0
69907 0
0 -62284
0 57940
75255 0
0 36032
89557 0
0 13066
-24513 0
0 85951
0 15783
0 -47837
-22480 0
-23191 0
0 -49845
53871 0
-87935 0
0 78918
0 64368
0 -1621
0 -61107
-55781 0
-20130 0
0 -54789
0 -6870
0 -23171
-53140 0
-75102 0
0 51854
0 -83385
0 88333
-51747 0
-89557 0
0 51600
0 43017
51747 0
0 -23523
0 -38142
25187 0
0 -64324
70819 0
-66355 0
96644 0
0 -28196
89549 0
23191 0
-42914 0
0 49845
0 34235
70151 0
0 -25006
-53603 0
0 -76014
-69194 0
0 -86006
81850 0
24965 0
0 -36032
6039 0
0 -49745
0 -51854
-77380 0
0 -94613
-93079 0
0 34526
0 -73316
0 -68658
0 -88333
0 37036
0 86006
