300
-10003 64211
-21039 -5907
-872 -23179
17505 39241
15604 -72546
-23654 12767
-92815 -59247
-57688 81985
44226 -34084
-7522 -66714
1797 -2186
-1320 -24756
12456 -49350
-71251 -8997
-36680 933
39380 61675
-14152 43652
8287 3276
-29368 8973
-52594 -584
12408 -45869
-89386 9107
-11735 31933
22198 43950
-9425 -69956
-27113 16555
3654 68700
34764 28375
12128 15284
-80074 55628
51433 30111
-25724 10873
26449 -62024
-13368 -58280
30745 -84367
-505 -47184
-85354 -27660
80328 -70688
62816 -66754
596 81336
-4784 30253
60285 -58681
54297 53311
41149 5647
-82762 36873
36793 -12832
-57569 13396
20069 78575
-28492 -6740
-47649 62768
-50734 -32086
-12346 -86846
39695 1426
-36161 62748
-45545 61638
7937 34513
-69374 -94048
26998 -49098
-59869 65352
4874 -61947
-19259 -77400
81239 -62733
-64959 57038
-95312 -1689
88403 84870
-2502 44175
2279 71254
-24574 -2152
50491 54250
63147 -8174
34347 -20425
-30015 67406
-73621 -5941
-21098 97303
63109 -46607
67183 -42645
67266 -41518
-54092 -18359
-11591 -48911
-55539 37815
23544 62205
67932 44096
38426 31990
-34530 17802
33447 -29878
-19778 -28043
-8290 80694
50886 -35428
69057 -74899
-29182 -41393
-95711 -12526
45836 -78391
-96016 -1540
47567 12641
-78431 -58542
-67230 34347
26465 79152
77896 -65804
80531 -36713
65402 32706
-15419 97176
-46900 66724
9260 41994
-83256 -40710
68529 -99480
-16108 -45333
-84991 23892
7039 -21032
-54012 81116
-23148 -74731
-10729 -60096
95501 36879
-55484 59211
45375 -15308
82780 76315
37141 45531
-59463 -53509
-44099 75696
-81725 37108
-41286 -16819
-76487 -61172
2012 -7216
-52647 60906
-22685 29988
-7866 13886
-24756 -33438
84490 84601
32310 43021
-21895 59219
-90486 4335
-56875 -49026
-71853 -29582
11857 -63651
-7973 -39413
-63092 -50033
19288 2621
54279 22235
-38848 48488
-14476 91700
-80340 -34902
-51953 -36638
-98615 -51194
-34819 37305
33832 -71361
-52014 85481
80717 40610
-14689 8909
-58233 -13614
-46619 37757
99674 69377
-72612 78080
-46726 50300
71882 -21520
-21546 -52239
17376 -46614
64108 -23072
50973 -17249
-70806 -35254
52404 -67140
55584 16876
74433 -44195
-65348 -47777
48882 -70851
-25266 44994
-2448 -37234
-36358 7146
4426 -869
-55446 -6268
62807 14409
-63438 -94222
99758 14637
-84560 17591
69180 -45615
68293 4217
62945 -52546
-71985 -48296
-16791 -3146
-12110 18110
47094 75387
-9690 -7584
-35284 23003
-55674 -38015
-95168 28305
-51239 39721
-65224 -69116
42737 940
-50739 73825
15810 82282
16862 24780
39859 -58193
-47325 61676
19432 -20516
-2640 -49512
28253 -51899
-51710 -32966
28383 29084
13422 -45892
-26209 -13660
23794 3915
-41443 -83167
14501 -3527
-57595 -32174
-64708 90084
40904 8860
-94418 -50061
-3060 -32764
-14970 -73592
95183 31095
-22247 -20882
76852 63980
5023 -41388
-76348 -72435
-41996 -20080
-55595 51312
-78404 -44244
-40867 -84636
7556 -94405
4095 28155
33744 91990
19476 -37794
50011 27144
-86436 56140
-63700 -73788
-54384 45861
-583 -69012
85462 21290
-60670 32684
39300 -47174
66001 36506
82360 49960
-72154 26159
1006 -3608
62682 -74744
33654 27594
-63233 -5593
25902 -21002
88483 -53830
-6294 37210
49953 19338
61522 -4100
99753 7665
-9777 62511
-58168 -11491
-54224 -76680
-38501 -13788
40856 18400
-63752 71344
-54855 -98012
-6146 -4457
-32702 -60492
-57759 81924
83076 17079
-97001 27267
61011 1697
-68870 -44596
68471 -7037
37504 -59033
33762 31926
-4830 37888
-19157 -52491
44020 25978
-36606 -6917
-6580 11400
11475 14113
-73329 -73937
-60206 -8245
17329 82115
-38445 -55112
59765 12043
56889 -71495
59347 24739
-2375 -43343
-19021 -63919
-54877 64279
-15123 24766
-42751 30031
32234 -83595
63457 -60244
45553 31041
26844 -91784
-40308 -43915
20409 11637
1009 -50567
29407 65608
-27737 70490
-14811 -1047
23788 -2037
-49623 -1441
2629 49306
-24963 -17816
-37005 -34472
-43054 -41015
35262 24412
-31383 67468
49954 -48928
-13772 28358
72321 34371
64579 -64730
31611 -64683
-14590 30572
