300
0 -73829
-73829 -73829
0 -32941
17143 17143
-50941 50941
-64055 0
-3413 3413
74603 55442
0 32941
98767 -98767
-48192 11910
-7333 -13126
3024 -72235
44123 0
0 17143
66358 2317
98369 -59780
0 -23321
6939 -6939
-41849 -35493
50714 39154
0 90063
0 -50941
0 -30879
0 -9096
95382 62429
-71892 -71850
-52116 -52116
-10283 90909
-36530 92641
9833 -70155
-9096 0
0 71
0 91385
0 -44123
-52116 52116
0 -779
-89294 66209
-52633 52633
0 -3413
-71 71
-44123 44123
-22162 -41540
30022 0
0 87101
91127 0
-63540 -63540
-34542 20588
-18269 0
-91385 0
32941 0
-90063 0
18269 -18269
-52570 34293
0 -17143
-9096 9096
-84056 -9737
-80986 80986
-92121 6933
-44123 0
29715 -73118
0 -91385
-63540 63540
-70229 57692
47503 -67793
48578 51878
6939 6939
15689 -15689
30879 0
44123 -44123
-65168 92801
63540 0
73829 0
27795 39066
52633 52633
90063 90063
9096 -9096
-59805 3517
-7523 7519
0 73829
779 779
52116 0
-91127 0
-3413 0
54487 2347
-6939 6939
53323 53323
17143 -17143
-32941 0
71 0
9096 9096
0 44123
-9096 -9096
91385 0
18269 18269
-15825 -15825
0 -63540
21662 83711
3579 -54633
-53323 53323
0 -18269
-17143 -17143
12554 98917
0 -6939
80986 80986
78682 -76495
0 -15689
-23321 -23321
779 0
0 -87101
20132 47281
-80619 -26654
-67068 39737
-99217 21725
63540 -63540
0 98767
-23321 0
-46516 -50697
-87101 0
0 52116
90063 0
80986 -80986
-18269 18269
-52633 0
52116 52116
-87101 87101
-23321 23321
-20401 31428
15689 0
-64055 64055
-48671 -93007
63540 63540
-77702 -6919
-63540 0
12520 -65711
-36076 -54855
0 -91127
-30879 30879
0 6939
91127 -91127
3413 0
-73829 0
34040 -44400
13787 98269
71038 1915
-30022 30022
-30879 0
0 -53323
-15689 -15689
50941 -50941
-53323 0
-90267 18174
-10851 20908
8394 -27105
71 -71
-16605 82502
0 64055
50941 50941
-80986 0
84468 -70486
0 91127
0 53323
87101 87101
52633 0
0 779
32941 -32941
-64055 -64055
0 9096
0 30879
64055 64055
71 71
97812 16159
0 30022
0 15825
-53323 -53323
-6939 -6939
50941 0
30879 -30879
0 15689
32941 32941
-15689 0
0 -98767
-26140 91073
0 -90063
-73829 73829
-91385 91385
20037 32421
-71 0
53323 -53323
-30879 -30879
32031 -98357
30879 30879
-28795 -96069
0 3413
30022 -30022
-47251 -60241
74392 77338
0 -71
779 -779
91385 91385
0 0
-15825 0
0 80986
44123 44123
-15689 15689
-779 0
0 -30022
-50941 -50941
3413 -3413
64055 0
0 -15825
-98767 0
6939 0
-90063 -90063
0 50941
-3413 -3413
-91385 -91385
54444 -87975
98767 0
34738 -46928
3413 3413
0 -52633
4127 -82213
15825 15825
-91127 91127
752 79254
0 23321
30022 30022
0 63540
78321 -22910
-90063 90063
52116 -52116
-52633 -52633
-32369 37337
7097 -28438
-98767 -98767
-30022 -30022
53323 0
-80986 -80986
0 -64055
64055 -64055
-32941 -32941
73829 73829
35293 -53543
-60046 56158
63103 27853
0 18269
9096 0
-56653 41321
0 52633
80986 0
-49458 8648
-71 -71
23321 0
90063 -90063
38050 -41448
52633 -52633
18269 0
-87560 -45163
-71697 -96444
17143 0
-91127 -91127
-32941 32941
-779 -779
-87101 -87101
23321 -23321
-50941 0
-30022 0
15825 0
-84360 -16980
73829 -73829
-36070 81770
91127 91127
-15825 15825
25157 46614
0 -52116
87101 -87101
91385 -91385
15825 -15825
-17143 17143
-18269 -18269
-6939 0
-52116 0
23321 23321
28642 -62712
83537 -85070
87101 0
-44123 -44123
0 -80986
-98767 98767
-4823 -17733
89386 -95532
-779 779
15689 15689
-31170 -44920
-89813 -38731
-17143 0
6089 -10711
38761 -30
98767 98767
