300
-25512 -14508
100000 -20165
-5151 -30009
-51617 67036
100000 54904
100000 54271
15040 -82818
39036 -100000
-100000 64553
-86766 100000
-59304 100000
-100000 28491
-46365 -100000
50323 -5593
46496 -100000
-41038 -26336
100000 85994
76860 100000
100000 59761
-3297 100000
100000 28512
26349 100000
100000 41847
-68666 95128
100000 -46742
98737 -100000
-57979 100000
15773 -85215
-10092 -82057
-100000 75892
-100000 -71031
100000 26403
-50213 -14858
1546 -100000
-1215 100000
-84026 -100000
-100000 86037
-46304 100000
100000 -78003
-87408 100000
-29649 56268
-57565 45924
-83629 -100000
15459 68893
100000 -77818
100000 2856
-100000 17650
58143 96080
56351 -58505
-36715 29243
21281 100000
-88334 94540
100000 -14413
-100000 -83661
100000 -32806
-10400 -81103
100000 -11824
-37565 45109
-100000 -39221
66206 100000
97457 -7990
-2812 31760
-100000 30703
19697 100000
100000 29873
42869 -100000
52053 -89998
41734 100000
25433 100000
-100000 -47757
100000 -81485
-100000 -96182
-33367 100000
-98236 100000
100000 12376
-87196 -100000
100000 -36464
89217 -100000
100000 47774
14908 94182
14725 44055
-48402 -52814
-100000 64426
-100000 -69636
-100000 96094
100000 -16576
100000 60417
100000 -63284
-72716 -100000
81081 -100000
61265 -100000
43503 -100000
-73713 100000
63919 22463
10447 -100000
-100000 -95112
-100000 10407
100000 10061
-98968 -28439
-100000 -6937
89991 -100000
-100000 99584
100000 -80095
-62366 -14363
36782 -100000
92808 -100000
165 -69545
100000 -85062
-9750 -40836
86252 60802
-26531 -100000
100000 -77685
-76034 100000
100000 3027
-100000 53003
100000 23582
72271 -976
-23560 100000
23241 -35544
34754 -100000
-20959 -100000
-100000 -67821
-100000 -75992
-100000 -2571
-100000 -47930
-18710 62054
-36545 -100000
32493 22951
-51995 -52962
-86345 79225
-78734 41598
-100000 -57877
69060 -100000
10222 -100000
-100000 58845
100000 7970
100000 83755
20340 100000
-18745 -100000
-99251 100000
47232 100000
37614 52501
3493 -35987
-70167 100000
-37533 100000
56013 100000
-100000 -382
85861 -100000
100000 37357
99763 100000
-100000 -68344
13707 -70858
-1324 -100000
-87895 -100000
-100000 2027
-100000 -30143
26332 -100000
-100000 -41698
-8084 100000
-61180 -73127
21906 100000
-2862 -100000
81923 -85467
51732 55405
499 100000
-100000 -99697
-100000 -33585
-17062 100000
-71456 -45264
-28732 100000
83660 100000
65804 -100000
23687 2236
-100000 65909
48587 -100000
-69472 -100000
70326 100000
-63875 -100000
-100000 -8446
100000 47168
-32187 -100000
66651 17028
-44784 100000
32778 -100000
-100000 70087
-100000 57553
-73672 -37515
70915 -39720
59925 97587
0 0
-95552 -80476
-10360 100000
100000 -27059
27592 100000
-77421 100000
67146 71037
100000 -62479
-100000 40147
-12956 -100000
82771 -31678
100000 -91948
19622 7615
-47492 100000
100000 77340
100000 -64390
100000 -32554
14315 17908
100000 61356
5309 -100000
100000 -97040
-6761 97518
-100000 -78571
83017 -100000
100000 -79935
100000 79137
-100000 9616
-81433 3516
-72820 100000
-9186 100000
-92094 -100000
100000 -61412
100000 -92855
-100000 -88998
-100000 -2182
2761 100000
16956 100000
-96450 -96776
-70328 -73263
-100000 59225
20208 100000
38151 -60761
40375 -63751
-43663 -100000
100000 40141
77642 -82690
59832 100000
100000 57734
-50847 100000
92669 93586
-100000 26946
-100000 -88756
46278 -93267
17840 -100000
-19864 100000
-17288 93337
17391 100000
-100000 -18963
100000 76845
-2042 -50366
33577 99294
-55387 -52802
100000 -24791
-100000 74795
-100000 -44135
33887 -72252
-74631 -100000
42213 100000
10454 -100000
-100000 -91789
-100000 87201
-100000 2797
27923 32565
-88628 -7582
-100000 -27406
-100000 51339
-40384 73987
-35178 100000
51902 -5050
-19964 100000
-76749 100000
100000 59137
-83951 48624
-64098 69569
-49806 67247
-100000 -88720
100000 -9654
28195 23300
-50795 -100000
51419 -30935
-61364 -100000
-39257 -87506
18351 -100000
-27876 -100000
96500 20241
-100000 23129
100000 -35207
-38271 100000
-78236 100000
-100000 14086
-58141 -60539
-100000 51533
100000 66476
-100000 84053
-80072 100000
-100000 -21688
56002 100000
34728 5471
16489 -15252
-13101 -100000
-5895 100000
