300
-4354 100000
79001 -100000
41988 70446
-14949 -68525
-569 -100000
2522 -100000
70014 -25005
-100000 25055
31037 77655
-15923 -99390
-10243 -100000
-100000 -41671
-100000 -94504
100000 37140
-2509 100000
38489 -34470
-55587 72375
100000 588
43900 -76069
-46844 100000
-9558 100000
-94762 100000
14937 -100000
-89741 -100000
88576 100000
-7692 100000
-100000 97635
100000 -96396
-100000 -45100
-6719 100000
22277 100000
-100000 -78114
18326 100000
100000 9456
-100000 -35723
-35784 -100000
100000 -1191
4911 -32733
100000 41762
-39953 -100000
100000 -94968
-34463 -100000
-14233 77608
100000 -90627
-59938 100000
13031 -100000
13530 -100000
-100000 2666
86713 47280
-100000 96598
-100000 -36546
100000 -93867
62477 -100000
-31634 -83335
-37257 -100000
-32429 -41393
100000 -24590
-100000 87427
69984 36819
-100000 29564
100000 -77773
-60558 -100000
51887 47684
100000 -78478
-46218 -45811
-100000 85621
-100000 -45540
-78623 -100000
-3901 -100000
100000 42994
20569 100000
-41755 51004
32827 58772
-100000 -25099
64302 100000
-100000 -38269
-93181 100000
-43842 -100000
-43490 100000
29553 -100000
-91390 73073
-100000 63630
-78109 -23685
-17386 -100000
100000 -50433
8273 -100000
100000 97807
59208 100000
100000 -95599
-28279 62713
-78480 -100000
-100000 -73076
76155 100000
-39151 -100000
-81275 13470
100000 54144
100000 -75546
20263 100000
-96991 -29395
-64279 -100000
100000 -89200
100000 -5468
100000 35354
36126 100000
67669 23018
-4584 -100000
89692 100000
60060 25090
-100000 75447
38409 100000
-100000 -7136
18523 100000
100000 70985
100000 -89291
82264 -68229
-100000 -71209
-100000 -9783
-96063 -100000
-93360 -54953
47014 100000
23151 -100000
100000 2320
-98601 100000
-58162 -100000
-89037 7645
100000 5918
100000 98415
-100000 98816
-12718 98825
-15778 -56013
-14554 100000
-25384 1015
-100000 8092
-76724 89064
10559 9999
-61225 31670
100000 -2512
-89603 -100000
71275 100000
-100000 -57327
-100000 -83097
-100000 72788
-100000 -52552
100000 -34107
-100000 4223
-13629 -7459
100000 -14504
-100000 8012
-89555 -19462
-100000 4178
48018 -100000
-86773 -60266
-100000 41284
-85353 67225
-13140 -100000
89386 73455
34000 -96630
-42785 89088
100000 53844
-5362 -93567
-100000 -24198
33928 100000
-17080 100000
-58427 26513
-100000 61773
15143 -81153
-100000 71635
100000 51484
-65792 100000
-78229 100000
-31625 -96988
-59280 -100000
68475 74771
100000 14478
-67251 38504
100000 -27019
1983 -100000
-100000 61088
-84034 100000
-100000 84363
24728 65798
75090 37069
54246 -44958
-68795 63746
-61253 -90299
7989 -12993
25445 -81127
-45709 83790
-90063 42373
100000 -19838
93818 79617
-17095 -100000
79028 93638
-99849 -100000
-97973 100000
-45608 -100000
6315 100000
-100000 -59633
-21925 100000
100000 30358
100000 53230
51662 100000
68085 -46803
44928 -98808
-84265 -100000
382 -31059
-22478 -52274
13937 57338
17763 47921
-100000 80752
44695 -100000
-100000 62884
-42655 -100000
-71752 100000
-78419 -100000
-26291 100000
0 0
100000 52150
-58460 100000
51779 -100000
-40190 57481
100000 61468
-72579 100000
100000 52836
15528 -60390
100000 267
-79564 42895
-100000 -95167
-60524 100000
100000 99636
100000 -62540
79479 -100000
74046 -100000
-100000 20963
35568 -100000
83182 58919
-100000 -99168
-44891 100000
-100000 96607
-100000 -74455
100000 -55338
-100000 35188
-96625 -100000
-28166 100000
60179 -100000
85278 -100000
-100000 -74584
100000 -14285
-49943 100000
8401 -21281
-3218 100000
-100000 12721
-18447 -57002
-100000 -61112
30329 100000
46243 -100000
32659 100000
34335 100000
-64173 80380
100000 79042
85629 1685
-71957 100000
-14438 -99724
100000 -65253
-6774 100000
100000 -31325
100000 -14659
-41657 100000
-41951 24562
3380 -54126
100000 15716
22998 100000
-8113 100000
72055 100000
96880 -19472
38052 -41308
100000 -18705
97332 100000
-100000 665
87549 100000
100000 28084
-24842 -44273
100000 -56497
1192 100000
-69214 100000
-65801 -36166
46917 -76574
-32431 -100000
-100000 276
12612 27880
98273 100000
100000 36890
-100000 34647
34229 -63886
-23217 100000
61905 100000
-78648 -100000
-100000 87249
-55276 100000
-81423 -5307
