300
100000 -58243
-51871 -100000
-70077 73239
-100000 -72433
100000 48075
85435 100000
-49876 -100000
-41388 100000
30524 -72938
-100000 -31570
-17875 -100000
-45175 -100000
-95663 6744
45824 -28562
-88084 -95658
-5184 -100000
-19763 -39766
100000 66733
100000 92791
100000 -8495
-49234 -100000
90121 48682
-91567 -30219
-29998 -100000
12403 100000
-90380 -100000
17308 -100000
59396 100000
100000 79801
91881 -100000
100000 -24393
-100000 -2062
-20037 -23038
-100000 -939
60242 100000
84927 100000
-21343 -32522
46452 -100000
-62679 100000
40502 100000
-37911 5514
100000 48915
-52954 -100000
96800 -6264
33444 100000
-60352 -100000
-75893 -29557
-51902 100000
-58893 -100000
-78790 100000
4133 -100000
-26195 -84445
-100000 35394
-100000 -75391
-62861 -93521
59336 -100000
-46196 -1025
74084 -51376
61594 -100000
2861 14293
-100000 64797
100000 -2586
35175 -60808
87925 58604
21675 100000
-21889 100000
34029 100000
89003 100000
71628 100000
7007 39706
19679 100000
100000 -59472
-17898 69412
-10728 100000
100000 59634
-76204 -100000
-100000 70029
100000 -66404
-16969 15424
-100000 -34253
4003 -23775
100000 -64123
8230 100000
-96643 30829
20435 100000
43277 78794
-57235 -100000
-100000 -65274
24798 100000
36098 -100000
-100000 17982
-6895 -64002
98991 -100000
-3145 86742
100000 41686
-100000 -16681
-3542 -100000
-54183 58810
-44946 -100000
-94315 -100000
-80196 100000
-73497 -100000
-100000 -62158
-66983 100000
97260 100000
-3639 -8348
-100000 -19869
53593 -26046
100000 41940
-30955 65643
-95105 -20735
11484 86897
27422 100000
-100000 -51795
-100000 -90913
100000 -60691
74111 100000
77752 -100000
-100000 93831
-32285 10949
-5793 -813
-17765 100000
-26534 30961
-85401 34824
100000 -79159
-99095 -100000
-32395 100000
18779 100000
-75134 -100000
-88804 100000
-41113 100000
-65939 -74373
37158 100000
-100000 58843
-65630 -100000
100000 3242
-25197 -100000
100000 -4680
1953 100000
86290 100000
-75382 100000
-18475 100000
71091 -53487
100000 99949
100000 -79807
100000 56355
97114 -100000
-100000 633
86859 -57297
-100000 -42545
42710 -23022
48917 100000
-100000 11781
9950 -100000
63502 93831
24675 -100000
53438 -96108
-29071 81591
94232 -100000
51806 -33144
84129 55676
0 0
86357 -64332
-100000 39289
100000 25695
65628 -100000
-27867 -11857
18761 1401
87014 100000
3222 16739
52763 -100000
-72076 -100000
100000 -23085
-43050 100000
100000 -62472
-22161 -51509
-100000 28632
100000 8583
-8362 -100000
-39047 23353
-38255 -100000
100000 -2625
-43890 -100000
-100000 -84407
90732 -100000
-19251 2856
100000 -22512
21394 -100000
-37797 -25088
94267 100000
54175 77429
100000 51346
-62241 -100000
-100000 63495
-16807 -100000
18684 -15300
-88350 100000
100000 -10438
-100000 5916
25193 -100000
-100000 73680
-47563 100000
-100000 -16548
-78156 100000
10229 -100000
100000 -97803
-97779 52428
100000 -11022
-100000 -94181
-14255 78531
100000 -44309
-6958 -17856
-29422 -100000
-100000 -56162
100000 29286
100000 40014
-100000 73289
-38081 -100000
-43793 -100000
27028 61768
-100000 14760
-100000 55781
29961 100000
-100000 -96099
96732 100000
97144 100000
-85153 -84274
824 100000
100000 11784
52288 25819
44045 100000
64862 100000
41420 52805
-10638 -746
-29472 -100000
10635 100000
65925 60440
-65207 -54981
100000 29158
-100000 -38555
35227 34319
18641 33310
100000 -74401
-86216 49882
57772 100000
35076 100000
100000 95876
-48900 100000
-29373 100000
100000 29985
-63807 100000
97128 100000
-100000 78922
94128 -100000
-100000 -93583
29988 78644
-27832 -100000
4604 100000
-100000 84467
-39131 77556
100000 -22408
100000 -39294
100000 -18282
-68642 -78617
89315 -65168
-24710 -73647
-7880 -24029
46281 100000
-100000 72007
-100000 -50083
100000 6351
-55297 -100000
100000 86549
12213 -100000
83804 -100000
-49936 -100000
23585 -84098
100000 75550
22098 -29909
-79413 28384
2349 -100000
-100000 13689
87749 -100000
100000 -69995
100000 96990
-100000 89729
100000 44469
-100000 -95391
-49085 100000
-47497 -100000
100000 -57171
33517 -60006
-58042 -100000
31353 -100000
100000 -94130
-62282 40463
-2186 -100000
100000 -89187
-98649 -71727
52083 -69878
