1000
707196572 0
-437924320 0
433380674 0
-335735639 0
-528485424 0
0 712105154
0 -283300620
132988590 0
0 674253113
0 671010772
738433083 0
878883034 0
0 645648958
0 226303149
256918801 0
0 -141128570
0 504530711
-195068502 0
0 831757970
588478112 0
-82912471 0
-869827604 0
-838999812 0
0 348631636
-141846928 0
-981666344 0
-853774163 0
0 332640970
-391838325 0
203934641 0
571733431 0
0 253961392
-977255601 0
346690453 0
375273120 0
619606325 0
0 364182114
502417420 0
-114054314 0
0 -239961229
0 -259274926
0 402316628
0 980021784
871827201 0
-285432369 0
-293011282 0
0 500755358
-692675874 0
-245495835 0
0 208785316
0 178495479
0 932755844
644998172 0
0 -767876957
0 -751034186
274811645 0
522520101 0
206345885 0
0 304705224
0 -497358197
797536905 0
0 299582493
714120799 0
703120355 0
-917030717 0
0 -182619722
-482948628 0
0 488975477
-835849161 0
335497937 0
-274811645 0
-977295384 0
0 375555985
0 350068214
980073973 0
-632910920 0
-324384196 0
856383551 0
0 478904036
0 96453743
-130105739 0
400173430 0
24376673 0
0 -175542798
0 -329171211
-495489784 0
0 -852206441
-978051185 0
0 815705604
692675874 0
0 -21713682
-253114540 0
0 128128410
632910920 0
0 865828777
0 -674253113
0 -833205345
0 -795016851
0 -815705604
896605814 0
0 -348788638
0 767876957
981666344 0
-400173430 0
0 -825133577
0 214960421
0 604298003
-707196572 0
0 -645648958
-147967153 0
0 756732873
0 747086105
0 -371829445
0 182619722
0 283300620
-346690453 0
990256535 0
0 690844204
0 -13383527
0 828958336
0 -341046138
0 -631691321
712596111 0
0 -112126280
677082482 0
0 422540017
0 192530484
0 -779627041
0 739889163
0 62569327
0 -612642844
-244341593 0
736518309 0
0 -563048029
0 -972643830
0 633706943
0 -529683608
0 852206441
643687347 0
0 -800995779
0 305814800
0 -907637118
544246784 0
603296332 0
0 348135031
0 -816397064
-920794515 0
285432369 0
844562390 0
148086700 0
0 -350068214
-176094256 0
0 266214045
-573355338 0
-660267434 0
984249730 0
0 -747955547
531950548 0
0 -392338451
0 -434041832
0 684600920
977295384 0
668285726 0
0 -673939111
238873166 0
0 -364182114
-54146163 0
-878883034 0
-126869801 0
0 372648043
-210782499 0
445437809 0
-148086700 0
0 -504530711
-820148876 0
0 816397064
0 -756039306
-990256535 0
-536213885 0
-668285726 0
0 492552985
147967153 0
-451391893 0
0 216474494
0 -603013689
0 -11728846
417509172 0
411198908 0
-812800366 0
0 786717495
702560860 0
0 -807519885
253114540 0
0 -831757970
916122746 0
-231627288 0
0 -422540017
-427735965 0
0 -918734207
0 -299582493
-388385797 0
0 -747086105
0 -674666166
190765062 0
0 -266214045
-238873166 0
-776044446 0
475566611 0
0 -206652788
0 -182687388
439503880 0
0 683170929
-332356944 763366330
-896605814 0
0 833903663
0 -611178439
0 766729332
195068502 0
711930679 0
626268481 0
0 -424749831
0 -214960421
0 424654660
0 -262470317
0 -196648631
114267217 0
0 -793251289
0 829211413
0 275677446
245495835 0
0 525604866
0 -710738892
-420868149 0
0 112126280
0 965377044
0 222605774
0 714450989
0 793977061
906297639 0
0 -720373359
0 329951369
594870457 0
0 -567094461
-356479279 0
460881620 0
0 -178495479
0 -75887939
-722391666 0
-115983154 0
0 828774739
0 153353288
-868862182 0
335735639 0
0 -945323770
0 760580876
0 -975863369
-588478112 0
-354185499 0
244341593 0
0 611178439
206369107 0
0 -812496208
0 514431711
-29882835 0
0 423582707
0 -714450989
668691167 0
-422872852 0
0 55175529
225429551 0
-333256928 0
-103804135 0
0 93334651
-714120799 0
0 -863835670
254115710 0
-783784809 0
-871827201 0
-914268829 0
0 82895613
722391666 0
0 652504663
0 427056745
0 -488975477
-707646732 0
0 -43791511
-774937046 0
776044446 0
0 269849483
-856383551 0
-216196248 0
0 795016851
-403924702 0
0 483507965
0 -957003567
-801249885 0
-711930679 0
0 681165005
0 -756732873
391838325 0
0 660401523
0 413938848
0 946618436
625047086 0
-626553802 0
-912194257 0
-485865589 0
-894022858 0
0 -965377044
346046044 0
0 -82895613
-439503880 0
0 -787734731
0 575139099
699773735 0
0 -630455872
536213885 0
756518275 0
0 658102789
0 348788638
454701813 0
0 146361876
0 -598665664
-467988122 0
-24376673 0
-395797841 0
841214109 0
49545868 0
0 182687388
0 247429041
0 945048676
834430095 0
799506309 0
-712596111 0
978051185 0
0 -347488146
-526353457 0
0 677940076
983540648 0
-76128060 0
-916122746 0
-94940237 0
237085290 0
0 393320752
-108575550 0
5971887 0
0 -828774739
800815273 0
755160170 0
0 603013689
991915197 0
-126960968 0
-755160170 0
0 -93334651
0 631691321
0 -126718753
0 13383527
0 -525856880
0 347488146
0 623089080
0 101425796
0 -974833952
0 -380661635
977255601 0
-625047086 0
0 914738816
0 46551259
0 -604298003
-64006714 0
-411198908 0
0 -410358426
0 175542798
0 -348631636
-237085290 0
929966786 0
0 196648631
0 529683608
0 -230972798
324384196 0
0 -760580876
0 -993100576
801249885 0
0 296741049
0 -471497477
-619606325 0
-190765062 0
0 -580787123
0 -348135031
-820674467 0
0 -500755358
557925039 0
-491879382 0
0 -887796915
0 993100576
82912471 0
0 579034951
420868149 0
776647290 0
-69966823 820284280
0 -46551259
907960845 0
-968538274 0
0 -795241764
0 -851223102
0 -473998085
0 555121460
0 -492552985
0 812724298
470308029 0
997512733 0
0 4635041
0 953538041
928720854 0
0 254862112
0 -305814800
0 -394695880
0 945323770
-800815273 0
0 -194657680
0 -848621989
-335497937 0
-41691287 0
604826168 0
-77940685 0
0 -649012969
-470308029 0
0 899673204
0 658279258
291609445 0
-363653124 0
-375273120 0
-515764266 0
0 987825071
0 756039306
-115591544 0
250575920 0
-558393671 0
625179660 0
427735965 0
0 -288924129
774937046 0
0 598665664
0 612642844
0 -40944127
0 -196369346
505907529 0
217064035 0
-929966786 0
-860124666 0
210782499 0
126960968 0
-498020728 0
176094256 0
0 815077052
498020728 0
0 -101425796
0 268024862
-248454027 0
-454701813 0
-641079958 0
0 158046871
437924320 0
-67578777 0
0 -53390629
430417588 0
0 -907032715
0 -953538041
0 232737342
0 -914738816
0 424749831
0 119290816
0 -655638389
0 -707191555
-483126672 0
431998913 0
0 141128570
-594870457 0
-444245283 0
0 -343141471
0 -694668289
141846928 0
-550798876 0
-644998172 0
-284446307 0
0 -179225423
192205920 0
0 580787123
-217064035 0
0 -579034951
-106402567 0
758323328 0
231627288 0
0 278641536
0 -158046871
115983154 0
0 -945048676
0 632632010
-232941876 0
0 963687069
0 75887939
0 409935938
0 -865828777
114054314 0
-114267217 0
0 975863369
-475566611 0
388385797 0
0 851223102
624473229 0
-502417420 0
0 527919512
0 -55773008
783784809 0
-253879718 0
0 66157316
-132988590 0
-571733431 0
0 -841429002
0 -660401523
0 841429002
0 630499713
-841214109 0
0 -61811230
0 787734731
0 -623089080
67578777 0
216196248 0
0 148383854
-717657721 0
0 21713682
537676312 0
-755400493 0
0 -66157316
0 -970899015
860124666 0
0 525856880
0 435244305
0 -409935938
641079958 0
0 239961229
-431998913 0
0 -913812363
0 53390629
-475659920 0
0 419334279
-624473229 0
-623507194 0
0 -696309421
0 -218247422
0 -514431711
132241816 0
0 287579479
0 831321108
-191543136 0
0 -712105154
0 -828958336
0 -432381562
495489784 0
-197537778 0
0 196369346
0 972643830
0 497358197
0 -633706943
159737057 0
-283849779 0
-256918801 0
0 136485746
0 -194510520
0 109675596
750406906 0
0 825133577
-736435178 0
0 410358426
0 380661635
0 6308122
-677082482 0
-49492908 0
0 887796915
0 972100581
0 -542097341
0 -831321108
0 -519597599
0 126718753
0 -940695558
0 -148383854
-694696245 0
-799506309 0
853774163 0
477258720 0
0 37749303
483126672 0
0 -375555985
0 696309421
465844235 0
0 194510520
-623182629 0
0 271679546
0 -910461478
-391469891 0
-10133423 0
0 288924129
617077190 0
0 -932755844
0 -893162267
0 913812363
-654267485 0
0 311514377
-254115710 0
0 -460456465
0 432381562
0 -311514377
0 616324579
-554382747 0
0 262470317
191543136 0
0 -398194427
0 -232737342
0 -630499713
820674467 0
491879382 0
0 653274262
0 713176887
76128060 0
-206345885 0
-544246784 0
-346046044 0
0 -766729332
-430417588 0
195336846 0
0 668765625
0 -69746864
0 -153353288
0 -946991911
0 519597599
997447228 0
-797536905 0
106402567 0
0 910461478
515764266 0
0 779627041
0 863835670
0 -555121460
0 848621989
0 833205345
0 -987825071
0 649012969
32139706 0
660267434 0
573355338 0
0 -192530484
284446307 0
907831682 0
0 69746864
868862182 0
-32139706 0
-776647290 0
0 -294928855
0 751034186
-652646355 0
654267485 0
-997512733 0
0 -6308122
0 -523524815
0 879317790
-738433083 0
0 94111262
0 -103158080
0 706782487
0 -527919512
-992209316 0
920794515 0
623507194 0
54146163 0
964250409 0
-736518309 0
0 -226303149
-643687347 0
0 -575139099
-90462990 0
894022858 0
-505907529 0
-906297639 0
283849779 0
0 707191555
0 694668289
0 632804661
0 780577798
0 -713176887
0 40944127
-980073973 0
0 521866356
417816595 0
-375278756 0
807489863 0
0 402671874
820148876 0
172285017 0
0 -37749303
0 970899015
717657721 0
-983540648 0
422872852 0
354185499 0
0 -109675596
774715564 0
356479279 0
0 -528566765
812800366 0
-699773735 0
-991915197 0
0 -980021784
-477258720 0
-928720854 0
482948628 0
0 673939111
0 -354380531
0 800995779
511984404 0
0 -271679546
0 179225423
0 -525604866
0 -146361876
0 268530366
0 -424654660
0 434041832
-250575920 0
0 473998085
817881351 0
0 -296741049
0 -483507965
-817881351 0
626553802 0
0 -658102789
0 -269849483
451391893 0
0 -972100581
-237026947 0
442421951 0
0 720373359
0 -55175529
0 259274926
736435178 0
90462990 0
0 194657680
623182629 0
0 -413938848
0 282315515
0 -62569327
869827604 0
391469891 0
-668691167 0
0 -944694669
0 -418089464
0 -899673204
0 -136485746
29882835 0
-460881620 0
0 795241764
914268829 0
0 655638389
-178825001 0
-417816595 0
0 -96453743
485865589 0
992209316 0
0 -329951369
-758323328 0
968538274 0
49492908 0
-531950548 0
0 -402316628
108575550 0
0 523524815
0 312597263
-774715564 0
-442421951 0
0 43791511
770474853 0
0 542097341
-537676312 0
232941876 0
475659920 0
103804135 0
395524588 0
0 -423582707
916039101 0
-817306257 0
492766458 0
0 -119290816
0 205288575
-417897907 0
-964250409 0
0 145132058
10133423 0
0 -342711172
64006714 0
0 -282315515
-511984404 0
0 -833903663
0 807519885
0 -372648043
41691287 0
0 -419334279
0 907637118
0 -632804661
-703120355 0
-445437809 0
-557925039 0
77940685 0
0 394695880
0 -786717495
-433380674 0
801577189 0
0 -829211413
-604826168 0
0 -254862112
554382747 0
-195336846 0
444245283 0
-866531983 0
0 -247429041
-916039101 0
0 -521866356
0 567094461
0 55773008
248454027 0
0 230972798
0 -4635041
0 -658279258
0 -690844204
113373710 0
-203934641 0
0 812496208
0 398194427
0 61811230
0 217063894
0 418089464
0 -217063894
237026947 0
0 710738892
0 -942732829
403924702 0
0 708318577
0 -632632010
0 630455872
-395524588 0
835849161 0
0 -683170929
115591544 0
197889734 0
0 -780577798
694696245 0
467988122 0
601574982 0
0 826429313
528485424 0
0 -653274262
0 -94111262
0 -287579479
-626268481 0
0 -400782915
0 354380531
0 294928855
0 133007274
126869801 0
-946649696 0
0 965730000
-907960845 0
-844562390 0
94940237 0
333256928 0
0 171697808
-617077190 0
0 -708318577
-750406906 0
-801577189 0
-859914566 0
-492766458 0
0 -222605774
395797841 0
707646732 0
0 -963687069
0 674666166
178825001 0
-756518275 0
0 -684600920
0 -974763184
375278756 0
293011282 0
838999812 0
0 -478904036
-172285017 0
0 460456465
691700655 0
0 -616324579
0 747955547
0 827404240
0 974763184
0 400782915
0 -253961392
-49545868 0
-225429551 0
0 974833952
0 329171211
0 563048029
0 -826429313
0 392338451
0 944694669
-834430095 0
0 907032715
0 -216474494
0 -435244305
-5971887 0
0 -965730000
-770474853 0
0 -879317790
866531983 0
859914566 0
-113373710 0
526353457 0
581625468 0
0 11728846
-691700655 0
-625179660 0
912194257 0
-702560860 0
0 -427056745
-159737057 0
-601574982 0
0 -812724298
0 -402671874
0 -739889163
0 -312597263
0 -652504663
0 -793977061
0 238310498
0 -393320752
0 343141471
0 -278641536
-603296332 0
-807489863 0
0 -332640970
0 -668765625
-581625468 0
-997447228 0
0 -145132058
-197889734 0
558393671 0
-291609445 0
0 218247422
0 -275677446
0 942732829
0 341046138
253879718 0
0 -677940076
-465844235 0
363653124 0
0 940695558
0 -208785316
0 893162267
0 342711172
0 -268530366
0 -268024862
0 793251289
0 946991911
0 -304705224
0 206652788
0 528566765
550798876 0
-907831682 0
755400493 0
-984249730 0
0 -946618436
0 -706782487
-206369107 0
0 -827404240
0 -128128410
0 103158080
0 -815077052
0 -238310498
0 371829445
197537778 0
652646355 0
-132241816 0
-522520101 0
0 918734207
0 471497477
0 -205288575
817306257 0
-192205920 0
0 -171697808
0 957003567
130105739 0
917030717 0
417897907 0
0 -681165005
946649696 0
0 -133007274
0 -671010772
-417509172 0
