1000
-871267360 242359652
-116459443 -642724206
-105222890 -583661663
-92418413 -285658027
912461497 -417333106
-614024282 -290287758
285035083 295421633
986899556 -631050788
397896956 -576923337
-700688326 325310911
-274530404 -193747122
723344057 -424749009
-169540965 -322960892
617536259 690375572
607785255 -354684505
-93473450 247481266
24778293 423270908
562409816 -989626396
733159423 266014099
630430143 452246508
-523438224 213842640
-714440063 -167351144
-167154668 -691228046
722817113 391906681
29455806 -728457055
883015658 -338052777
986718630 -331520004
-708467307 -123485668
-51188357 46675621
-415557178 98693131
-581903819 837592307
732659519 850305915
182166603 754169969
392106477 -843603729
241397810 294952193
-600935643 696579262
144372877 446914251
73160148 809242269
-183723238 -55108647
548656246 -268297599
339483026 885373192
-182150742 530022374
-571940463 493397597
-77823750 -679957968
-388862532 -412600971
-287838178 528597551
654921827 -712682598
572194651 -584687006
-256499446 839235580
129036186 256563374
-49475079 -524742696
-84471445 488597486
444527969 642110672
15615932 -652446137
-327291319 150577464
-346604960 805018678
-965177620 130336280
-619630215 894431606
-216554525 -14458407
-814931803 -717067825
930401052 -284613158
76592815 -108308420
-735468765 926575187
196398813 324207045
308634404 -491623935
513872426 -295870089
-963509044 213878198
570691418 614082706
419543143 166969459
-574195065 966977304
-901484641 -398702263
109659045 -898794971
-512434344 -232594178
239349067 980176896
-840775827 -612519217
944844923 597827425
-42047854 237551395
-660994139 535269119
16324035 -132982111
-49412684 761057031
-349865387 -287510259
-751901374 -39728258
-428323486 174767575
787868024 -580546558
563497331 -488320414
-660741982 -345968832
467930795 -44704547
-230570318 747718818
-451587477 -597222341
198674022 -75765208
239373590 842662357
-331598024 -300096354
930232652 871126349
-963029388 -874631917
-260616717 -452946782
-366052916 500457850
-847501341 -877462458
-160549254 124999922
926461103 740941763
-374223738 849642991
165896677 -430465759
851935152 -728703892
13928327 686599055
839673782 -128137262
237721936 566233219
472130187 769448625
119436831 -976161375
115857480 156343557
-842508908 -386898715
-426485692 -307002102
158166338 -195556769
11137466 363965377
-799081700 -430072305
131731514 221964919
-262313534 -582694921
-978005962 782123775
-158393847 338855363
-541958547 -487339569
645004732 922725472
-97506722 314422224
926782842 486191950
-178626174 -194856869
742236729 48496066
-301852046 147946972
672362963 -100657953
-345194002 -586345598
-307865745 14984898
507781473 610055449
272464740 750333523
388312868 -841788848
-588049497 19717332
-393161763 -479158020
-896464025 -235738541
-75276126 -605722620
-300641457 312933661
-367758244 -361334911
-416010408 905440560
445668887 884128969
-316338410 796417926
-821773430 250332645
657971629 -581762560
-213877625 -351580045
313205596 -351743877
-982415098 -916583963
113994427 174593313
-390410108 946480261
-990831473 495649505
557030355 443108501
-180372369 -112473475
-474242533 306992922
548405583 23951422
-242845550 -393721976
385500074 869868110
-652407583 515132880
458910880 -655539627
-282537805 -184673827
519605735 76820318
331612550 -236586058
-110008122 648410168
506987138 -622179408
995853741 -472989333
-932057184 -413867965
963739863 495033655
258101372 -409281027
-155975672 -94544010
-807431797 740886825
-356936777 587031086
-92277194 -379202396
22835298 89225405
685449763 840398604
652454822 -762414556
993807585 -615682588
-591684 257169546
-204402136 -854893406
-103550581 372358730
-602134111 801729840
-666121166 -560647335
-65372099 827852755
225631280 -162139390
622161890 -353181800
-131079002 275372872
704715492 -313426408
30499289 -334620708
613012577 579276415
295896214 -277954190
706223614 230317560
20586110 728417283
-55313929 876007527
-153414255 -405113395
-283080461 -643089309
502580076 592023442
-236992923 331631495
443283926 795610643
-488103485 656452668
52801070 9076176
-399727823 -669378539
12297091 -733594062
-331586854 708726981
-978390705 832889150
-590497456 -658557242
-515958547 -361817219
368589863 -508238205
379335458 -865206398
28865446 -433261750
-624327757 2475317
480294064 -55654064
823026675 -395683273
458677639 689394169
-728576755 759515378
769940001 359534074
315021777 -323505850
992013521 -816030888
611470549 -384928309
-116859392 -525469462
-48124447 70423771
26870251 899902309
-795369745 -817232192
-180359115 -524194525
341364773 624942819
-537459471 371355820
-127275167 -821254009
-702930589 -329211722
238936672 440909610
-557994400 67302486
199432655 -376976436
-688816473 -604238909
142372023 -677397273
497725144 -190509986
902350086 832855059
-498927129 -52588045
-240456568 -494544061
808782170 -696957536
-286137567 450462864
-546633274 -89687214
-214759718 -782995977
197382934 -165532224
221145124 -396002169
159216253 -622431453
645724612 -906015580
508217700 896018356
335866746 29233964
605271156 -198906877
-290653166 -182269508
398741274 -77321512
197243008 63872538
241837798 542464002
-268866357 -267650114
-667170322 -150035211
-320597459 -514768528
-349924846 -449400697
-695690101 586754062
-804221582 -106354267
510945451 988187197
115854950 -401936640
675746029 -426021306
-363136954 -430304997
-365319809 -849828874
193128060 246153466
-675397353 120987829
380204100 346108309
215572621 499884830
-94802448 186905153
1337402 246374770
876438767 677397305
977388967 882071191
-98926286 -396408204
-59481398 53442388
-222134909 137832564
743836491 -103019621
-931506324 49309816
-708272760 428976076
770099708 -383424252
679590691 158008034
-302155087 -469279583
155483840 278347164
-509094239 -897436377
-88377200 730306558
993261640 352533091
433339112 609184547
-495860963 -153772631
246497216 257301100
-585972188 -696391794
243262396 -90784829
-669885036 479319775
906420999 -453760828
729698961 141842828
-783606301 439095004
-134853347 8643560
-667589161 -782637623
-744053587 -279022299
828173831 351251331
-214309942 -428322544
-414096090 615054195
290037566 -201116211
-661812997 -250135208
-691948164 -558541053
-101951204 570947814
741589827 199677829
-996175957 -449702869
436537620 162588866
884724632 797159935
-767812776 95539274
-640068671 67129243
647432929 -187711129
394328994 448009496
-874386843 106130661
-934052116 490294116
-14043357 -578129950
-208005204 452720280
160749252 340766409
40709875 -849852675
-104002602 226360140
712506131 -120705214
37865880 293540078
447403058 -738980913
-352322767 652482447
189038880 245500773
-324654537 -144531638
-935747110 -761721205
725706554 862724090
-931688945 276842486
507603912 775817083
-431281566 -196512893
289662725 -193403851
26694384 738051386
-389875238 319732520
958549231 667048516
-393958914 179110017
209747180 179355299
-187894966 -90221099
797010399 68544198
893629544 -509360312
-471036301 -264803021
-333726162 -137998206
-183681608 -778191432
-652560176 -328823652
994736589 -625537198
553806350 -784996144
-681078973 -248321483
-62870630 -745132266
746380699 -432714355
-663129330 -467023520
-866120160 -670392204
776855218 787920562
-303421186 446584243
586745513 872747196
-65175378 -728792022
366391835 -523463475
-295289720 -868674207
858299337 -767127825
612285594 109965698
-217864880 -715005842
75644824 768847159
618536346 916939364
586916033 -922799279
-400095714 214685072
727347216 -340728029
860748857 -31288461
679729527 650612537
848170815 826308368
-412317337 -648276801
-587859111 553402193
-792218695 -690663038
-653054597 -763663941
-488490339 -330152778
-867100818 184850159
-956971522 774206028
-267917031 866611340
-40965443 -557479005
-468512207 -338764609
-471136620 176706005
-675499894 311186947
-435373423 -27939669
-639816392 729519544
-159528902 -756642774
-958955222 -232967291
177172977 -454572771
-323424771 283941231
291992428 45699634
564037903 -50762180
-947150068 -808560690
-450208365 943297898
7637916 -276897781
505952258 499387945
-811656433 -330983340
643200729 724090159
-602146385 621932455
757936302 -240435139
66768352 -876943200
-478430359 667707503
-932866153 -352795449
-80274627 62499961
585237053 -856098281
-896165937 186078861
-480861605 -520289093
-839487740 -515751216
714569088 498758713
-327563744 584444502
-421579562 -378692770
832274877 921990243
344314116 480078068
493289942 138291236
364488662 -456080611
-438841268 221884216
210103519 755012795
-303201256 833672862
769506884 280472816
-15293575 43530058
604859014 -675001732
354537959 156523722
500760079 -977645551
139258628 460476030
645191386 -88479332
-343830803 438455787
324241500 -615747774
-831850855 868591937
-526405061 -374624874
395047730 -90366352
-717769035 605295466
-506275866 -537274414
757660302 867650662
-419743870 -257875608
344995285 -18367108
157134080 -64084608
461818250 830827645
-325348862 39545055
410711940 -529929614
-373524962 -434489986
-944494788 -615476038
-306608613 -485626263
601013997 -738571496
624220999 -278023622
204820656 29263487
982039026 -717219940
-496902550 -692482535
-135896928 -261674062
42755997 -272706102
589834515 323892296
-283233216 -447982443
-419413375 -291943096
283493133 -236968397
884929207 -391292198
959147503 669495108
130607664 -730449166
14928256 -70952319
199958148 -43729244
-54826579 900910987
-379773352 -262102157
-580080276 722139669
530823518 -193223844
226145295 165157561
110853427 -843983199
-916914776 55800954
-360759415 686854793
256873949 664969751
-695297559 241124168
-372954525 233156919
-231170096 -175749543
-324633677 -166110540
256668511 -478547511
728163721 283248051
-657073444 90972161
393319785 768345432
136086595 839860081
142808194 814080566
-19038177 54599431
-792461423 -462098681
262764976 7917424
-607312679 -827328957
973060791 185067082
66559866 -338356489
498501314 592067851
-206822672 -151020306
-539618970 -421386450
526632558 -347757377
-545228287 -135054417
-13304008 148491125
-78410246 207101959
-61583239 -326129851
415563802 770367681
893888062 828122995
-117890248 -420126078
961654604 667585595
806432807 -493286192
-173500801 -359993915
309707011 382226267
367586765 683969123
-410612721 -439327305
304533030 -668989343
-324368935 576979402
-348639620 -371800426
-222244330 571293559
-972710390 -175725160
-806743008 237254586
-910599070 270366032
-334721889 -856304546
-475216338 -461291492
57658436 -564862225
-761089938 920503268
-77931130 10453589
-797464453 74207443
-25426637 71020431
732535597 -753406041
372586719 202837754
-903294964 748895529
870188085 841595298
-849315597 119557881
-750672343 344883283
-473985846 663262990
-159426587 -480746979
-289424659 -169791250
-334405012 -10668488
109727546 -585775978
43368524 616764967
698836076 -317322042
-656260623 578407422
472927997 -155901954
153185630 -216616840
-855466513 -278062551
-232816306 -70948044
166566958 656150956
269449076 -429659560
577928858 -9788912
276518401 -458280098
-236842078 -703635912
-801419194 386409359
791397808 452032749
273106910 -267739848
-448571405 -689330400
-196041033 -385010948
-29807114 640752200
144680697 686807876
746707782 548146976
-666764873 686358492
-188496780 -382667849
-289577884 -453859312
454580966 316850640
-276128062 14367623
-356901156 116680154
502429010 -415774584
134330930 -244824354
-779142375 162474624
915267821 722577060
558348618 308975400
-164659544 -305026330
-635635212 416936774
503641092 -212472929
78159893 -560367734
-977168724 -814574031
-632864609 422608510
15019423 642784450
-962328885 16483537
-378571960 -760689298
-557201219 385382749
800959061 52909555
51223270 -361831778
772929517 804794193
759576249 -524342957
-194280412 -32412150
879999259 -32323875
454514418 -530241337
-50853274 142040862
-337263450 400755340
285308200 458810325
362853277 431362045
636859315 -599163431
-493965297 196060237
-489956631 119390191
-626066172 -425109000
-767402750 222514190
-389144390 -877286169
35903678 -455984621
-278997200 33651243
388173408 101248206
-386634667 298067933
199370637 -38660756
454168748 468825179
-550348074 913500553
-499527890 -768793097
-430084424 953971212
550047340 -118199346
66693349 -6230554
-91683555 -530498139
284549763 -815439543
-416663746 896751528
-918016892 -845177579
-59788116 202462729
764061083 772507362
87310345 -14882613
574177026 -998013326
778631241 -759664207
-906590716 -364426544
-690552513 894789189
123873520 167769878
400210135 525791883
-635998277 763017796
-205849289 -494161727
-471279837 97344581
-50564369 699819459
874140171 621696789
-90775083 -732275167
248712415 -22860586
-844292929 504497041
589786399 -279086779
246904099 -151983566
-440758991 -292824885
81821992 -662217058
638836877 910451162
-595794645 -106582568
299445594 -14752359
-703311228 66737272
-625178435 634149447
-343031030 541663158
503070723 751584136
-539261961 -227342111
382160712 430344691
-847681068 -153188013
-559291587 -876481224
-298640271 148744666
290599778 -305864014
247892103 -336469952
431717141 -754291183
22218037 -451240811
-457045276 280542569
608593307 -680270011
570191958 -890213383
-933861834 524913627
-73693360 -666752094
-601275007 340588339
-142657312 -448403061
43884807 157014280
741445456 554178035
925845125 740153602
309680280 -28081592
926315450 956614893
-234803555 -407292087
-388560824 -64824300
-975140748 -492959691
-680741142 551828653
609138777 -612136661
500076178 105249174
-937511809 768659064
-130362529 -436995311
-678168748 305919760
-33214222 800555696
621502152 743394532
453948084 322074415
308962800 -397047542
410604240 554188699
655142756 -159051409
-233846885 -200394349
659626549 -305545240
112815640 -81069695
-954566348 -276514004
18073872 -553116822
523031534 -643517572
-141345472 -521270022
-723608308 30267481
77900429 581349449
435928067 806637580
-844346950 979718880
-375950687 -19864129
-704633614 944255933
-811329979 -461782233
-308523634 451159389
-451097495 332548207
-894617470 14400852
656338813 509108166
950003648 449802805
-212609032 587772238
-871264431 -280045936
-235687658 463263585
-967461081 -889966465
-983113698 79165653
669117079 -293552659
470730421 237909787
943039376 -578316288
465934095 278666755
-762406764 630471645
269497829 937159835
767307729 502761117
113618239 -661807310
-656387318 598495158
-14824263 34125531
-884341947 463320979
963944376 312588424
-450283198 7286179
909510775 -708408047
938671003 590593049
692017867 -369810453
-851822144 -229017125
94963429 -203441955
-947173873 -337873821
-167945040 -112876488
-848897346 344340315
416467047 -272386891
725990839 778087566
-812321023 -782021580
274579718 -881276004
935950484 -37371433
-343889378 -198042182
248167436 -327438774
-554329445 -660383784
393181670 -883873584
-370518193 -314439011
718197416 976833785
960410164 -292104587
-687098953 -918403460
-771298028 549464429
-595019803 351725018
-154118378 -9079866
-427373557 -556463477
206677686 -425797050
934695536 867571190
-209553932 -866067638
652641080 -543227067
-932851712 229586404
254623709 -490485893
515088339 -205590750
666379758 221164138
210591578 71644589
-943106983 -425304040
-422492992 -517596061
54863773 -292887989
-723446670 -550013474
-503478149 186228242
168944951 -355390647
868098270 863337345
315429843 865171385
-997488683 -598996068
-706910232 -811534760
25707643 927860178
-673391683 -497269025
-403648969 156623552
-357601506 176751708
462547643 -7370099
661832172 -137481388
163115135 313221917
621315574 -94299665
-688844095 -407297648
590661469 236447186
-870905528 -64441043
-517834436 -848404018
-248520278 -192058385
35436721 -295473711
833817216 -502628021
329560450 -116383940
-470139706 -133255858
200657531 113207302
205504217 -407761347
302429507 -337500866
-942141185 -986465971
-786439875 951433253
370783506 393166973
-189882265 625911
474547316 -216048020
550342481 -130971421
-51674973 -96994439
770860855 897784331
255820185 844026413
-984089285 -393168996
467006154 -454307776
566856014 -377683096
-121087686 431518762
966359310 324859226
759722364 -423942099
419581496 -212144275
881687861 -212641315
-696044660 230520194
-63221488 -87910774
-338397925 -427306838
136323136 -978456963
581715204 -611066288
-414390866 404177728
38552915 410133797
498964917 102505270
-205747420 -98782123
446115602 -958090882
142110123 552601372
-698165791 -189471089
-115739973 379347455
577396617 512179221
-638479956 -401354262
-143842105 -275915646
875584227 -407415941
-933761395 -58457459
-29521709 757339656
665356833 804855954
408755680 313524757
855083783 -825795116
-465714693 -300275051
927477732 -968581686
205042784 558617417
-45269844 -977369066
999481874 31587009
-631686045 -793460815
758253834 96432970
-2849226 486556985
-183748943 -850080054
37322024 678256123
287762023 100418491
-577619646 235395435
-20516072 -860734033
197523865 -45183176
219418673 -622749085
-499564351 658201050
447016714 -528615836
-164594217 -560440261
-87356615 -224948964
810188677 699579333
-27578215 -144958535
-512559215 -199562753
-628142410 39472308
271608583 -328202234
-870746846 -55879338
773131984 -248344407
-804214068 53042791
355309590 -119766036
22528936 608335590
-642015908 -960072495
657940410 -67719940
196805949 -736973039
343067655 -152027096
528115402 -400780375
447448450 -267986711
-191823210 -832551759
-300480633 -154802007
-792666214 709728223
956042130 668958029
-569333924 186187104
562436895 842005351
-189274584 -841415157
-9460188 -208411890
799185183 950602543
-147642662 353633398
-246445375 45446666
189926858 -406883910
-798071846 -21786283
344868802 -698296512
701941304 -713209570
801438430 -480018668
570768811 -503831881
-263197808 -580704170
796140012 976783318
84827044 424655516
-323254233 -305912599
894209681 117026826
-119036494 -185109677
218128520 -113167531
566893049 -725662117
764858676 990459606
-545034705 -853976265
670206592 -385764251
877429257 99363989
677157845 693050118
-414981164 52520620
-16166358 -86849625
632752855 916632365
352549580 -42285734
-373731267 731481629
-8067861 335862196
-857050008 30177178
687432347 887810989
72717041 -63094243
-30587150 87060116
-936962273 -278178726
58059250 -678495948
-82864461 -936954305
57168973 -551672995
812102775 -227895168
-970891879 -330170463
447778989 256671058
705724490 176631266
121449063 534084740
-65539501 137686436
778309486 466142952
-812315377 546931134
863318859 -162976325
833634268 870743731
174657344 154226855
257442352 597983882
-559179453 346641461
708529717 -250990812
-940494256 -417814602
777856975 622338251
-873207484 40922665
-252643581 299962867
669145454 605163063
386943416 -350354268
-163627697 -632333905
-824370648 486494986
214084634 -222872721
890473855 -306909303
480195874 83078982
-115795579 258310720
641493781 889792493
443103917 -402467051
965500172 103960933
-981751303 728515829
-28370024 818577228
-740047899 -970298562
-307731230 993717124
75646976 -113819122
89440499 351737379
-779580917 678452352
-780332133 -998733249
-598195866 111775763
-255609244 240597578
-524707768 -216425112
-8749221 145392107
15408804 -55518508
116613022 -946856634
-485454648 121667717
845669897 714930228
-497349552 482567555
-514411575 715670776
272189473 864876008
-334838666 -4475924
-805439040 -450635161
-958406766 473904447
-839134528 567072823
-967306886 813716152
75666338 -428801254
659833318 -99297300
100905366 374953398
745110785 784033400
-62977367 -272818357
107196893 581776226
-282945032 -438173271
-463825389 -391306133
-275561803 -721992424
-272416925 -559278580
481820916 -926627579
488604471 813943373
-74671851 475074592
90421340 880417264
311459512 372891174
808937586 -457176569
-374663875 -452398856
483098563 -891555703
-624626207 781525751
-473575034 -404280345
-452565544 -168253335
729665386 132313123
194702094 -971485980
800112166 -137300250
493671882 -445787644
663520219 901262947
-220216372 212775854
-36846680 -333376047
-16236811 -601360437
-370545814 521147152
813191686 677897250
-404578910 -118577227
85338858 247207120
417987449 123520701
276795747 387494747
-362087665 -87793471
788071078 -192918317
-167194009 -587639887
535679996 -987836016
222613844 -310828167
-161000208 650006239
943673594 795828797
75638972 -202102782
755800268 -480534134
-511271729 -414358743
-973089297 -677117263
340464658 240988807
494738607 -971125670
-551995224 -415998923
-432150604 -308094506
-287684210 -551831292
454132779 -753721335
-360335109 652994081
708975991 -275221718
223152724 -397528802
-349701208 726155208
-618740686 384553797
339935421 36691326
583039781 -878196347
29243397 59130635
-501665891 498646386
-959479659 -470073448
-694086574 151618904
598911571 -826552891
601193673 -178151469
-414725334 50510285
762068703 -452244916
-156336648 -584756011
482192436 -15096772
662990398 -167481089
-228730938 904193157
-697991429 -677440489
699016596 310767908
115078608 -239237212
57439796 -318841282
775199025 -760882507
-310722245 -200656562
-260955131 483214516
