1000
-65024469 967744775
514720493 -514720493
0 912981361
-373484840 -812009943
831256556 831256556
-163803555 -163803555
-650291728 -650291728
-440664411 440664411
34276674 603110292
103337633 -103337633
-460079570 0
652406470 0
693296017 507164385
-78901813 985001150
0 -594887060
0 622879862
769915120 0
416862143 885597434
-98450537 0
0 197326825
-696845865 -696845865
0 701687476
377805672 0
-230891703 358065489
-288144894 80873044
-694700285 969580039
503353964 445648598
986649827 739658259
163445250 163445250
650291728 650291728
0 535392607
-165834732 165834732
855302155 -60536255
0 -53792171
72984010 72984010
208457996 208457996
495249432 -898842400
-558116749 -558116749
163445250 -163445250
175897327 -239807824
-85659001 85659001
-696845865 0
899468546 426099927
0 -928719070
-318571335 0
-197326825 0
748060481 0
296132821 0
0 -197326825
-622879862 622879862
206177349 467155971
626488175 -626488175
0 72984010
-313161435 313161435
-90477026 90477026
912981361 912981361
622879862 -622879862
917414334 504994495
0 -349974528
0 991655216
-83246374 -887741874
607134414 433285497
238869123 238869123
0 -318571335
234441901 -234441901
234441901 234441901
0 -694785604
0 -484907958
-565299855 0
-456301137 456301137
-98052846 -98052846
875905454 -875905454
-907069027 907069027
0 735818662
-61732327 902676221
0 928719070
65486966 794103767
0 85659001
0 696845865
-296132821 0
0 -236630721
892152387 286743176
-377805672 -377805672
652530306 602633913
-953374217 -977480190
-260460153 -260460153
0 484907958
869749507 990883120
101035672 -202030074
263283205 182875632
-735818662 0
0 -460079570
675184034 675184034
0 -652406470
-75694965 0
682474278 682474278
296132821 296132821
15608310 15608310
59175429 -59175429
-778904153 -485908484
514720493 0
-690025757 690025757
385782720 -194181961
0 794438906
954540268 -954540268
875905454 0
-154672870 -563306043
-854477377 854477377
622879862 622879862
699095299 0
0 -313161435
-770783808 0
0 -36134806
313161435 -313161435
991655216 -991655216
-151045683 151045683
-675184034 0
-340726479 820685833
-637112566 0
-862582312 -831245526
0 -650291728
0 -447307575
831256556 -831256556
-15608310 -15608310
594887060 594887060
0 -59175429
349974528 -349974528
-360980950 360980950
243218727 0
48982298 -48982298
627724732 90973272
-197326825 197326825
-377183446 845793111
907069027 907069027
-622879862 -622879862
-55111496 757438286
0 626488175
-103337633 0
-658319170 658319170
658319170 658319170
349661534 492908676
-558116749 558116749
0 -71022832
-311992579 513343608
-492479429 -767209191
0 -15608310
-7349423 769714904
-734348585 734348585
-631121095 461517363
0 -273755520
-329430387 947166826
-683570056 785706349
0 -701687476
75694965 -75694965
565211220 -794624247
163803555 163803555
248442862 0
-190313575 -326706857
-538085266 -11804003
-377805672 377805672
796858476 252923728
-837554109 -837554109
296132821 -296132821
-180412530 -300539364
0 699095299
362893266 753391343
-313161435 -313161435
0 -151045683
770783808 770783808
0 -954540268
-456301137 -456301137
85659001 85659001
-695398398 717242808
0 349974528
-794438906 0
27549334 -27549334
-991655216 991655216
273755520 273755520
-443791333 443791333
954540268 954540268
-831256556 -831256556
0 -770783808
0 -390244556
0 36134806
-36134806 0
-48982298 48982298
0 797442834
-85659001 -85659001
558116749 0
-360980950 0
650291728 -650291728
-504340557 504340557
-879321459 -807269252
260460153 -260460153
-652406470 -652406470
690025757 0
-814048788 -685846306
-92311635 -595875240
-694785604 0
0 -813788496
0 -163803555
-954540268 0
-322420271 322420271
-318571335 318571335
85659001 0
41340436 830749169
500011141 -849962158
0 -769915120
-219776331 521114207
834055309 -715771695
-90118075 916847599
-134333933 890991252
318571335 -318571335
-60601659 60601659
954540268 0
-168657204 757118504
36134806 36134806
-443791333 -443791333
-460079570 460079570
965519810 965519810
0 71022832
90477026 -90477026
690025757 690025757
904014256 827038769
620478936 0
0 -682474278
0 48982298
0 907069027
-701687476 -701687476
-694785604 694785604
352129099 490457482
0 -322420271
-71022832 -71022832
-310071062 -722846935
-690025757 -690025757
-713419606 -96710983
-922347281 -385127045
-769915120 -769915120
400902590 447800366
696845865 696845865
-734348585 0
0 296132821
-626488175 0
0 748060481
396153889 0
0 502774662
-495008857 -820694990
81903638 0
0 594887060
-197326825 -197326825
243218727 -243218727
-620478936 -620478936
701687476 701687476
-34775119 6410870
0 -699095299
502774662 502774662
-60601659 -60601659
-699095299 699095299
813788496 -813788496
0 53792171
-248442862 -248442862
0 -637112566
792001134 -591159090
252759141 875212239
-812944079 411549402
928719070 0
-496531143 -977363425
456301137 456301137
-690025757 0
-205134105 -317840210
-558116749 0
48886054 48886054
0 -360980950
-622879862 0
620478936 620478936
-912981361 912981361
0 -243218727
575802926 746257978
0 954960703
-509981465 473519405
0 495392510
912981361 -912981361
0 -954960703
-86676850 -313078552
190811416 -424940043
-178641098 -559253834
377805672 -377805672
-60349559 495800053
-60619066 60619066
-548061020 -303750672
376628483 376628483
71022832 -71022832
0 -502774662
0 -658319170
656888426 411793653
0 854477377
514720493 514720493
396153889 -396153889
794438906 794438906
-744444139 -262537064
413518393 618455688
0 734348585
-443791333 0
-390244556 -390244556
151045683 -151045683
103337633 103337633
-700592195 -227516367
-734348585 -734348585
-35928090 678371906
-327095862 188663854
-492815601 -834240382
-928719070 928719070
502774662 0
0 163445250
699095299 699095299
-165834732 0
103337633 0
735818662 -735818662
408338738 86575468
-643741136 903687008
0 658319170
-36134806 -36134806
313161435 313161435
-861026934 713691519
0 682474278
0 -311472607
535392607 -535392607
390244556 390244556
0 260460153
165834732 0
-652406470 652406470
0 -48886054
-407752717 528244293
-396153889 396153889
77698956 128290801
360980950 0
243218727 243218727
72984010 -72984010
72984010 0
-85659001 0
311472607 311472607
-791979115 285454875
0 831256556
-103337633 103337633
318571335 0
87811844 686486852
-273755520 -273755520
-699095299 -699095299
-965893406 17414407
556067488 228532024
318571335 318571335
-383482875 0
396153889 396153889
-495392510 -495392510
0 390244556
594887060 0
447307575 0
-621919883 621919883
36134806 -36134806
273755520 -273755520
9220152 46550273
-203209641 -216165172
0 621919883
-163445250 -163445250
273755520 0
0 637112566
141353992 651318203
-502774662 502774662
-271166756 871446872
-316478642 -742622530
-795560356 -797793867
97345560 842577766
53792171 -53792171
-52141264 -283839820
217385609 -217385609
748060481 -748060481
-484907958 484907958
0 236630721
0 313161435
313161435 0
495392510 -495392510
443791333 0
0 504340557
535392607 535392607
165834732 165834732
-322420271 0
-502774662 -502774662
-769915120 769915120
-769881842 -961192240
71022832 0
0 514720493
0 -163445250
-311472607 -311472607
-29454747 -263129992
658319170 0
28681199 835243838
48982298 48982298
637112566 637112566
98052846 98052846
-594887060 0
-48886054 -48886054
260460153 260460153
0 -965519810
0 460079570
-340522894 485436738
-311472607 311472607
-447307575 447307575
15608310 -15608310
-116810025 252668902
-991655216 0
71022832 71022832
0 360980950
-912981361 0
0 -296132821
-813788496 0
-438240189 -954142997
842474493 -735635788
0 770783808
735818662 0
-637112566 -637112566
-65657687 337698055
0 208457996
794438906 0
-645905749 -177443593
-234441901 0
-535392607 -535392607
-243218727 -243218727
-994431142 -913200205
495392510 495392510
-954540268 954540268
90477026 90477026
622879862 0
0 -837554109
151045683 151045683
-349974528 -349974528
565299855 565299855
-238869123 238869123
-48982298 -48982298
-168159207 -34791261
-296132821 -296132821
383482875 383482875
-396153889 0
-907069027 -907069027
-72984010 -72984010
-236630721 236630721
484907958 484907958
-797442834 -797442834
-54093669 485504419
-440664411 0
-658319170 -658319170
954960703 954960703
928719070 928719070
0 965519810
0 837554109
769915120 -769915120
921764247 -696152168
708616594 -559338124
-447475045 -442494480
349974528 349974528
-637112566 637112566
0 48886054
-81903638 0
0 -105081064
-60619066 0
236630721 -236630721
-495392510 0
311472607 -311472607
-571595664 793022799
-418608144 -14805949
-313940172 59038175
0 -621919883
163445250 0
-875905454 0
781549068 146224012
-620478936 0
0 -748060481
-794438906 794438906
77435068 583556493
322420271 0
-390244556 0
-27549334 0
-682474278 682474278
-954960703 -954960703
699095299 -699095299
322420271 322420271
-227910822 916290525
360980950 360980950
-383482875 -383482875
-248442862 248442862
813788496 813788496
734348585 734348585
0 -734348585
-66256840 533086
-594887060 -594887060
504340557 504340557
962138134 107319420
197326825 197326825
-208457996 0
60619066 -60619066
928719070 -928719070
637112566 -637112566
965519810 0
-27549334 -27549334
610800833 -44079887
-748060481 0
-378386119 367851392
854477377 -854477377
0 -60619066
0 -377805672
-72984010 72984010
-484907958 0
-969345817 -920089713
-495392510 495392510
-163445250 163445250
854477377 0
-248442862 0
535392607 0
690025757 -690025757
-702499808 -962941826
460079570 -460079570
85659001 -85659001
208457996 0
502774662 -502774662
-81903638 81903638
-274070493 7098671
-588153070 803823372
-48982298 0
0 875905454
770783808 0
48886054 0
597821991 -434379193
105081064 0
-582887926 176490526
0 690025757
0 -696845865
-313161435 0
0 -690025757
748060481 748060481
383482875 -383482875
-875905454 -875905454
0 -443791333
-204869521 -915498476
126663056 -644678352
-535289064 405831421
60601659 -60601659
-965519810 0
-465954322 980812611
652406470 652406470
236630721 236630721
-797442834 0
520954541 -659090765
0 -854477377
187272123 651062003
-792211828 -445347141
0 -208457996
208457996 -208457996
0 -535392607
991655216 0
114363570 -176710791
0 -217385609
621919883 621919883
260460153 0
440664411 440664411
-886179113 -536852940
-27549334 27549334
-928719070 -928719070
965519810 -965519810
0 151045683
558116749 558116749
59175429 59175429
-349974528 0
0 -620478936
-163803555 163803555
98450537 0
-236630721 0
-875905454 875905454
36975296 701822922
-871177607 -692736835
-837554109 837554109
839288108 420914784
-813788496 -813788496
-484920167 423183975
398850990 -305110351
0 -514720493
0 -238869123
-308578359 470041404
349974528 0
-947652554 -289359108
247316750 720321984
-208457996 208457996
105081064 -105081064
462578346 -329957451
954960703 0
-490221732 -21625037
899601075 209583291
383482875 0
0 954540268
525945723 -339911429
0 -907069027
0 675184034
-830866176 889976893
-965519810 -965519810
259716599 -645826643
558116749 -558116749
60601659 0
105081064 105081064
443791333 -443791333
495392510 0
0 234441901
377805672 377805672
696845865 0
-854477377 -854477377
679411739 -128726527
0 163803555
0 238869123
-105081064 0
-620478936 620478936
923380993 -494812176
867809877 3236545
-854477377 0
-514720493 514720493
-376628483 0
498769845 991430447
-797442834 797442834
129373389 328619703
515845595 120726769
60619066 60619066
854477377 854477377
621919883 -621919883
-621919883 -621919883
769915120 769915120
-475312759 933547898
907069027 -907069027
0 -72984010
-813788496 813788496
-60619066 -60619066
-390244556 390244556
907069027 0
447307575 -447307575
-769915120 0
253940875 -794996845
-682474278 0
694785604 -694785604
239971317 560578750
0 165834732
-38988511 58745383
837554109 0
-514720493 0
-831256556 831256556
75694965 75694965
0 105081064
48886054 -48886054
-898591440 912849035
392107168 -637009822
0 -626488175
0 -48982298
-447307575 -447307575
-460079570 -460079570
150525512 -490357620
376628483 -376628483
-168712501 763744581
0 248442862
-594887060 594887060
797546459 -718501541
0 650291728
650291728 0
390244556 0
197326825 0
0 376628483
360980950 -360980950
-701687476 0
238869123 0
0 769915120
0 -103337633
424959318 689240880
504340557 -504340557
-151045683 -151045683
0 -622879862
219069376 354066919
476727044 601420915
53792171 0
-440664411 -440664411
0 -396153889
620478936 -620478936
0 98450537
-565299855 -565299855
311472607 0
-675184034 675184034
0 60619066
27549334 0
594887060 -594887060
-361031862 338063369
-982382086 422955360
0 -81903638
875905454 875905454
443791333 443791333
0 -85659001
248442862 -248442862
377823582 209474364
-356685486 -766590585
98450537 -98450537
0 -912981361
0 -98450537
0 -234441901
-48886054 48886054
217385609 217385609
-272533577 81578791
-612881009 373382999
0 -440664411
797442834 797442834
-675184034 -675184034
730238131 665384727
-735818662 -735818662
891382333 559209472
682474278 -682474278
165834732 -165834732
460079570 0
-103337633 -103337633
-59175429 0
-360980950 -360980950
-935866129 -143789254
48982298 0
0 243218727
-75694965 -75694965
701038208 369664327
682474278 0
734348585 0
-208457996 -208457996
75694965 0
954960703 -954960703
0 217385609
-90477026 -90477026
813788496 0
0 318571335
-98052846 0
0 75694965
-447307575 0
15608310 0
0 652406470
-535392607 0
-535392607 535392607
-748060481 748060481
0 -60601659
-794438906 -794438906
-318571335 -318571335
0 -98052846
735818662 735818662
-504340557 0
-699095299 0
-696845865 696845865
-90477026 0
848291396 -808654350
-706712018 303654557
718802944 -268124457
675184034 0
401498859 690600517
-15608310 0
658319170 -658319170
-234441901 234441901
-755526924 441846363
-273755520 273755520
-72984010 0
248442862 248442862
0 -495392510
-694785604 -694785604
-341309932 -436120610
-932851770 -729572892
-514720493 -514720493
-383482875 383482875
-592680780 877512210
652406470 -652406470
-930994044 335997658
51592441 929131527
151045683 0
0 -735818662
0 -248442862
-238869123 -238869123
-57092929 539337418
81960201 29676273
-843888038 834623574
437690281 -66823050
-652406470 0
175989571 514919220
349915234 46943223
0 565299855
0 -376628483
-59175429 59175429
-487919900 921672280
-770783808 -770783808
-837554109 0
59175429 0
0 81903638
-770783808 770783808
-273755520 0
-912981361 -912981361
-377805672 0
-456301137 0
-831256556 0
0 90477026
626488175 626488175
387481650 122080785
234441901 0
675184034 -675184034
565299855 0
-626488175 626488175
-364147770 -887465225
912981361 0
0 -383482875
-626488175 -626488175
-504340557 -504340557
565299855 -565299855
-105081064 105081064
-650291728 650291728
98052846 -98052846
-243218727 243218727
236630721 0
81903638 -81903638
-53792171 53792171
-165834732 -165834732
0 377805672
-221654437 -342224838
-151045683 0
0 59175429
0 -165834732
-187164687 -525175002
-349974528 349974528
-260460153 0
-9143557 -258652856
-53792171 0
694785604 0
460360410 -834579980
406843912 155052717
-954540268 -954540268
0 443791333
511766088 -783035887
-376628483 376628483
688258284 -283004556
197326825 -197326825
-167228493 938646372
90477026 0
0 -875905454
-53792171 -53792171
390244556 -390244556
0 27549334
-243218727 0
729494692 -395283229
596412888 991454611
376628483 0
0 -75694965
456301137 -456301137
-163445250 0
0 -90477026
-260460153 260460153
0 620478936
989708083 584981803
-30756543 894249970
701687476 0
460579766 161396801
376618356 796059553
322420271 -322420271
621919883 0
98052846 0
-311472607 0
0 0
0 -456301137
694785604 694785604
-928719070 0
-658319170 0
656109832 -601996115
-334414564 -713367509
574209457 -366489188
-954960703 0
-343354362 -800764225
0 311472607
-75694965 75694965
-71022832 71022832
-484907958 -484907958
-217385609 0
163803555 0
-81903638 -81903638
-565299855 565299855
81903638 81903638
0 813788496
-516034781 -619671348
0 -565299855
777021860 736399780
-98052846 98052846
238869123 -238869123
98450537 98450537
797442834 -797442834
-703484254 885842721
-304626846 -593726288
-907069027 0
-392250026 -627019496
0 -991655216
-236630721 -236630721
852705273 936032560
0 322420271
831256556 0
0 -794438906
-621919883 0
-253292665 -638425183
447307575 447307575
508579475 -666395837
0 15608310
60601659 60601659
-48886054 0
460079570 460079570
797442834 0
0 -797442834
0 383482875
-105081064 -105081064
-322420271 -322420271
-296132821 296132821
-217385609 -217385609
-98450537 -98450537
-59175429 -59175429
696845865 -696845865
-701687476 701687476
-719965485 740862989
0 -675184034
0 440664411
163803555 -163803555
456301137 0
-735811097 -924471256
-15608310 15608310
-98450537 98450537
0 -831256556
0 98052846
-71022832 0
-217385609 217385609
-502774662 0
60619066 0
440664411 0
734348585 -734348585
192931058 316769842
449705959 710029488
794438906 -794438906
-163803555 0
-396153889 -396153889
377673132 -565535574
-748060481 -748060481
0 -27549334
-234441901 -234441901
0 447307575
200170728 928739793
837554109 -837554109
0 60601659
-874628424 -455844717
-991655216 -991655216
395874337 -947496502
27549334 27549334
-954960703 954960703
-653920255 17145968
0 396153889
484907958 -484907958
228885352 -920091719
324728650 -92998360
701687476 -701687476
0 -558116749
-376628483 -376628483
-60601659 0
-732866361 -910404582
-756032504 92094219
217385609 0
637112566 0
-650291728 0
350173867 -544763738
-735818662 735818662
0 103337633
-36134806 36134806
991655216 991655216
-682474278 -682474278
837554109 837554109
-238869123 0
36134806 0
0 558116749
-986070495 174829698
0 456301137
2767319 -641781685
68821058 -715024826
504340557 0
484907958 0
-965519810 965519810
-987635389 49364003
820328056 -625699861
168083149 -236734555
0 -260460153
53792171 53792171
-968992878 -276451859
69414080 670377139
0 694785604
440664411 -440664411
0 -504340557
-13522248 642031250
-762744413 -984196247
380188395 -712221120
626488175 0
770783808 -770783808
0 273755520
