1000
201454859 0
0 811738564
0 270057269
0 -243133578
-731999908 0
733981192 0
-900035344 0
300308405 0
-45507080 0
0 -982114003
323114518 0
0 341255599
778446838 0
0 922767665
0 436855925
-802041744 0
0 913149409
916472505 0
0 -194738711
0 577648240
0 -973195667
200133727 0
0 751618554
-295024138 0
0 -377343325
0 -524397852
257232350 0
155767441 0
-127950678 0
0 -307496267
647424531 0
0 -824040787
0 310156564
642767920 0
-605299366 0
0 -639225799
695112417 0
-325273644 0
484284583 0
0 83252050
272884027 0
0 35286164
0 -528151716
0 -850693615
0 746670118
0 -861532410
-932700117 0
-451181192 0
0 -898559812
-669364822 0
0 -184981352
0 -88534013
0 -534388824
0 -680400614
-369903076 0
-937151981 0
570439905 0
0 929949356
0 814967054
0 476689566
0 694361051
245957096 0
0 129322401
-548921494 0
0 391974049
202181681 0
0 109182343
-577628548 0
-509229560 0
0 -325580321
0 212390864
-967674677 0
0 -369180546
766528916 0
0 -391839694
658113874 0
69048498 0
378090004 0
-199945609 0
0 662181704
-97590875 0
0 747209949
0 -510659903
-740978812 0
0 242389147
0 -410270340
-242918597 0
0 493581494
199273224 0
0 398353253
-473194485 0
421722915 0
509252109 0
-929524767 0
0 -707574579
-371046809 0
0 -239902
640615558 0
0 -735920104
-57834698 0
105231066 0
0 931448960
-377837162 0
990879469 0
0 -323824718
0 521416031
0 707574579
-23751503 0
-443630915 0
0 455653682
78612073 0
-367556877 0
548921494 0
0 786806139
0 -960645177
0 634295086
-791109585 0
966904059 0
0 594366986
0 759555600
0 -632434915
78962878 0
499092859 0
0 920775377
0 378163856
-560055560 0
937151981 0
0 22443724
-378090004 0
12466638 0
0 -22622007
0 980388122
0 505707637
0 528151716
0 -10424132
0 -564930399
-683506599 0
0 -346192619
0 -395112473
0 796583391
-651355402 0
0 425799547
-766528916 0
0 -859860505
0 -505707637
-192869196 0
0 -577695613
0 -711925116
0 41887665
0 -476689566
0 983701930
0 446634170
0 -782623905
-797670303 0
0 -76456239
-444325373 0
294421450 0
806206176 0
0 92989330
0 -813813799
-151238058 0
0 -931448960
0 -82940399
0 735920104
-155767441 0
57834698 0
350378134 0
622158400 0
171566425 0
726982131 0
912496093 0
0 767302237
489042384 0
0 -957984576
-647424531 0
45507080 0
0 229731351
-481649632 0
-194333738 0
0 -637202430
0 262638030
0 471073494
0 -746670118
-681836967 0
833282719 0
0 89547578
601402378 0
0 942045876
-591092293 0
0 -721447720
447801108 0
0 -727768919
-733981192 0
-335728717 0
-718965232 0
0 158723653
-352986800 0
595893336 0
-588766532 0
0 -360999640
0 -466715645
350686192 0
0 -228389237
731999908 0
0 949697815
0 -207657976
0 140971797
-416431471 0
365276170 0
-588258615 0
0 395112473
165205531 0
0 -37054738
0 -474250368
487111575 0
0 -922622672
-343394732 0
-671453323 0
599734890 0
869577128 0
232538883 0
421343493 0
509229560 0
97590875 0
-583202051 0
0 184981352
0 354045441
199945609 0
-617127646 0
0 -720166465
0 824040787
0 -378163856
0 71960097
-13104167 0
0 325580321
791384000 0
733339897 0
0 -879262687
967674677 0
-12466638 0
-109436334 0
0 -222209268
-489072149 0
28988716 0
-456201890 0
0 -313120616
0 858343023
-93590281 0
37870975 0
166524614 0
696992778 0
0 957984576
-69048498 0
-573915912 0
0 -694361051
-519786848 0
0 -392895964
-69873590 0
617127646 0
0 485671076
325273644 0
-942709943 0
0 -94748801
257112171 0
114602282 0
0 -916259288
719602681 0
0 37054738
-171566425 0
-114413220 0
-519008471 0
0 377343325
0 -717260258
-597633910 0
-661416163 0
490699822 0
-843724139 0
0 840439970
0 339782484
0 471056985
0 898559812
-77347194 0
137175849 0
-378105290 0
-339769605 0
0 180410489
467328241 0
0 -285855803
0 705828594
0 -749107539
0 222209268
288138873 0
0 577695613
0 4907810
23751503 0
0 -318026567
0 207657976
0 -57928515
-233578786 0
0 -751618554
-937055072 0
268905661 0
-34464100 0
-695112417 0
577628548 0
0 159293098
740701013 0
0 590411005
-185916281 0
318039869 0
929524767 0
230431093 0
740978812 0
-268905661 0
901206904 0
0 -478752482
0 663306571
591092293 0
0 510659903
-192174646 0
147006663 0
-921897455 0
412647074 0
0 491280949
-350686192 0
-102476335 0
0 635558279
0 -786298681
0 227425135
0 -405449617
291044481 0
-105381703 0
-395534776 0
0 -930810626
-421722915 0
0 435007790
0 700144455
588799604 0
0 921476573
0 557776269
-263208878 0
0 346132221
-449802837 0
0 205402891
0 757988321
519786848 0
90340106 0
0 -447120177
-363512509 0
0 -958001768
0 -354045441
0 -34971228
0 -796583391
-412525663 0
77347194 0
0 -88093397
0 546436361
588766532 0
0 -305455833
-705662093 0
-490699822 0
0 -546436361
-238004783 0
0 768097541
-235699977 0
121067922 0
843724139 0
0 -662181704
0 392895964
0 -471056985
495861317 0
-902526873 0
485829522 0
0 674545584
0 962659078
747140675 0
0 -109182343
0 963829755
0 -596207149
-275856365 0
-313768060 0
0 175035776
-412647074 0
179541034 0
-29219611 0
0 -825320334
447827300 0
992902098 0
406986392 -49173601
0 -750549146
0 -768097541
476954797 0
0 835297080
-667587974 0
0 91341736
0 967635156
0 -398353253
-349536474 0
0 -710637720
-165205531 0
705662093 0
0 -963829755
0 815810015
845497922 0
-835714553 0
369903076 0
0 749107539
-343992333 0
0 307496267
-682157727 0
-454693290 0
-68638857 0
0 960645177
598609219 0
0 -811738564
197353562 0
266321229 0
-28988716 0
0 703401040
0 239902
233578786 0
-516743468 0
0 -135581183
0 -140971797
151238058 0
367556877 0
0 -159293098
0 -22443724
371046809 0
0 -921476573
0 957391180
248842441 0
-358317397 0
0 -83252050
34464100 0
0 22622007
0 -913549740
588258615 0
-495861317 0
0 -493581494
126268616 0
358317397 0
0 -962659078
-157339570 0
-747140675 0
651355402 0
0 285855803
0 778182956
-584660619 0
0 -674001063
0 -557776269
413163234 0
516743468 0
-530999421 0
0 766623275
530999421 0
-739130715 0
-490121040 0
0 305455833
0 228389237
0 -938923685
0 -470343846
0 722296726
-601402378 0
0 861532410
0 -212390864
0 -323453988
597633910 0
0 -35286164
0 -471073494
-509252109 0
349536474 0
0 -196408166
0 -315169299
52178607 0
0 -582043583
0 639225799
231282385 -481650894
0 -642191683
0 -920775377
0 346192619
38900472 0
451181192 0
-429612115 0
0 -762316712
331179881 0
0 -807264186
-833282719 0
384758790 0
-806206176 0
0 34971228
396728443 0
0 -344158955
0 910893898
29219611 0
0 -663306571
162298664 0
316148926 0
0 -436855925
0 -594366986
-481726781 0
0 -835297080
-273271940 0
0 -795271716
0 659532345
0 478752482
902526873 0
0 -815810015
-202181681 0
868091480 0
0 -455653682
263208878 0
-664806162 0
0 642191683
-40284082 0
0 -671818026
377837162 0
0 -111189447
681836967 0
718965232 0
0 360999640
0 894542591
982087423 0
-245209312 0
0 -270057269
-421343493 0
-114602282 0
0 -21272305
371738537 0
481649632 0
-499092859 0
0 998373211
0 -98223653
0 782623905
0 -446634170
0 44431736
0 913549740
0 717260258
0 -41887665
0 94748801
0 -129322401
-179541034 0
661416163 0
0 -890539744
-588799604 0
-716686645 0
0 844057066
0 -24700684
0 916259288
0 -262638030
0 -803667294
-365276170 0
0 -767302237
0 922622672
481726781 0
519008471 0
0 -813520049
0 825320334
0 -589071878
-845497922 0
604012007 0
0 -310156564
0 -232590613
0 -114786498
0 850693615
0 -921006896
0 172736045
0 -164229698
416431471 0
444325373 0
0 -739270398
93590281 0
0 -428493827
0 879262687
915195761 0
-262926921 0
0 825230349
767461630 0
0 176755761
605299366 0
-602534959 0
0 -577648240
0 280131131
429612115 0
0 313120616
-334794514 0
0 721447720
0 246885051
-350378134 0
-257112171 0
-604012007 0
339603984 0
456201890 0
-78962878 0
-855042850 0
-248616508 0
0 671818026
352986800 0
937055072 0
109436334 0
0 727768919
242918597 0
70019503 0
-598609219 0
-733339897 0
0 -659532345
0 720166465
584660619 0
0 564930399
0 -176755761
-447827300 0
565960073 0
0 -546119903
0 508064373
0 -983701930
395534776 0
0 471394499
-36843239 0
127950678 0
-573134080 0
-316148926 0
0 432772881
0 21272305
0 997878162
602534959 0
0 896010924
0 10424132
-413163234 0
0 -590411005
434719209 0
0 -922767665
0 -180410489
0 -508064373
102476335 0
0 -902230871
-767461630 0
194333738 0
238004783 0
430861255 0
-778446838 0
0 164229698
304636625 0
0 916756797
0 -885490151
-966904059 0
-78612073 0
0 369180546
583202051 0
0 82940399
-197353562 0
275856365 0
0 -747209949
768986401 0
13104167 0
940930048 0
-318039869 0
0 750549146
0 902230871
-759319792 0
0 -510554338
0 -96507010
0 -870682028
0 740307569
-933881565 0
-485829522 0
68638857 0
0 -858343023
0 -182434149
0 -151377219
136216028 0
235699977 0
185916281 0
942709943 0
0 961762599
-257232350 0
-300308405 0
686980850 0
0 -971087709
-447801108 0
0 917266626
0 -674545584
0 196408166
0 -80245088
-121067922 0
0 389783971
0 -705828594
0 323824718
0 739270398
932700117 0
0 410270340
245209312 0
-291044481 0
0 -205402891
945687702 0
0 596207149
0 135581183
262926921 0
-764979362 0
-743301411 0
313768060 0
667587974 0
0 318026567
-945687702 0
-990879469 0
-147006663 0
0 -792233401
0 -944333105
-294421450 0
489072149 0
0 -485671076
0 958001768
-940930048 0
0 534388824
-595893336 0
-862099052 0
0 -253569113
0 -339782484
0 582043583
69873590 0
0 -896010924
-199273224 0
363512509 0
0 921006896
0 572272835
0 80245088
835714553 0
-992902098 0
-323114518 0
0 -917266626
0 524397852
0 546119903
0 971087709
-984493615 0
0 -522331060
0 -820574485
664806162 0
0 447120177
759319792 0
-982087423 0
0 -967635156
0 835644651
-642767920 0
0 391839694
0 674001063
0 -925490042
0 -916756797
410070610 0
-59631458 0
-658113874 0
791109585 0
0 -391974049
-489042384 0
443630915 0
0 -376980824
0 -89547578
0 637202430
0 -379082592
0 912896706
0 146875453
0 -557284617
0 -13601744
-38900472 0
0 680400614
-137175849 0
0 466715645
0 -912896706
-494404327 0
0 947930053
335728717 0
0 -740307569
0 232590613
0 98223653
984493615 0
248616508 0
0 151377219
-230431093 0
0 710637720
-634513949 0
764979362 0
-476954797 0
-52178607 0
-837682636 0
855042850 0
933881565 0
0 -229731351
0 -321447401
0 -175035776
0 973195667
114413220 0
-791384000 0
0 321447401
980019729 0
412525663 0
-143651374 0
0 930810626
-565960073 0
0 -947930053
-869577128 0
0 -913149409
-70019503 0
0 792233401
0 -91341736
-288138873 0
-726982131 0
-868091480 0
0 -280131131
0 -146875453
0 510554338
192174646 0
0 925490042
0 -227425135
-410070610 0
566768407 0
0 813813799
-622158400 0
0 376980824
-696992778 0
-126268616 0
0 -957391180
0 111189447
-916472505 0
0 431872858
0 807264186
0 -4907810
0 -998373211
0 -151841941
273271940 0
0 -835644651
0 -71960097
0 -757988321
0 470343846
0 -242389147
0 866350214
669364822 0
0 -521416031
0 344158955
0 -491280949
0 -700144455
0 -866350214
0 76456239
0 -341255599
-599734890 0
0 -997878162
143651374 0
-434719209 0
0 -425799547
-912496093 0
-384758790 0
0 -961762599
343992333 0
573915912 0
826535204 0
0 96507010
0 -980388122
0 405449617
0 -942045876
0 -703401040
-245957096 0
0 88093397
0 711925116
-136216028 0
0 -847169811
0 -389783971
0 632434915
-201454859 0
-248842441 0
0 -172736045
-640615558 0
560055560 0
0 151841941
630530127 0
739130715 0
-162298664 0
0 -759555600
0 -44431736
797670303 0
0 -844057066
0 -158723653
-570439905 0
573134080 0
0 944333105
-37870975 0
0 243133578
0 -346132221
-484284583 0
0 13601744
-105231066 0
0 24700684
295024138 0
921897455 0
36843239 0
157339570 0
0 820574485
-371738537 0
0 813520049
-90340106 0
339769605 0
0 884644041
0 557284617
-915195761 0
0 88534013
0 315169299
0 323453988
0 -635558279
0 666008721
0 589071878
0 194738711
-630530127 0
0 114786498
900035344 0
0 -814967054
343394732 0
0 847169811
0 982114003
454693290 0
0 -92989330
-901206904 0
0 -840439970
-339603984 0
378105290 0
0 -894542591
743301411 0
192869196 0
-768986401 0
40284082 0
-376270562 0
-266321229 0
0 803667294
0 786298681
-304636625 0
-467328241 0
105381703 0
0 253569113
0 -949697815
0 -572272835
334794514 0
490121040 0
0 428493827
0 -899534956
-467792813 0
-396728443 0
0 -634295086
0 -825230349
634513949 0
0 870682028
513771645 0
0 -471394499
0 885490151
-272884027 0
0 -722296726
0 938923685
59631458 0
0 -786806139
683506599 0
-566768407 0
0 -766623275
0 182434149
0 859860505
0 899534956
467792813 0
671453323 0
0 762316712
862099052 0
837682636 0
0 474250368
716686645 0
-719602681 0
-826535204 0
0 -435007790
-232538883 0
0 -246885051
0 -29834388
473194485 0
682157727 0
-686980850 0
0 57928515
0 -884644041
-513771645 0
0 890539744
0 29834388
376270562 0
0 -666008721
0 -431872858
-740701013 0
0 -432772881
-430861255 0
-200133727 0
-487111575 0
0 795271716
0 -910893898
802041744 0
-331179881 0
0 -929949356
449802837 0
-980019729 0
-166524614 0
0 522331060
0 379082592
0 -778182956
494404327 0
