1000
-84364283 885268125
690637549 -1452250
784528196 -480791612
376827221 -167291794
236637491 225982792
-160898177 473181228
-937652913 580670534
-980812122 404312800
986226957 -623059087
-139825674 -402922748
45813443 936535282
959906405 55874752
-476402236 362547683
392383252 521213717
192775765 423190514
210576478 -121542072
-15083783 326363359
-129490662 909297820
387206884 597047745
-295591590 -999935261
507369116 -373428722
672880818 -702047668
665455906 -782132579
-869232094 -169288292
-835044051 -717846512
-660078965 28014879
67152890 -80306751
-843179365 354687287
-302881415 -678641413
-977900253 -879179161
31972901 -223494867
-451989645 379975880
38118290 -420163695
345038283 792550680
-212899124 994881769
-906109433 433869587
-123912747 295189553
-312707165 -329433795
-918520381 -910449383
-569447799 -660551461
74409447 -725535233
-499585956 -163834127
-358061295 -3053734
-579329211 -280306241
-463753606 -472314542
-819872851 -190527441
-454088799 934239498
-427983653 -605865658
684433872 -428064081
-260070541 -444766486
549315268 -674773779
86027986 284992660
949064789 -588522982
-41855710 -785400205
-607362858 -115373191
-808693497 -367942686
-589203029 -526743183
528600312 865994249
-75219561 888162242
845211343 -413192048
16787248 -471258399
264539505 17776712
-133030523 -999051141
-279224684 60244831
-902422067 -100964603
-527516954 480921167
665184458 675434222
-459015354 868776246
-342375484 556273233
-866297225 450629235
259922024 -77539757
-990788223 20374301
-104474599 433964013
596217548 -593034869
-117586472 -394368672
-616424513 -943363264
602526977 703494938
-455138934 -476517284
-43580020 510983767
-228794893 25819717
361115784 837045280
-571320642 -830484551
301926844 -447747288
-386503089 689691847
186088926 8206921
-572906094 -380406362
-90054554 -145117585
-695700686 542426764
569492993 36732468
216135905 294711223
853387866 38870456
951822898 -857197700
808893752 -986170441
-839998102 -727729732
-154020008 -585294054
182409584 704967340
69083201 -836346195
639507057 -291918028
964087940 -31101549
765534524 -896004932
-978689943 -57765649
-931005707 -221156125
-128771607 -890574102
-323059382 591482123
302113538 362510250
-441103819 -228973282
-188260910 579694875
-251134101 262009678
319418562 883180378
287609969 -881169273
125597925 816755224
-461477944 -242232403
826814529 -154035437
-136657119 677854857
-663812328 -429705825
372560732 -972605622
-86559049 591197787
-514123060 -123742598
850192727 -400279573
462435008 -544378186
-256884115 623247864
149332946 342690752
-762494994 -355506037
729426280 15455604
-42992111 -77904918
-580082424 -533896326
674113474 -9331809
-716594536 -674158259
432735161 565004781
-574418561 -213566586
-394180186 -945735831
-64886017 -502860252
-791677357 -417847427
909730808 -441965833
-690712626 -392173102
-511443461 272912425
34221008 966272706
24673016 -439349981
-369621787 -406096924
-125108776 98036147
813879788 419202330
42446818 766584562
359416033 673138381
472691260 605331026
18604234 -196257152
128072460 80516042
583154824 -50865887
588679190 148179621
-405349406 -235649527
-248427814 -163652990
-213966632 -395524617
-536026437 773425112
787862817 791032131
436345203 874562560
-77010004 -292647027
845710416 571226893
-279262771 -349637362
902534564 631428778
701033373 73491212
-914786249 655779104
-823858218 -710386341
-30967888 -29522849
-75846857 -488842592
-457720894 -530784927
234560963 81015142
558683619 -648017606
999379918 704945555
583608823 -558590952
149497745 -694308904
170010438 -5463395
-529125030 29036335
-901493593 718424014
-282632935 543183881
838222520 603923629
367387922 302344329
-88746019 -529144938
-622635154 -467230784
-329647107 383134662
-563064250 65188274
550197343 -652619908
783147616 -81601476
-641607188 340361419
-832343735 -844895253
-522460728 -74019730
-588691195 -758944803
741788974 67995288
638832919 -301653891
155051614 -803661685
-317587049 770658582
-298992653 -214472257
353079241 -839582597
841006768 779537958
500788622 -953944950
426284847 -882932663
317411455 236204583
660031629 252496129
720439664 -855276622
738864295 -861025065
-602826300 -361926616
-112262329 195431703
386822849 -858539301
-965441793 5484503
426254379 937828663
280341150 -355205877
299404921 866144524
-196862827 -111990273
4086173 -629161887
-487419214 -175043728
814063123 55503443
232454828 -112296802
860920834 -870338873
-488737765 -381038896
-130213709 -333680349
-464258955 -820022965
386376318 748445190
-292116079 809534875
-127958730 -377363653
-600236957 -255561555
-313712328 183255715
-253875784 77508503
920273068 -68543820
-140518412 -388102183
34691413 -802329403
-65702751 -518540432
642938339 553705404
-478300099 -731250298
380535667 508509080
-852258501 723951219
-625676723 -638737649
159040861 229944111
253814687 -558804975
-397344595 -802745185
818562336 405508766
360732492 803185683
396416785 -320223130
186864949 -85816878
-774448692 -812528210
-852809172 -557027471
441024302 -542939021
-295716343 -465780760
838515950 281927408
-156412865 923059519
873458763 839594716
-140073996 286096097
-16880354 -482293210
-611489795 72662587
117820937 -550516550
293354236 -425990785
-227441423 -32742094
-48361552 -469592489
17979566 -920467627
-410980852 488131810
515735520 224411543
-626805934 -260357193
-543670059 -753293818
165967188 171092070
759467396 86388235
363149032 785688125
389130678 -733957737
223622251 -79317184
726962971 376015305
170225438 -308468448
226005901 866450814
-376108833 -746034248
-785956684 354390517
-465677952 -725073700
-415355751 579995217
93823200 355061808
184368860 370029952
-680789496 -849769218
952336984 795365078
172485010 -553795543
-701390458 526154914
450707176 226184383
568550265 263311282
434407110 -577703858
-614133418 288611092
844877620 -426602499
-499317197 663956663
190245574 -370795635
-100399384 399547329
131144136 167616500
-325298650 517127927
77201434 587632192
745957506 310559205
-453536832 941677434
804265656 621075836
-935170979 660173809
-113748674 360617884
82742207 -275482560
276332573 795705912
926453975 936973551
601495375 699509760
746538720 -887614058
872621175 -518280890
-842402897 385275228
59854138 857472665
798608928 869317730
425758978 -28066245
250792161 314683006
-88287798 487466229
875064902 338487959
815480995 696723708
-120458277 -1065496
745918578 965689993
84935959 -439567197
200091004 -663930722
-266535719 341429514
297921152 484946778
843652531 106818643
363421674 -512067060
-678559010 135814438
850743408 863173024
-869526742 376299414
712626759 -820538983
290306462 226371758
686373520 673491732
-479886481 975614374
134355349 -235785446
-869786246 -409006242
440159499 351357951
925074999 -309270379
390842298 -638451080
416710831 503959673
-423168615 -948110036
458362448 396796865
657965748 -201701869
-108383614 -601372053
-617100079 830082992
326974144 255760471
-164517440 -527633410
-564174282 369253817
-486438364 58011850
344452488 -352770905
281785051 -433349827
82412529 -460427340
975972696 621187438
-64440469 -210437646
816044158 62381804
916596046 -923467547
485311645 -753627479
509760191 388019102
-862787154 -687372563
290652406 521796615
979132834 -215133498
-382011882 -181965545
463149086 -321763982
228322889 705000085
49449192 -132108793
-707657521 -402557008
132801015 -474428382
836074698 -893796915
822558561 -157643204
33470920 -810583306
977676030 608832615
299791648 -444547533
-371166763 -284668499
-659643880 807790258
-638678488 -264101027
215331094 -295248374
-19987532 -238326235
-30791538 -847894548
526999990 601587759
559750638 704465001
-455759765 -264879558
-548965554 -660618385
-696502056 -989932471
-49568480 -595406760
-498264785 -46378920
-387224346 -406264105
11027974 -78024933
637282615 -923451636
-466529900 483276323
10337334 -409772613
585816387 -24632235
773731402 291224686
776272811 674545624
603592892 403086598
197344300 87593408
-618146373 123745836
-744644173 447023755
209661730 -105617588
99274732 396226817
8556618 524871635
-708567561 478288929
437279911 -456377269
-338247395 -706637013
515062166 335244478
-103105922 185974075
91812081 -881011498
229173826 606502528
406019798 353149843
370027139 -896720994
386865701 145612343
780949304 -45055503
259007476 4388000
-732376944 -251931813
-287282045 -654911395
751747188 -812827573
761860655 814534326
-774466067 82433585
105524513 -803430056
-688473880 -127417750
440577066 147301282
-393630323 -982089986
539202566 444136552
-541454074 585912737
901414352 452368766
-209050915 180597859
-82592033 890470027
-369140840 880952711
937144391 -75044837
310849222 -487414650
515829847 -926636721
145962062 537550930
-69953847 747002703
115007466 -258111342
244101777 -319514010
-217612950 -674502723
938888748 722955260
12417547 -381270748
108754077 -524224937
-889212849 -436585539
135478027 301971151
370717069 -965957905
741416513 411572778
376240935 670264025
-46424603 318434337
941571892 436305986
-916024582 592295398
848052733 -243093853
-900442154 670915074
-203655265 -966840753
149109623 896877570
149813624 -205950386
385551530 846381028
2451566 -441681031
811035095 -85959388
707952932 -691649998
582000772 150726726
753547055 408940588
-344520816 629262577
-193741668 -522650302
690952241 -623982044
-761516440 827154499
606803930 -896477666
950117947 -897142531
-627292444 -580204918
-630984853 -406630654
-705063932 -43921321
437131068 -39310594
-974838428 -350087456
620938177 -295331548
2327685 25319530
155623100 -530564351
374242670 80812255
-549415481 -82368132
280135067 -133211265
255157805 296331333
187783380 -114862858
-947932611 535851807
-883002025 -68255024
394445042 483557300
598988550 -929390459
-515713187 -4518719
913761668 -42247568
244552663 -341459095
-224489054 185661322
-36275302 -214157307
475599618 936890587
-201730818 -525517241
-287422780 -491190530
791214808 488190922
775347365 -766940421
430605218 913845505
-606686384 -510442868
954174249 981015133
648768731 -630842039
-406119928 -253789836
953438478 -42161947
556952533 381478700
-270085312 338610361
68748486 -266387569
-154385952 -40598
-15794545 538327000
-830191317 -767493737
-613967306 -419235310
-489233734 -323847424
640201320 27901840
-782040072 -124279873
-295064258 -279923591
215395743 813077751
675494040 942759798
227179594 -535289192
576863783 296592661
-958005574 683715953
99390225 -143598980
855667278 -304966255
-554650592 61150502
-725012418 132142080
665759893 -361634210
-59661313 100748656
-967421475 601614726
125648192 555256324
197651650 962406088
248047090 703234335
-714797613 368722188
-808163572 -803623502
-590207359 -172076663
-147466911 69627530
367163890 644746911
322735862 819869685
-284526548 -697884307
319394457 847291173
238007683 821126513
398974231 -431862092
-689416985 622774460
-648858237 568638071
573065888 120514583
-156744876 63629000
-798027743 393604935
-19920647 74628680
489282450 761678012
695801986 -306625741
431868626 -553739951
408765269 -264379559
339194116 239859946
479519228 521906640
-854194531 906617798
-11874552 22051826
-505053587 455610894
312721510 -29311755
-687841366 223890538
-219890471 -662561052
94963514 -102063372
142336127 -400551758
516256705 -118047098
-34815240 667212865
465874484 625866193
-748687688 -514140792
627733292 511978672
132314637 -760084463
-823911411 -326235927
-322259386 -909120216
751978135 -903367689
87706346 510992767
886818119 -86190856
-562276015 -799815803
-850867858 -113352828
-851134041 -256916149
452494896 366356979
-649799523 632509589
-609808666 -211136826
-343500575 973566136
263638784 393923724
55703936 -118858127
734186769 983060103
-810600618 232588176
37772214 597253982
712283100 980224573
44185276 144904528
-235565453 429804000
989479835 672053737
565751594 -445523831
542171292 606894647
-920826884 675309779
254897827 396315431
-61935776 -59045698
-659856809 178409795
341327074 807890146
277802070 219384127
-623669764 547012713
441427295 903168896
-60988574 -272803158
-430717391 769847233
471697112 -268584478
-498247487 402845562
266984853 384062473
761759272 74291921
-634163836 114829263
651056223 152923416
-127607895 -641134925
-53504047 507793875
289935721 858650188
340676011 162355111
-304852791 185439550
-798838295 -205302869
-388261266 -76799537
-247365433 -432020672
572734203 591298451
727327101 -714410524
947454409 743686659
355305321 440080145
820007807 -843622148
-203128050 17956341
-377363215 759358252
645260277 -472115679
444373236 -950175769
101451687 552568982
-639429901 767547304
-64745331 454648910
536716045 -968482620
-48059309 865482088
235605602 -101762883
-594396639 -111011589
-602783458 924481983
-272389885 -867746826
-720554870 464485317
614575363 95637199
587994596 126917650
109588901 919694475
236566089 -118976398
330523104 782105861
-992314221 -391564291
-922674138 -562069514
954920923 442792799
369822964 264464581
-687411517 -602538963
-407532631 701022325
396422445 -22087963
-307471293 -260155492
348973481 -244901982
519042232 475027905
-217819795 967425322
-469918994 771621668
-831066708 -653660225
718636424 -759207637
-387828180 -685297297
-210861073 -445172921
-620828171 -425078129
-957838884 -172014737
-595044310 -42355033
986586081 819118703
-329786238 412105971
-498559415 856692126
674267767 282252160
252896132 -415441355
-701890354 983399627
-839708616 308322081
355547696 -464007184
-583186651 561248156
-729715851 -505261433
374918343 -528289371
406840896 178147127
-189939459 320491299
-266014246 -449098768
263699410 707436019
173494560 365513898
676977700 564101348
213606104 831337701
203277461 -307607434
322655586 416168399
-348109908 -70344578
738926171 -104816568
102132897 78146979
39402783 -616893227
448531155 -65651732
209696072 -460137291
659010776 443373753
340984120 -359872731
975505132 -873948815
-221951012 -588654119
602076529 -309221705
522442812 749128492
-481031624 -956749006
297436224 539701593
-339632606 -516136660
-527437534 -621723503
-552950139 976098373
294742751 379615305
137442245 -798715234
-502177516 95510667
-996696051 518267820
-137529601 517367925
-80157330 653168833
568191663 -696603586
-540857326 201064654
-378971236 543610702
-529453175 126020715
-265223373 -742239083
463070681 -905203249
84305728 -81871060
15129693 -118892098
95195934 771424610
184593268 -547763093
10096782 -14905022
202102296 -353038845
-371077059 714884100
-900218694 -130350354
-726304782 164803125
447247972 -517915350
9625693 911023535
969183969 1742289
-573841773 775761061
-833216027 -556681818
419257975 140963704
550252475 481497416
800339742 -863789076
567329514 -85975052
717177590 -789383052
499217270 504342152
401662674 -101112413
-113665740 342038876
381103137 656131764
907643700 -468338750
544488193 378924461
-953562988 534583007
731659367 -240833381
962200649 83919004
-846027097 -385979557
547167152 -783919657
-53485417 -337136176
596115135 155716216
-120695710 258761158
848754169 -89916862
203422948 -474765096
408555660 906231144
400152032 705026513
520788597 563224874
983947545 -279222376
-455454898 -187743992
-182756079 -43869005
-286551394 973955876
540031876 -206685942
-567151144 -881760787
-707845035 -910545330
448179760 -964887264
-108757724 590336208
-42794208 -992127948
969471452 776467665
-398576920 645822004
236551721 -158459048
-246924429 -136119503
-957726349 -647802984
129002381 283153369
175478551 -427294451
744103093 -353095521
-764221231 822286867
-6915851 176856320
105224843 -81564236
310774169 35291438
104476458 335168466
-662255990 513238180
-65091636 -973704597
-455917592 343286937
-702694615 -154207399
-312566430 -493154660
-800961531 772893150
-808962826 143296933
-339791307 827087024
759182253 589054502
643996315 99686245
-282121650 -967425255
-343929500 18139372
-926013807 434219007
788077541 891380010
101726436 156305959
-475766326 690442201
-716263737 308561039
-934749409 219023493
217530706 378571110
4568476 -269222897
444017343 -949066574
953615524 966339546
968795989 -187706741
171888340 695528266
-390104937 320556931
-998818940 -764572940
81332829 -465151824
604227076 725020500
-995407826 177443336
-625253928 -813142197
790074037 840865540
-576049912 5587018
642383140 634039855
564483760 -985813059
-657473635 -645323084
-23800027 -599131984
325463260 588391163
-42878551 598807928
-900206173 896324080
991396749 -619883593
544292809 754271615
-214639078 97541515
928117354 291265284
389739868 -122323890
-573409532 14401600
510278331 986820913
-511885358 -393322030
-299964681 564470666
-922986690 339452827
394643117 86369798
-466498479 -485859376
146300616 767330777
-560645 -910247955
511972132 39249587
501594951 52204654
269967585 -753571074
384940763 -633269756
-145383677 -493837030
-196085177 -820015973
165901376 449244310
504339236 -445987246
-387567434 115908489
-250098850 -100063960
-728733158 -514351333
-163831257 -567425552
698516981 -655660873
-891324200 -694467291
-572041463 -482881541
160622588 481361489
-492254378 206584082
-10201444 -505651884
-24734434 68778379
-697830828 -90465337
-361731032 -780241440
641379667 597453623
310500440 107800145
725057900 -292756922
860249205 -618531974
-136372905 1803654
-280337109 -526860055
133759279 -420620677
174048227 -421062441
618853720 790723520
893451931 -514478670
470785946 218152993
295742068 -244962158
-527486374 -241246443
92846064 53562172
39584657 -706630782
-226045846 -183609569
-817550493 -908942629
-867977025 -511353731
-555297741 -565121135
29183019 71619296
520515788 -290959946
501231390 556633853
64002837 -854760580
461275763 815815994
-558578818 195545698
-316426399 -286921368
254279967 782396995
82782399 -160485795
929978198 547802195
56775729 305932083
349218198 -786238934
-120267574 43192429
-24784240 -297703380
950694470 -523023423
66502682 950146133
-703072688 500224822
-144531994 -493343388
199206043 412117045
726700001 -6031955
664454848 -135489832
43013993 142496330
179518673 -367586726
74078190 686657845
-409811742 837915095
-117386639 -187843467
-748155819 -692753356
166185316 -368176173
-855817503 -751066248
136703249 -567865113
-93236211 -177470070
256093263 745347568
-232458238 -365581312
531770229 773102866
261233775 833963348
303952084 -962775036
919829920 -820820141
391535339 -366433478
-839127540 -816267249
237585025 190334485
513435493 -519548307
846110602 -478887373
-505787450 440484555
3744719 335094658
834555967 -430040277
337341763 -32799032
243171759 -91861199
242864292 -472716040
309190650 130585361
585992505 -106761047
-842810361 -189474531
-563789609 -503208143
396995626 -971257291
603357750 977187680
629818271 -8759195
513979405 -117209668
-652309467 -873918309
397531652 896272393
-317424084 395410952
342609419 825481741
-535875557 401951888
-707070215 253820047
-984878209 -102630401
529417251 480778492
190580914 -751717597
471869240 176374287
-730904490 805977283
264580026 137740536
-928183605 471391113
339924367 -21261879
891523793 737846392
-124213907 -81826495
209784853 453776779
-515932210 -80835814
-20455510 -950330504
77461115 332585533
-502270373 -612021265
-377684481 -153220469
396245643 53192228
-150677383 -296674560
76732715 658369645
707132409 147916251
-617728545 400897507
261908589 153498886
-252942918 -840418220
380855734 641188518
-842136907 -911733031
-348897089 -719455503
218094020 316003672
-453211349 250188533
353157788 -562490576
367482052 357658658
578923818 -672356603
-583390794 -417246774
-216656675 769012775
-215117852 -507112206
177879895 -655873354
-689936400 -362958350
-689024634 -931903311
-398525193 -379291719
-984843990 53405521
434200960 1847678
-62580408 -472041626
-543711101 -473002299
-565835865 34735260
-18649177 284724835
-556667779 -473092591
358588795 -394691526
132759109 42431445
792791104 -598563402
25306729 505751860
-845011759 330893297
172516332 -185635583
179057127 -463604311
508661494 -155793772
-962432589 -824924988
-80937238 544250175
-760673986 -68073350
460927151 422894671
137496972 -532775138
-217344747 -188740363
868348009 43593326
-300895130 971204470
18180718 960507604
381170359 -441350564
-923744319 830345258
-300004327 433236518
258997598 376559505
-187815689 -207462477
-382059192 637364687
-140931320 474450725
702788217 -130582028
-123692347 340048725
727899290 -122658727
57202140 -237984739
-495330365 619594345
-304926073 -524427857
-541248457 -74441344
-125900905 829800298
-115085715 -501481912
-459861972 -390663706
-566624595 766203778
123829976 946008680
227687133 125073437
819776860 -753082032
-57786405 924515125
-428383766 143152893
-507643060 76892280
-112738025 908123491
57410055 -596611184
-614995667 -797732682
699237081 661374610
375993532 655320779
-40935538 418018552
441907136 -630583307
91204792 352483670
-160469965 707250954
674760883 580357744
-854570854 -393279885
964436374 -780452457
-938398410 234811005
579696555 487088301
-654883988 555440122
30944343 -451150782
-188319607 559340253
