1000
0 564112778
0 -650159180
594599838 0
-458198645 458198645
894063937 -447969598
0 816366638
-243626539 0
-216919326 -409965494
152192478 0
0 75731988
-324654775 -324654775
-872614072 52459814
-587791979 0
0 -72081426
234772698 -426541326
-987109746 -987109746
-986743282 0
-324654775 324654775
185877162 -185877162
-420282511 420282511
0 -107040457
-295703573 -253877733
931066777 51753768
851877613 -851877613
-929152508 -215138614
-803989719 803989719
-122118450 71924555
-884253746 0
123065787 -401541769
-858634742 858634742
239393251 239393251
818018192 818018192
-816035464 -816035464
0 561174384
0 0
-170072016 0
-334713130 -334713130
-539713928 -97478758
844538251 844538251
-935715443 -616253533
-485278772 -486486921
0 -944040244
-823466497 823466497
232980823 794013760
-822430388 651575081
-643688495 501162007
507249835 507249835
0 -781291159
-185877162 185877162
249072932 532780424
267105652 267105652
-138927826 138927826
151622807 -151622807
463251831 -463251831
75731988 75731988
-181969341 181969341
-615466226 615466226
0 884253746
-28535691 112136563
798157991 0
0 858634742
-605799724 -11606867
-276607388 55759701
0 562789861
-163076482 3176982
-772237651 790010221
75731988 0
-844538251 844538251
0 -241612509
0 -587791979
587791979 -587791979
0 -267802774
758855705 452996811
0 -532415858
823466497 -823466497
0 -420282511
0 190701820
-615466226 -615466226
541315625 -541315625
-489891216 -221981530
-151622807 0
-803989719 -803989719
-44586817 -44586817
-739961391 530286907
823466497 823466497
0 72081426
560227528 -560227528
-193999334 659220187
195821533 -195821533
0 -926858952
-25853480 0
920556616 791279608
193157315 215893174
-798157991 -798157991
-376141855 0
-880030769 -300471136
560227528 560227528
671323825 0
-479745458 479745458
-561174384 561174384
-823466497 -823466497
0 -501672735
577906164 -577906164
-567474061 -421286298
816366638 0
0 -463251831
-851877613 0
-671323825 671323825
-92466686 0
245094003 -245094003
-297138689 -400288510
-185877162 0
-243626539 -243626539
42653031 -133862911
-4556159 -4556159
335610920 335610920
798157991 -798157991
-930122902 930122902
0 818018192
-398812472 555208530
199773343 -482156775
25853480 0
92466686 -92466686
0 432022894
0 -930122902
-635232718 0
-239393251 -239393251
-192151339 -192151339
635033911 635033911
0 -560227528
0 320400322
170072016 -170072016
-932609269 -932609269
196795171 -652291524
858634742 -858634742
946949886 946949886
-317720326 0
564112778 0
-635033911 635033911
181090569 -22238711
-295560979 -295560979
-816035464 816035464
0 56576243
0 241612509
-733421382 -150713880
-146182811 590879845
932609269 932609269
-782408318 -711590310
0 92466686
60095860 961784346
-391587833 188466310
-987109746 0
-785149110 -785149110
0 671323825
0 138927826
-267105652 267105652
-4556159 0
27423063 156836377
577906164 0
324654775 324654775
151622807 0
-441936425 -155057817
0 324654775
-201822320 -201822320
501672735 -501672735
935296094 -513876662
152192478 152192478
0 570896952
-44574016 696636309
-532415858 0
0 295281703
852269392 608528664
0 693838145
432022894 432022894
532415858 532415858
-547931379 -119118456
0 -25853480
-250268606 408471718
232553751 -50243225
-580759264 580759264
0 501672735
-803989719 0
0 -987109746
0 -170072016
-714856469 -714856469
-70959645 -70959645
4556159 0
-462862868 -462862868
818018192 0
869532454 -492574622
-195821533 195821533
615466226 0
25557343 -981607848
-44586817 44586817
562789861 0
650159180 0
214782172 -735789234
37547292 37547292
-561174384 0
-458198645 -458198645
144523402 -674574341
0 932609269
-152192478 0
-463251831 463251831
489881358 -200149686
-944040244 -944040244
-273350709 51408374
-44586817 0
192151339 192151339
462862868 -462862868
-679525623 -675120976
708319895 867098715
561174384 0
-520215845 794151166
0 -152192478
-217258867 -394702375
-662712835 -261119409
0 107040457
-138430617 0
-851576758 519306102
855888968 158908293
0 -615466226
317720326 317720326
-605634760 143889320
0 -858634742
216536742 -398585157
-331399513 464665746
-851877613 -851877613
295560979 0
944268605 944268605
-249008980 996609944
37547292 0
-168485598 0
-75731988 75731988
0 -479745458
-501672735 0
-181969341 -181969341
0 507249835
-263156786 -782245789
616815085 403728215
458198645 0
190701820 -190701820
56576243 56576243
-944040244 944040244
0 -562789861
-635033911 -635033911
0 463251831
0 -334713130
810950667 864529599
267105652 -267105652
374896710 0
-785149110 0
876446127 -232092346
-816366638 816366638
580759264 0
44586817 -44586817
935952107 550753924
70959645 -70959645
138430617 138430617
0 225175447
-609948171 -358408142
-295560979 0
-567344574 113150129
295281703 295281703
863810441 967139075
-376141855 376141855
-217723295 -103474945
-190701820 -190701820
0 -138927826
584261684 -415806163
-34653845 -881659249
848967967 627659035
693838145 0
-594599838 -594599838
0 -75731988
-816035464 0
781291159 0
-986743282 986743282
816035464 816035464
407841141 933157190
434586323 951282887
0 -816035464
295560979 -295560979
570896952 0
72081426 -72081426
803989719 0
443981869 830370450
-541315625 -541315625
561174384 -561174384
245094003 0
-313399460 999314306
781291159 -781291159
0 -185877162
218794490 -596147667
4556159 4556159
-170072016 170072016
62765578 -62765578
113089318 178707080
0 823466497
626838734 -411067234
0 70959645
-560227528 -560227528
-190701820 0
946949886 0
56576243 -56576243
932609269 -932609269
-884253746 -884253746
-241612509 241612509
-999512268 -999512268
0 -225175447
-781291159 -781291159
479745458 -479745458
-195821533 -195821533
168485598 -168485598
-324654775 0
-56576243 56576243
823466497 0
0 816035464
0 -816366638
152192478 -152192478
0 -635232718
-723182596 -533543326
359377395 -596562228
-462862868 462862868
-60453264 -404437851
0 -243626539
-580759264 -580759264
-671323825 -671323825
-239393251 0
635033911 -635033911
-62765578 -62765578
-267802774 0
317720326 -317720326
0 25853480
75731988 -75731988
-553439393 524711073
-74949164 174129444
0 -432022894
243626539 243626539
522878842 223041354
577906164 577906164
-279720625 -286402324
432022894 -432022894
-906754428 -845605487
-396870647 -747106175
170072016 170072016
462862868 0
-140890656 -405357355
-816366638 0
-507249835 507249835
-507249835 0
0 -190701820
62765578 62765578
-946949886 -946949886
183802550 697018111
-190701820 190701820
199723856 80084082
0 -714856469
0 927659174
138430617 0
241612509 241612509
-458198645 0
-823466497 0
-538607394 852126219
243626539 -243626539
0 -986743282
-138927826 0
-317720326 -317720326
927659174 0
264701060 264701060
-650159180 0
-420282511 0
944268605 0
956143855 -370267431
-570896952 -570896952
-298849462 -473329743
-60372837 -215400475
723971022 -487892335
435776031 -126818570
241612509 0
-697537191 737683924
-334713130 0
185877162 0
-328894909 -942569507
-432022894 432022894
-59105309 944525567
70959645 70959645
987109746 -987109746
334713130 0
-264701060 0
168485598 168485598
479745458 479745458
90962928 -666518669
0 803989719
0 -693838145
0 844538251
996966563 607310213
-37547292 -37547292
239393251 -239393251
374896710 374896710
-332209555 332209555
264701060 -264701060
-462862868 0
0 -274070189
-374896710 -374896710
0 4556159
-785149110 785149110
0 635232718
-693838145 693838145
-767934753 -250688320
0 201822320
-501672735 501672735
930122902 0
-501672735 -501672735
0 -785149110
-932609269 932609269
-308545637 598424241
-267802774 267802774
927659174 927659174
635232718 635232718
0 577906164
25853480 -25853480
-944040244 0
0 -844538251
295560979 295560979
0 926858952
-580759264 0
-562789861 -562789861
986743282 0
650159180 -650159180
-944268605 0
0 -332209555
-463251831 0
-756822779 665922306
56576243 0
192151339 0
932609269 0
70959645 0
-181969341 0
-440690354 -984002562
740789532 740789532
946949886 -946949886
420282511 -420282511
320400322 320400322
334713130 334713130
-107040457 107040457
-101121147 -428440688
0 -138430617
-449692357 -450568350
170072016 0
0 -884253746
-264701060 264701060
0 587791979
138927826 138927826
0 -56576243
-927659174 0
587791979 587791979
-922644428 -308178739
-973981128 572213934
-930122902 0
509685595 375838242
0 -264701060
564112778 -564112778
0 987109746
195821533 195821533
0 295560979
0 -324654775
635232718 -635232718
-70959645 0
501672735 0
-138430617 -138430617
-644932550 149886270
0 -507249835
-835265792 -596838727
650159180 650159180
-420282511 -420282511
334713130 -334713130
516444878 -382879618
926858952 -926858952
-32146187 163614756
2595609 397084384
-930122902 -930122902
-320400322 -320400322
922793376 -516857411
-267105652 -267105652
-107040457 -107040457
-798157991 0
541315625 541315625
-999512268 0
225175447 225175447
0 37547292
-716018434 991596067
-461888229 -974828194
635232718 0
241612509 -241612509
0 944268605
0 944040244
0 -671323825
-225175447 -225175447
740789532 -740789532
0 -374896710
-225175447 0
-56576243 0
-170735819 -777817372
858634742 858634742
-844538251 -844538251
570896952 570896952
377189160 677321857
-193462444 113680917
324654775 0
692794739 633753525
0 335610920
-62765578 62765578
0 986743282
-999512268 999512268
785149110 785149110
740789532 0
80498844 358698255
948211299 923319792
0 -944268605
-241612509 -241612509
863232189 0
-185877162 -185877162
926858952 926858952
-468241834 5092940
-241612509 0
-37547292 37547292
603202856 -8209597
-138927826 -138927826
816366638 -816366638
0 -192151339
0 -932609269
0 138430617
374896710 -374896710
986743282 -986743282
701404814 -347525633
239393251 0
-533679770 -990903805
-816366638 -816366638
168485598 0
-577906164 577906164
0 -577906164
-308013460 101002624
-740789532 -740789532
424647811 765173627
-635232718 635232718
434747798 -968517685
-274070189 -274070189
570896952 -570896952
-75731988 0
-267802774 -267802774
201822320 201822320
295281703 0
0 -295281703
541315625 0
803989719 -803989719
432022894 0
-432022894 0
-927659174 927659174
210427877 -814363671
59359593 22480868
0 -851877613
-332661538 450785734
274070189 -274070189
-456270289 -216746566
-492520921 475918105
-320400322 0
560227528 0
-295281703 -295281703
-138430617 138430617
0 -740789532
181969341 181969341
-320400322 320400322
0 479745458
-594515236 -217164090
-295560979 295560979
844538251 0
176807002 -852013675
25853480 25853480
-394660397 792902188
884559918 -998835922
-640616095 675143646
107949623 -481236877
431156495 648467473
-863232189 863232189
72081426 72081426
619813096 -818770721
0 -798157991
0 -239393251
0 863232189
-118550305 995257581
781291159 781291159
-705007279 -50750697
267802774 267802774
671323825 -671323825
952317078 -158601487
785149110 -785149110
-966584353 0
988036156 964347496
0 -320400322
-163841770 863130009
-170072016 -170072016
-151622807 -151622807
-712944312 494441126
332209555 -332209555
615466226 -615466226
-578569479 -390217396
-944268605 944268605
0 462862868
-376141855 -376141855
0 274070189
884253746 -884253746
635033911 0
-988220734 -384111793
-781291159 0
-151622807 151622807
267802774 0
0 44586817
-570896952 0
383583117 136073611
181969341 0
0 332209555
107040457 107040457
-650159180 -650159180
458198645 458198645
-568465083 709203864
225175447 -225175447
201822320 -201822320
0 635033911
434094796 240230772
-760935547 -273775552
138927826 -138927826
-168485598 -168485598
0 -927659174
930122902 930122902
0 -70959645
0 317720326
671323825 671323825
999512268 -999512268
884253746 884253746
-724373777 534161587
853808112 -566878911
0 243626539
0 -151622807
843672374 -408341454
-195821533 0
562789861 -562789861
580759264 580759264
463251831 463251831
-844538251 0
420282511 420282511
0 851877613
693838145 693838145
195821533 0
0 -999512268
0 -267105652
0 245094003
243626539 0
-191163652 -768541973
-564112778 -564112778
-577906164 0
317720326 0
0 -92466686
0 930122902
-886745949 916037453
532415858 0
-594599838 594599838
62765578 0
0 781291159
-587791979 -587791979
532415858 -532415858
-693838145 -693838145
-25304604 -898812219
295281703 -295281703
190701820 190701820
0 -44586817
785149110 0
-334713130 334713130
-818018192 818018192
615466226 615466226
565274349 794275869
0 -4556159
138927826 0
987109746 987109746
335610920 -335610920
-295281703 0
-784529958 -334968555
0 264701060
0 -863232189
-564112778 0
320400322 0
0 -462862868
0 420282511
-541315625 541315625
-754344067 610461872
-56576243 -56576243
-543081111 534381784
-946949886 946949886
-75731988 -75731988
-784092846 -815983455
803989719 803989719
714856469 -714856469
245094003 245094003
816366638 816366638
944040244 -944040244
-479745458 -479745458
-944268605 -944268605
0 -946949886
0 -580759264
-239393251 239393251
-168485598 168485598
376141855 -376141855
849290123 -296354768
156495931 603018518
0 -195821533
868183427 2628834
858007144 -489360478
-851877613 851877613
0 966584353
999512268 0
0 -37547292
863232189 863232189
339325236 -216370091
363167676 317331239
-107040457 0
-798157991 798157991
0 334713130
376141855 0
816035464 -816035464
-347946545 -860381929
-255673921 892113193
0 -541315625
420282511 0
0 374896710
267802774 -267802774
0 946949886
347238770 -470922214
0 -317720326
198374564 -420568699
-201822320 0
-335610920 -335610920
464477498 119052327
-635232718 -635232718
-962706844 -585619471
0 594599838
-650159180 650159180
0 168485598
688890589 1884718
174482171 -483121898
363844038 -439838805
0 -803989719
323221007 719500939
0 -635033911
-966584353 966584353
0 458198645
274070189 0
-740789532 740789532
0 -168485598
44586817 44586817
0 -966584353
-714856469 0
-264701060 -264701060
-317720326 317720326
-37547292 0
-152192478 -152192478
-656594981 715225979
-72081426 0
-152192478 152192478
-932609269 0
561174384 561174384
192151339 -192151339
-863120736 792755825
693838145 -693838145
0 740789532
-858634742 0
-425794835 579134446
-946949886 0
185877162 185877162
-245094003 0
-532415858 532415858
-561174384 -561174384
-671323825 0
861338972 159678028
987109746 0
507249835 0
-863232189 -863232189
462862868 462862868
-570896952 570896952
0 -335610920
966584353 966584353
851877613 0
0 541315625
0 -245094003
-818018192 -818018192
-573793816 980743433
714856469 0
0 -594599838
-693838145 0
-957400589 -417751844
-577906164 -577906164
0 532415858
-781291159 781291159
-62765578 0
973770207 -597304178
773181694 680442064
0 185877162
-894536144 373734405
538033115 482267899
-926858952 0
0 181969341
818018192 -818018192
479745458 0
0 152192478
225175447 0
0 62765578
562789861 562789861
0 170072016
0 -201822320
-926858952 -926858952
-158406452 -339414987
0 192151339
-786798540 -884205341
362596681 -389562541
0 151622807
-728514908 -122465998
-987109746 987109746
-367846279 -333240062
107040457 0
258827274 895838931
858634742 0
151622807 151622807
714856469 714856469
587791979 0
800218534 863568168
-100329072 417414926
0 376141855
594599838 594599838
-934293195 -989593680
0 -295560979
966584353 -966584353
75099963 -139554873
-72081426 72081426
-564112778 564112778
-543610035 527782551
-295281703 295281703
884253746 0
-358335034 353174105
496213750 -868572067
-137639853 -816837080
0 -376141855
560489867 574343271
-274070189 274070189
-44011516 -314273701
863232189 -863232189
-383451259 -61512505
944040244 0
937142197 -209196954
999512268 999512268
-25853480 -25853480
0 -561174384
-818018192 0
708806758 -827028984
-966584353 -966584353
-884253746 884253746
-245094003 245094003
988919886 -648830901
-332209555 -332209555
0 195821533
-324031168 140820191
0 650159180
0 267802774
457562415 -184427860
117733262 -379034477
508701147 -529300822
463251831 0
-63080457 274980319
-916143298 -694325211
-225175447 225175447
376141855 376141855
851877613 851877613
-714856469 714856469
856856017 -588533595
-192151339 0
190701820 0
0 560227528
181969341 -181969341
-374896710 374896710
0 -823466497
798157991 798157991
0 615466226
-243626539 243626539
0 -570896952
-806843244 -147892810
92466686 0
0 -62765578
320400322 -320400322
376320816 -781247862
927659174 -927659174
501672735 501672735
-335610920 335610920
930122902 -930122902
0 -458198645
844538251 -844538251
-926858952 926858952
0 714856469
762155388 -679725834
580759264 -580759264
-562789861 562789861
-560227528 0
0 580759264
-335610920 0
966584353 0
-635033911 0
-267105652 0
5146643 -641616305
-594599838 0
0 785149110
-168656124 358468624
332209555 0
-92466686 -92466686
-927659174 -927659174
594599838 -594599838
251918671 37421393
0 -181969341
0 798157991
-660832982 -372119467
-245094003 -245094003
-274070189 0
335610920 0
-296132165 50509680
-365289561 178853126
72081426 0
896675290 786596199
531597994 957435942
-799585503 -207755213
324654775 -324654775
-70959645 70959645
-432022894 -432022894
0 -818018192
-562789861 0
-592236868 -400726738
0 999512268
-463251831 -463251831
0 267105652
-302253209 682670870
709200060 213612012
849225284 -280779666
267105652 0
-25853480 25853480
-15880968 149774544
926858952 0
564112778 564112778
332209555 332209555
92466686 92466686
886277658 -916704683
816035464 0
-637870021 -799041389
-201822320 201822320
-72081426 -72081426
-92466686 92466686
-332209555 0
-374896710 0
44586817 0
-999236872 457762812
-474706739 -828404310
944040244 944040244
37547292 -37547292
31014294 758527111
-940019125 -977179399
-986743282 -986743282
-47680707 340536056
0 239393251
944268605 -944268605
107040457 -107040457
-740789532 0
-532415858 -532415858
201822320 0
264701060 0
-541315625 0
662607191 646572014
-4556159 4556159
-192151339 192151339
-615466226 0
-624729671 -301912602
274070189 274070189
-440721639 795047814
0 -564112778
-479745458 0
-507249835 -507249835
4556159 -4556159
482483577 -580231661
-587791979 587791979
507249835 -507249835
-858634742 -858634742
458198645 -458198645
941476252 883044927
986743282 986743282
-560227528 560227528
138430617 -138430617
-863232189 0
