1000
0 -317350808
826457235 0
828031274 0
0 217513532
0 749593944
0 196034837
-572862767 0
207353703 0
882834066 0
0 -979473364
681238288 0
170932539 0
0 601738318
-434329988 0
0 300192803
0 -693442689
-68165253 0
0 40642496
0 543952931
0 -948674002
0 -395351460
-601417619 0
227233651 0
0 -502447077
0 -113341910
0 -111862806
13597523 0
-338983703 0
0 -98402237
0 -165473275
0 -440386410
0 -117983121
-847486613 0
-522373685 0
-265458933 0
0 743870177
-791973662 0
664079886 0
391039277 0
0 117983121
-353305556 0
0 279645397
434142919 0
0 87546697
0 -749593944
0 956732563
0 802483409
0 -998454407
0 395351460
-248355244 0
0 692998460
580215084 0
559889798 0
0 429434156
0 -530620156
-390585740 0
0 78250079
502945491 0
0 626929509
0 -139942637
0 -338491634
0 -179889597
-870904344 0
0 -825398138
0 -686738681
-81544737 0
482088747 0
-453123315 0
479877241 0
0 786460950
0 -786460950
0 -622875291
0 890021934
0 -796552764
0 -337183901
461176114 0
-114364586 0
0 790015669
-267382261 0
-1297294 0
0 659531408
0 363672516
0 566410020
0 -157739296
127662158 0
0 969906495
-129308163 0
0 429193083
-847120270 0
596513885 0
379726999 0
-943659357 0
0 214523174
924841137 0
119245756 0
720227473 0
-218040955 0
0 -946708113
0 438385582
0 825398138
0 502447077
985040338 0
0 722824356
0 547010291
0 -1006116
0 -695461989
0 579578353
0 -745987173
0 -958566117
-672881972 0
0 672628222
111096858 0
385515651 0
0 710526672
0 -626929509
0 -520168218
0 -31815512
671746402 0
-692530511 0
-267419273 0
0 2202038
-771523060 0
0 958566117
0 31815512
0 482767529
-657787415 0
-348720138 0
-128436668 0
0 -61509347
-915577497 0
228558783 0
-218982741 0
-879674838 0
928621612 0
0 292552315
417609353 0
0 302266163
759711732 0
0 992205401
881050269 0
0 42806123
0 842991719
0 -494077100
0 -786768129
0 -726037074
0 -593844595
0 -871787773
672040471 0
0 -712918971
0 858154438
0 -158664533
0 835588406
-48388930 0
-493184976 0
0 673286600
-280419962 0
0 216509443
-835448727 0
45586850 0
-308013068 0
179588277 0
0 -1309230
837471817 0
-589313175 0
0 770259708
0 77358612
958560106 0
0 -47631889
-664079886 0
0 -283704127
338983703 0
373260134 0
0 530620156
397700498 0
153878501 0
0 267104617
0 921189077
0 -585157311
0 853527797
-253362104 0
0 804720778
0 440386410
0 -770259708
640741646 0
-985040338 0
-365594423 0
0 780749728
0 -317886318
-730216630 0
-645811342 0
0 839905439
0 -316076197
0 846492337
0 577864057
-837170149 0
0 306281410
0 354014951
-34103224 0
827438971 0
791973662 0
-386548841 0
955294905 0
0 816275880
-222313915 0
-52268614 0
0 330673160
0 540835869
0 564078692
0 259894091
0 726431517
-603621852 0
665000094 0
0 -473082784
0 621856815
0 187268885
-215645574 0
686279489 0
0 -684483653
0 -643162330
0 494173192
0 47987024
-661901983 0
0 -651998904
0 796552764
-417609353 0
432189465 0
410825824 0
-796723306 0
571030739 0
0 33931830
0 648946074
405632262 0
-720227473 0
-731409806 0
0 -259894091
-432189465 0
-498464109 0
-665000094 0
0 114706698
0 -404171296
0 9134877
0 -577864057
0 47775748
-25545115 0
-593290550 0
470686427 0
25545115 0
-640741646 0
-379726999 0
0 530851991
589854612 0
-924907958 0
0 -544150165
-77811309 0
445874907 0
0 949543325
-958560106 0
-857375594 0
-580215084 0
817622118 0
-583392165 0
550358151 0
0 607108415
0 666166476
0 -825972464
453123315 0
-13597523 0
0 -106446647
0 -881734644
0 570165898
-934757632 0
0 -579578353
0 151815181
215645574 0
0 830020152
0 -833699661
0 786768129
0 204020599
0 -438160517
377712233 0
0 -978121484
0 -523344584
-47546971 0
0 -244509585
572862767 0
0 229978345
52268614 0
172338602 0
0 699595344
752578891 0
267382261 0
436690607 0
428568704 0
887732305 0
0 -361768142
-607985780 0
0 615098737
638278163 0
-410825824 0
-726687432 0
35897142 0
934757632 0
0 -390697687
0 -2202038
0 523344584
0 -691008955
645811342 0
0 614789046
-120475265 0
731409806 0
-210082462 0
0 153069249
-144438083 0
0 520168218
262400247 0
-354227001 0
808989481 0
0 -842991719
-759883535 0
169954017 0
345479367 0
0 -732718525
-353322717 0
812954203 0
-377712233 0
-769449480 0
0 -525700696
0 477483426
0 266464034
715435314 0
0 391046469
0 -992205401
0 -187268885
0 -246967830
0 -957434298
363060779 0
0 -80380474
308013068 0
847486613 0
0 -583492233
781822319 0
0 -398898812
0 342661544
0 17849454
-686279489 0
0 910951434
0 -557096001
-976235126 0
-638278163 0
47546971 0
-345479367 0
0 -989426136
616617406 0
0 -231619734
916331954 0
0 77274700
0 511581822
0 -342661544
-312053836 0
-482088747 0
0 448900734
35774327 0
0 -196034837
0 -300192803
0 -431826278
692530511 0
726687432 0
0 536124466
353322717 0
601417619 0
390585740 0
909522044 0
-170932539 0
-781822319 0
-826457235 0
0 -207165861
672990822 0
879674838 0
0 -679554300
0 -745564727
0 179889597
-169954017 0
0 -515486737
713190248 0
0 317886318
-397700498 0
-211999269 0
0 110502300
992849735 0
0 544150165
267419273 0
709903625 0
0 -726431517
-502945491 0
0 -846492337
0 113341910
0 732718525
0 -921189077
-60337693 0
0 -615098737
-559889798 0
-126529313 0
0 161865971
0 583492233
202301452 0
0 -216362558
0 -795547945
0 87017951
0 -804720778
123250085 0
103694540 0
558285395 0
-49121396 0
0 726037074
697482922 0
787920588 0
122474816 0
976920084 0
676281088 0
0 -42806123
0 507154409
0 866292586
0 948674002
205423555 0
-111418434 0
0 157572665
0 957434298
-461176114 0
-391039277 0
-35897142 0
-589854612 0
0 -429193083
0 -17849454
564994162 0
0 434749806
0 -313910391
943659357 0
0 313910391
-313511234 0
0 836945636
0 -473408291
0 -77358612
0 -417350717
-762596344 0
0 14068086
0 -267104617
-18525722 0
-127662158 0
-625244940 0
-558285395 0
699105751 0
924588959 0
0 -620049942
-903776856 -12981380
0 -557007608
0 398898812
-548966307 0
0 -481948020
96095855 0
498464109 0
-837471817 0
0 231619734
0 -865665614
265458933 0
0 678796372
0 476184424
0 -913535579
0 -426004972
0 337183901
0 111862806
0 834205890
759883535 0
681954961 0
-45586850 0
771523060 0
337478420 0
-24906415 0
5619706 0
0 -946448614
0 155690982
0 -78250079
-909522044 0
-465190801 0
0 881734644
-901311668 0
0 1006116
0 -87017951
-976920084 0
0 -126087448
0 202305223
226938880 0
0 969175429
0 745987173
312053836 0
-638862243 0
241938348 0
0 -614789046
0 -475361865
-759711732 0
0 461300227
-336749562 0
-479877241 0
-697482922 0
703077940 0
0 615930964
0 -969906495
-481980396 0
-808989481 0
0 -969175429
0 -306915915
883687789 0
0 -33931830
0 833699661
0 258268069
522870903 0
-681954961 0
0 507382220
0 -753053844
857375594 0
583392165 0
0 -798195452
0 -507382220
0 -802483409
-490454898 0
0 -316212613
0 -601738318
83649191 0
0 475361865
0 -330673160
0 -465272998
0 -607108415
0 -564078692
-195404829 0
-768691661 0
0 -106784417
0 -438385582
70317757 0
0 -363672516
0 -229978345
24906415 0
0 -566410020
-882834066 0
0 158090483
0 -655660521
0 -388371773
-96095855 0
316529419 0
297381998 0
0 -853527797
0 615252435
0 -110502300
-522870903 0
0 465975709
465190801 0
769449480 0
0 -71853360
0 -555041307
-123250085 0
0 -571542558
0 -710526672
21414465 0
0 -284056412
129308163 0
-297381998 0
0 325547805
657787415 0
-21427430 0
218982741 0
81544737 0
0 -434749806
0 -615930964
0 71853360
0 140625099
-5619706 0
0 158664533
0 234628327
-928621612 0
890622405 0
1297294 0
0 239778972
638862243 0
0 -476184424
0 -383240526
0 -910951434
0 620049942
0 515486737
0 -482265352
847120270 0
0 557007608
0 622875291
0 -674751045
391890906 0
-179588277 0
0 -40642496
0 -678796372
-971105786 0
0 -834205890
0 -816275880
0 446004083
-699078309 0
481980396 0
747298653 0
0 -648946074
661901983 0
0 -949543325
0 417350717
0 -292552315
60337693 0
0 106784417
0 306915915
0 406860753
0 -426098546
-890622405 0
425240321 0
828698622 0
0 207165861
0 -465975709
0 -140625099
-113580978 0
0 -494173192
603621852 0
0 139942637
768691661 0
-363060779 0
0 98402237
0 -900063113
153920553 0
0 951340122
848396091 0
0 -951340122
0 459525577
0 693442689
-863568548 0
870904344 0
723384556 0
0 -419932712
0 -391046469
-625685348 0
0 494077100
0 691008955
-262400247 0
-991384323 0
0 473408291
0 979473364
0 712918971
0 126087448
-83649191 0
0 -377463241
0 766033393
0 -14068086
0 246967830
-672990822 0
-153920553 0
863568548 0
168291894 0
-122474816 0
-434980641 0
-168291894 0
0 315785142
589313175 0
0 89587172
0 -554752825
-445874907 0
762596344 0
-787920588 0
-882379280 0
0 216362558
0 -513376981
0 695614672
548966307 0
-636494754 0
0 -699595344
699078309 0
0 493357304
-898533669 0
0 80380474
-942519096 0
-207353703 0
0 978121484
0 366317443
0 -780749728
354227001 0
0 -798596310
0 -302266163
0 -722824356
210082462 0
625685348 0
882379280 0
-316529419 0
0 -279645397
786388558 0
924907958 0
-699105751 0
593290550 0
207259594 0
0 -790015669
0 753053844
0 -158090483
0 -151815181
835448727 0
0 -547010291
-944395115 0
144438083 0
730216630 0
365594423 0
0 -743870177
353305556 0
0 -615252435
-202301452 0
0 -858154438
336749562 0
915577497 0
-103694540 0
-241938348 0
0 686738681
-564994162 0
975810447 0
434329988 0
-70317757 0
0 404171296
0 333265144
243259659 0
-474541038 0
796723306 0
0 -568678733
0 -659531408
0 377463241
0 -673286600
-828698622 0
0 989426136
-250403785 0
0 1309230
0 731260467
-883687789 0
0 554752825
0 -621856815
0 -543952931
0 946708113
0 -202305223
-434142919 0
0 -153069249
0 798596310
0 871787773
-373260134 0
0 473082784
872107562 0
315255540 0
636494754 0
246608995 0
0 -830020152
901311668 0
0 525700696
0 -141892316
0 557096001
657917194 0
898533669 0
0 -836945636
0 -866292586
0 -561170889
-916331954 0
-975810447 0
0 491219695
0 865665614
0 745564727
108733452 0
-827439561 368041931
-246608995 0
-681238288 0
49121396 0
0 900063113
250997718 0
0 651998904
0 -956732563
77811309 0
-420918073 0
-926940494 0
991384323 0
0 -839905439
0 -315785142
-797627481 0
-703077940 0
0 -306281410
0 -258268069
0 317350808
-786388558 0
0 -266464034
0 -429434156
0 -890021934
-470686427 0
0 481948020
-752578891 0
68165253 0
0 244509585
0 655660521
0 -746144674
-119245756 0
-205423555 0
0 695461989
0 513376981
-337478420 0
0 -161865971
-228558783 0
0 684483653
420918073 0
0 141892316
-227233651 0
-760843580 0
-181228651 0
313511234 0
0 568678733
0 452344553
0 -214523174
-385515651 0
944395115 0
181228651 0
0 -217513532
0 -77274700
0 795547945
126529313 0
0 -47987024
0 426004972
0 388371773
0 -54924741
114364586 0
-828031274 0
0 -204020599
942519096 0
0 383240526
760843580 0
0 825972464
0 561170889
0 -157572665
0 242618060
926940494 0
0 -477483426
0 429722228
218040955 0
0 -216509443
0 -507154409
0 465272998
250403785 0
0 316076197
0 328160632
280419962 0
0 419932712
469459064 0
-289622747 0
476730089 0
120475265 0
0 -461300227
0 -570165898
0 68091609
-172338602 0
0 283704127
0 998454407
0 -87546697
113580978 0
0 -333265144
0 316212613
0 746144674
0 157739296
0 -731260467
111418434 0
625244940 0
195404829 0
0 -493357304
-848396091 0
0 -452344553
568249923 0
-616617406 0
0 -47775748
0 -429722228
0 -155690982
0 338491634
-436690607 0
-817622118 0
0 -68091609
0 571542558
490454898 0
0 106446647
-676281088 0
607985780 0
0 -114706698
0 -459525577
128436668 0
-323521977 0
253362104 0
0 54924741
797627481 0
0 -530851991
0 482265352
0 679554300
639858304 0
0 -328160632
837170149 0
-881050269 0
0 -9134877
0 913535579
0 -366317443
-672040471 0
0 674751045
-35774327 0
0 361768142
0 -239778972
0 -234628327
-550358151 0
0 -242618060
-924841137 0
0 -406860753
-391890906 0
0 555041307
0 -540835869
-568249923 0
-111096858 0
323521977 0
-571030739 0
474541038 0
0 -215303522
0 -663586853
-715435314 0
0 426098546
-476730089 0
0 438160517
48388930 0
0 47631889
0 585157311
-657917194 0
799081921 0
386548841 0
-428568704 0
-250997718 0
-872107562 0
0 284056412
-812954203 0
0 -695614672
0 -835588406
-827438971 0
289622747 0
0 -325547805
0 593844595
-315255540 0
0 -448900734
364452800 0
-469459064 0
434980641 0
18525722 0
-723384556 0
-709903625 0
-713190248 0
-364452800 0
0 -482767529
-405632262 0
-243259659 0
-671746402 0
0 643162330
-654052643 0
672881972 0
-21414465 0
0 -511581822
0 390697687
-226938880 0
654052643 0
0 663586853
-596513885 0
-108733452 0
971105786 0
522373685 0
-153878501 0
0 431826278
0 -491219695
34103224 0
0 -692998460
0 798195452
348720138 0
-992849735 0
222313915 0
976235126 0
0 61509347
0 -446004083
21427430 0
0 946448614
-747298653 0
0 -536124466
0 -672628222
248355244 0
0 215303522
493184976 0
-924588959 0
-425240321 0
-799081921 0
-955294905 0
0 -354014951
0 -89587172
-887732305 0
-207259594 0
211999269 0
0 -666166476
-639858304 0
0 -766033393
0 165473275
