1000
-335607814 989502851
-944322324 65494664
-882922831 378067814
-491730803 249178755
691196270 -718879604
-163162825 718765019
-366679418 235813380
925360209 673310921
-72809322 -103642435
924235175 91202963
-71043921 -75601805
31337094 455597009
677242979 879454827
-663624251 860284862
-628303476 -665065884
-555749101 942303403
330606087 -986221385
-557692876 389827676
-633478676 935078718
-863093366 425332693
-312136615 36931324
-696068141 310895548
-773865149 -944487081
786835604 16462624
224196491 -452808745
-863651726 -43225852
435706490 311862307
846312398 562004576
575887467 244259155
351093305 815998836
571858965 -490189028
141691196 715457486
-319452702 -847270634
647405376 -221501592
-446129066 349200965
90738527 333188137
-569475392 442279322
123240228 176650898
589904857 -493356529
419296420 914088565
213567153 -236710766
-585171342 -752268648
-102126337 -893666752
689323375 337677806
-493688983 536094462
-648183915 464407869
-234427166 -915295410
308849353 -36775933
116176848 -697207623
-612602985 761361152
-682359800 595945709
-295537151 78423537
152602689 489628913
-12951315 377619139
-692048248 72252020
-702863372 439921696
547624182 -657012502
479416321 -892234159
-510533063 -831325794
677996857 -636659058
753713905 932318557
256793392 -254491336
332346665 378012489
223219477 -739821915
724912144 598016205
-373114779 215492840
-264419394 754692463
-958613785 394521836
-651911014 284906439
237960778 -204138127
-488010221 316168797
915227548 -250765821
813120106 727236525
623405244 997879051
-39613097 356625896
948660098 -514210332
-758602765 -677249490
564655584 809387704
634668492 506477006
-820414528 -996417405
189191807 -667130402
526722590 389775661
299368435 681604539
831419853 363079958
-154046885 286917037
-764558789 -618003988
450626559 806170261
-290369580 -525793586
-837352009 324710131
-874103026 -868916056
-447856188 892784598
-489217468 -656834369
260537437 656731234
159408716 -13761785
264658239 -46160108
-530344174 111108130
532929542 -972626326
-995219212 670730799
813588428 412882093
-232331601 -2081177
-565633799 -864428225
-307819806 747940293
-130439259 -663131297
-191918101 -198532754
-585463814 244767030
-504583973 -483443691
-74376755 -288744948
48629915 227723421
787312280 -509511183
584117059 28758491
-535163469 700947254
518555037 403174352
683572841 -279868419
232947798 654455778
-129778312 663017261
-222998055 926484145
-682845169 -543576210
-881671554 -142045318
-37647270 -481856457
-563418369 274253776
258756409 398363721
-374156615 -963449954
-341470917 767082276
-908363139 -684652928
741605728 -213876501
701749474 -275299948
-70797058 27899182
556773998 932721938
-461487607 -181368716
-148107072 -714936644
135276502 824014785
-99856080 -144415206
337452362 113729304
-775740905 1354539
760920035 -328538318
671774715 876202451
-813069550 -39714975
590312853 -823250995
-88876314 829799311
304701740 -370946298
347880253 -559863684
494346375 653254204
978474067 -779625407
567857368 -221324246
856595878 -203315367
-345889882 -772574596
847060285 728483060
546460043 -438489887
-332692482 785060323
-523814396 -266549802
-587139465 -765843027
52497039 -376737182
-206512676 916528824
-3180880 -130897206
115021388 -127157046
391325877 -460354133
-85602404 83546308
330447534 -96354436
419859439 -6811844
117354217 -991520498
433943179 -538030616
550831466 -777999369
735452937 -286632268
-715098077 -666903505
442268302 -608516176
-445616546 187258608
7997481 -683006697
-434239889 -449866617
-543339528 589632295
813656080 870447430
258348032 404598795
-776434779 -819105879
-269241187 -454797065
-68527851 -986846456
758936952 291302189
-538626475 184892963
899449043 69967388
-764804653 949975721
-100668991 -949623059
-299229791 740422488
659466906 167489318
-106096159 165534881
-568124754 99857418
-154415271 -271349638
-668178661 -47067364
-404099492 619381681
-279855118 -852559822
-44578358 -607051999
-780464738 -633796638
11327591 -574599612
-153738228 459679663
616956464 -686050344
216281272 736817520
256212808 70656930
480953967 -81519674
-360942592 682058393
712763650 -134493578
-432632638 187997185
621400680 506888069
-478538195 154225360
-514070249 -368520849
20705443 -455336744
461098162 -569874210
-731886518 -512356421
-498966414 -920205970
-556722537 30313467
286840928 -506451747
198743087 683642307
325859447 500556424
233468303 781768205
-977885118 -412801266
696954539 -949134231
-32662618 -611040576
-233272489 316958967
-785997385 -459441322
990950125 -436537868
-379801424 47638579
-513724448 511014753
487622499 559038875
898852589 326147885
-85881701 -320807777
-121207274 -138747017
-57218071 333204495
-660995786 -418546176
-903994869 505843697
769846084 794688343
959249535 349695319
485319728 672810230
731895654 221069362
-612182504 689733721
-460419365 270893241
82374042 337565062
592467807 146347511
741551537 110474116
-37612437 845563111
-147401694 411825523
-390351734 -159879910
707144226 -81675977
-111879585 -215928064
-902610427 90112040
479850032 -168617636
-512017721 -546949767
406119163 -209698501
725358063 81488328
847301387 825195411
-6715979 -36413449
371910180 -576997197
163372714 861508592
445663853 937449072
-270679737 960169178
49349419 387646843
701055223 -273711658
532157145 -593727594
585981771 -146031620
-323027482 247831069
10059502 775418011
587504788 -32995072
-331973590 -586908683
-8608359 806494487
-184898171 890068735
620326360 -127378834
481902106 886459069
-489171571 695265678
148247634 898938657
-736205763 365162302
-442942835 153574985
387672854 369291650
828572978 -540093916
332598710 -754758607
493430416 -83549390
717911972 -443090835
-27951271 -385902452
-189373890 -847394648
-933072235 444050943
413534377 -589911990
-699407403 427727096
695682039 214400696
-870304460 31770790
750066440 67937005
167991301 847052985
346650580 -295483760
63484085 -822624467
-278392471 907113494
516072795 423606789
-512356712 152430910
635923153 -187967271
530839855 451371717
-765216148 852396055
-164170856 995447065
82018706 -462716499
-356624001 615344409
-614847243 261959159
-52100398 -112837104
-725037024 136135247
-666185974 551751415
-536939285 179258968
720855666 -938353535
371098767 780243974
346533637 632026081
-148150574 -522900820
794846958 892138967
-462902310 875158992
-862927155 -934707516
832129270 -366518871
691120670 -860959919
-772311620 553882764
538647025 408607173
-292469764 377680602
-570652812 -77696716
685478196 -665053138
165916122 -445673636
149568680 -95804981
117990365 68534087
-171767721 525458206
467111141 635624253
237312732 397582565
-922670284 759686981
843846205 966327732
-87186961 -468754355
442230554 463489672
-322185008 -307343539
-104010218 625794514
94595416 609124604
868965799 992002720
-546762254 -188575242
79445071 251476328
618997471 -526411937
-24737012 315782852
-983694830 70848000
-424096334 34244551
-657510370 368077689
901029274 -554094336
-245696851 270140573
934157600 -102716167
418805515 537074079
759579811 -531271685
510511330 -762366916
540918813 -553066224
-373479647 299054283
244591518 -526870377
58458163 -762286507
-123270753 -140403048
420629387 -536416121
-310218792 -917278698
478182258 -489811471
769103759 -864542873
592665108 61074368
914422294 471701643
413887288 -526560392
801863767 -417244665
-186988605 -364719989
850696841 822336706
911989902 -940836757
789618084 36933652
290779470 629734854
308584623 -842626625
188660486 -584824527
646665166 626132308
529540792 456414104
-106927182 -485700020
-352456317 751610275
71368465 322679739
458404534 -431153458
93152662 -47426907
428895726 424337842
-177154688 327972850
-22198201 675937677
549653665 765825281
-508435843 182464222
762030840 -897512504
-157385768 -766939984
504292949 -659376791
-476359450 225605751
859590822 -517232006
-895182451 -479445685
-234403970 -346585342
-529299492 -438336728
-790295145 -663657678
817622418 797759832
-257034836 -554540438
-386491404 638486707
599093835 -100261712
294053248 477599717
-858878252 10969565
-266942604 402792233
929730877 -545369664
247097597 39080079
-943479444 104987144
763743644 822975194
547825647 -61274828
-62306908 -305361840
-338493221 518896966
-501561686 -823132541
-71542387 64970783
856345781 -851708470
-50184282 732735444
244495888 479590553
-558202504 -816296839
214538533 -806987050
622207595 -129438333
34374999 800721636
-452861074 -739582820
-56395085 717812449
580818777 -708619351
-600580719 -1968918
53730929 -314266736
130027232 539759698
684404603 -528240957
204059161 864377136
-486857583 512225495
-732832631 -409564296
239968502 116358702
108004560 350454170
-31477937 -347799121
-803981991 -745430238
-890683488 -484390742
-825063463 -363283465
765580558 591367465
559493245 -441906572
975984232 -198825662
-595392169 -416298663
-218794261 502051499
-933965894 864612667
-932091757 -827004719
-607317595 596227125
111646589 -888401806
-190321788 -971869387
-699899293 -546071106
265141865 -403285153
252173562 613575810
-664553295 79278845
441291707 916143433
-523433100 77130124
-126665813 527520973
-137037099 649477752
-742322239 -443431610
-462703455 -878912605
407693964 729591826
-965697529 851487752
-125490430 247854144
725939820 -109813352
-35307336 -545860885
212657681 211836217
690449697 -832807261
1474124 131682745
299137360 -191609962
12898684 634900791
300632215 -35737049
464270546 646933842
-681284320 134943535
573861093 902731284
525078432 442114747
531526560 -759923421
322937127 73093910
-31369483 818110694
793387253 -211624242
357851805 348736037
901018773 332284276
807577056 -338836197
-581275605 241851229
511641939 -869304092
724563553 665100339
378232739 673474049
997499754 616954528
-719639997 731394627
371858689 -187213187
-776255574 84929350
298534077 -870339291
594161938 951201717
-708402266 -873460499
-85423063 24322623
-426311432 431078755
-553705947 294789944
-655023535 727959923
185422186 -54002393
706995319 -394653159
315841525 -735427011
585756448 319961078
-396423720 -749341376
-731570102 -90785937
521490735 -163426944
-178726208 -689854158
921794354 -262264233
552253969 -383991459
280379449 -498687576
572326922 172074174
538832604 -906120615
717513076 578284690
305702729 -403187718
17660389 627732004
57510694 -63578523
394624067 -826428946
509791061 -871002256
510198986 -78620383
443106800 978581845
-230632937 -669156567
634643513 -15571971
-432114638 -821499126
70690166 -799909829
326184709 510206632
417336216 121626276
329272221 -838170873
22712236 -607505925
-841320623 53502499
-5485911 -451633394
494085265 -72524803
641265897 279506521
215824734 -62139859
218846803 20852339
105002528 977351572
-728961609 526998431
-134364209 -37214005
-993616572 751320092
141729477 -782255753
602028236 -471998242
-409613744 271425984
-314508452 -145995340
2914411 -126377445
-774809703 -429958630
778575059 -777174307
-920207291 -265393104
-462024670 -891080636
836340759 -935545816
662134851 168081115
686037421 577688839
201896563 157997044
-728565354 511037624
-577855723 874123285
-452377088 637445126
-688918019 631075336
-173458883 152149219
-849848532 741151724
899897433 189360020
-148510465 -544542927
883827147 427317811
384662522 656310633
885711479 764076766
-196913562 435472374
150396198 937798958
-249025185 -331379934
137197383 -257346521
-156715174 426733916
-400443 -391805908
-384876732 -44356868
-683420777 -762888915
753786158 214262987
-853583186 -950558094
531624645 321380214
76462018 -531607752
431239888 933862436
-676646496 440963822
-146759648 229977900
-24619089 -125520540
-752836616 559071169
-691077395 -560158911
-534802633 -803592579
-637743884 -382979015
652787915 800350490
309637254 -688611638
773667812 -510119784
-155351534 391756122
-416112883 -474664486
-835871602 -849054487
-753591794 -352115287
50026106 52123018
-725360006 599261974
-793062451 -891288445
-154620878 662590804
-479317542 960719085
908741493 -383348588
-126565700 222502239
643706652 -574554660
716834631 -862407755
460307512 741697289
-864506046 566834366
833734568 -978506814
410047505 121510261
-602602828 742460280
529316478 -92320216
999360231 910923493
-190857916 751682638
980989807 637301342
-933283339 690465188
-193831432 -695824192
859468523 -777595718
570262133 -221862791
219523913 -491015024
232135273 323466921
-769103203 362326939
400202128 128606499
82537798 345385798
-812130593 -867366279
-469931699 926419884
-409464269 -213009003
-100211392 -54545568
-404322719 724020706
639614689 539316659
359871423 611182697
833625904 -719648935
-19575387 -506677839
731784821 -704134529
188034529 -376762326
869623005 689835065
-306113677 848514019
-696424622 142430499
530696398 -6849248
-882552646 -841896309
321574036 -572140053
340329234 929290097
-763191307 882404367
586727068 29865508
356334417 -573165042
839209160 85723088
431600660 -98378041
-748020437 893834770
-585218693 680189165
-10696280 350359689
932513236 -332586192
420863333 -487034216
378522372 871107494
-423574676 124968348
-306350252 698376809
296182301 259419893
271878035 94215623
801978738 -493006236
775496810 -417215713
524821191 -655977143
-502625154 103162068
-765437843 723664280
-911350093 -743589432
615667228 -18993579
-369630101 -822655840
-146967039 405120187
-345584853 698878774
824726216 -557099300
-294426302 870542237
212270759 147176458
-206652779 358250411
-50105973 -7587737
-456401762 883627825
-306780371 767684928
-244472073 -612159127
872057432 -18591332
261766741 111344738
-231444607 237116101
397558163 481594379
209489836 105993447
363574068 522823195
-54635512 -143948745
682506546 -113841678
821018766 -178667717
-100206759 -337567727
-491169951 22365686
570115470 246479548
6908660 -258886710
-431690105 -145642175
-244162015 -464562728
738531937 -476522837
-320224499 -724614332
604977124 -976665107
373705314 700785174
-160529672 -329605773
-777482191 -560367720
71566020 495837543
-863019060 74128446
-340662215 -224725105
750283787 506533644
642864876 954778743
666606252 700214347
-471892804 246862627
846057514 -121433253
150969841 -732685204
-483702287 734675412
223378435 -21940595
-722895435 953787683
-473836635 410737344
172353107 -949135661
493866111 -694630187
-183071013 24508273
560528803 189417047
-680498609 133932007
-754942472 -567214307
-374819998 -375651750
303736589 -92453778
-54453776 143091048
689540810 -158280306
-706721154 437841636
224776369 389611358
-778023057 -884212979
-469148336 324500372
-957728582 854742868
289298624 133266998
455789788 -687838848
-60813867 -258110403
-397804155 305451402
684853202 187682725
364706869 -988211888
343626626 536305743
-833938146 -913664028
746166320 486086616
126939141 478892965
734277664 746527219
402296307 60644994
-165187245 -510812531
-831098670 -620038517
-585372406 559982911
-915140503 -980580098
-481686012 -819948310
-251734964 875817079
967916382 583719060
-923030591 456001932
439067895 -391420858
-853306592 54920407
808097688 -925519132
827820523 -900361054
111061694 92680490
-542547344 154859651
-245782236 -447468681
98099688 -560314048
577476443 119109093
-372549246 -727367690
-629966278 636351541
831822592 508235286
97366813 568252829
-518816235 348429992
-53911537 -669783166
-445487682 846230542
-444883754 -434509814
-748680939 114777882
168705115 504898191
-57058465 -53788651
400961445 298733705
390778195 944025415
621456767 -759495071
265081602 -392918924
-312704367 287926808
-369898836 644736891
819004000 795786610
-515214530 389463935
-746041385 430045021
552137730 -297155417
-795803674 42811072
544166249 -222434482
-658847302 -212794797
-17711629 -580423197
88590204 -635920901
82046938 730576536
9333800 -117973445
-109337487 518785352
414996840 -797449563
185120607 166739403
-880847985 35984174
-414109378 38308049
-333575284 592551015
-16454227 429469204
339728495 -276089169
-550312710 92242877
-148163957 -498371345
293648986 -969182816
-39854281 -738599412
478752507 -535280485
-458688711 95238127
-440823014 387082944
-624564102 87722011
713882897 -898761486
657436526 874782986
227804432 424143203
47141552 -796256726
171344362 841338936
143662108 -547588464
899887468 -165644012
662364548 -46864861
415524730 -99897785
781712368 130052605
699829897 -470254830
808486226 -326272156
192799549 -294340950
81509246 747847677
317130426 -947058604
-13028379 -384140135
519056181 75331928
-479506716 -719336393
130767794 828505753
68231611 304038307
-378663209 -895361198
-367310163 797177149
10720629 -194913227
-53266914 278871741
401172053 966255905
-362536448 766917470
642216565 174661490
224907401 170810478
440899228 -248589677
-144719175 672488124
692838713 -614185820
647996389 -991319378
-530728727 -750129781
133714299 -246431942
-423742261 763942583
557686458 356276358
318675555 -403002202
-425672272 853607374
171776403 -174222727
339995894 -922305240
764511076 -873939555
409172685 616480221
-967886348 -456579155
-250714564 -388253385
907460523 -857298869
685647046 435732874
-272097134 593183215
539531349 -532138432
3840325 -307302890
-260891389 889225764
577599301 -864974353
-281982138 913529497
-813424083 -831805287
345486387 563837755
356634473 -625816296
-107434994 -47080257
-622968132 -490673590
941250892 -678749764
693312236 -427044995
39935471 -818971364
207519295 77479443
734217569 142077519
-332615858 629253321
481108943 -163596176
400255187 625770176
867630088 784872962
-463764019 3242680
-623865918 91406145
154504285 -217526570
-322197483 199106204
117970727 713430760
833825010 -361891905
134951823 304100535
-918899170 -958300548
430405238 -82758069
-745475623 193062074
809816989 -519633143
745704148 881665507
-306551803 -305930493
751719550 -985757459
570184433 -655036798
414244440 594810824
-242246060 -600519276
-570257259 -85358039
165924762 332943072
150671688 -851566294
906971770 -967533882
474330049 -257105166
-601504048 -703985894
575422322 393724868
791247756 381404661
527560674 421682310
-576713065 553454639
289938414 639006353
-909288945 -551502810
-204282116 -967984934
166333663 127229084
749601237 162576768
-746494972 28147284
551170721 997814100
270256588 -415876472
-453212466 -258469862
192629425 -116731397
-187066758 -956912574
176555922 -823240602
572793461 536031053
-220483961 601439640
-476966582 -73986199
-819024831 66575447
148327006 -800778980
-160911859 247811012
-210481311 -337513045
-113693930 683207988
61737761 -896159622
-220597568 995496287
-328469361 552406422
-417878465 272118603
456760708 329382565
974487445 -282752603
-112466800 776898170
-464718399 813453037
940838757 68592604
467810251 -748432862
-844797810 981118594
-514571605 -622853135
691198732 23044768
-269664320 -308961970
-435839665 844809291
318467405 172782286
-721148442 -440629962
723513389 790988562
-60797553 909290818
279098919 822349427
84093564 61248240
-706174543 570836295
-120873656 -728250467
-706533758 832217925
-152580922 -311517198
-641847574 -572465877
-492336527 -471077409
429219272 434406242
2548024 607545770
-52040219 418667319
-490653170 -629316718
167174894 -804979244
-694480741 -282959610
648922471 -324929950
-848843171 827375043
232555504 -560712470
-154377979 864854274
959820798 413250661
-663922443 341533905
27735027 972170605
-386326630 -620567582
531434057 863770814
57533318 83358327
436375609 -688571673
232506399 -425907337
-358332727 518789458
-446542837 -130419907
-557987843 267612945
-415208710 -371559797
820734727 -513467009
-259038555 851464928
298193278 -694516774
484359252 443138982
527107785 -280701193
654818146 -756145766
-781521767 -741757077
-512235320 -590251133
996215614 294745658
650983638 960072023
-83661470 964958741
-468023123 591863685
618409812 875674406
400539335 14264949
-179699240 202534896
355086256 -701028262
-171551241 -536412353
646746200 -660642669
692767140 973565468
137387769 575176567
-513037018 978769654
-994032782 -204658898
-415344355 842556788
30481375 -827433226
749361680 -607783434
-216074793 -599923656
-270564349 -527606029
890877267 100742645
681755166 341265268
-410780146 -428775340
-9115940 431847982
-604725814 -774398050
222123388 185360980
521821024 -44386297
-324919513 -213302728
692523438 -168229761
-907191051 178329472
-81874775 7237369
-906119568 -90945399
476937374 -214616647
447860968 260995445
745847658 -485787670
-44281262 -366549638
-242712842 -589415119
810986022 542116850
51474047 -702670347
75391715 -384989813
613219197 734360609
-586613751 893045369
345922523 224710663
-306779178 444466590
668392015 -492003347
-416500464 401339031
-505056030 -433802265
494496287 -135093865
801533944 723518131
412997764 857257787
547500424 -194723088
276563699 -513372798
-491191711 -818077876
-537382753 700033258
-134129867 86044901
-823824236 345534661
836272631 819762885
-239612474 913209479
899677024 -470711480
868851514 347951374
-192670835 18934823
-294778039 746796426
69474777 358391650
458021288 -501355463
-834924219 -599086402
598431196 -545174752
773638080 -32480216
