1000
-618053670 618053670
-570089600 0
13188215 0
-400955781 -400955781
0 -912305387
-360683868 0
-306095865 -306095865
551607136 132872039
205919591 205919591
728554592 0
332683477 -705710888
0 -94204789
918390749 105186470
594883788 -594883788
-669230018 0
0 889708994
734657106 734657106
625771118 460012783
287219381 461430059
0 -214400814
-430834442 0
0 207535393
733631466 -733631466
314692280 0
0 802459437
-446087221 0
896761125 -599915230
676205892 0
588724145 -588724145
-382919593 382919593
53165373 -325072773
-912305387 -912305387
310017020 -310017020
-866362037 -866362037
67769909 -147085094
0 152199930
0 149828768
-306095865 0
-274849535 274849535
0 -159551187
314692280 -314692280
0 -478262252
623674994 0
274849535 0
0 -962432531
159551187 -159551187
-149828768 -149828768
-669230018 -669230018
344053937 344053937
-662918978 0
-91844008 -930876619
-131042389 -131042389
-274849535 -274849535
-797778287 797778287
-193587580 -441864265
-31095413 330222405
627067720 0
870646370 -203042531
-207535393 0
278422415 -469665959
317775510 -317775510
-92898544 92898544
-317775510 317775510
797778287 -797778287
-358369494 358369494
0 596858080
-519805302 -519805302
-618053670 -618053670
-618053670 0
197148560 947266231
-521862750 0
0 -310017020
973278200 101687196
0 -314692280
360683868 0
360683868 360683868
84685124 -84685124
-267056340 267056340
970995743 642381716
613224506 -613224506
-596858080 0
0 17267705
0 881804834
306095865 -306095865
718418354 718418354
203691577 384220047
519805302 -519805302
-854696297 0
912305387 0
0 274849535
0 -854696297
-207535393 207535393
734657106 -734657106
-337513760 -928082283
314719445 95703142
-881804834 0
23257819 947690192
-35102697 0
519805302 0
0 -488522233
718418354 -718418354
704372736 546197521
157803422 -691567457
-519805302 519805302
0 -802459437
613224506 0
633384085 519438085
-478262252 478262252
601607598 -435312237
335320381 335320381
0 866362037
154604544 -154604544
-614848781 -614848781
0 -521862750
854696297 0
-149828768 0
-951402283 -450771766
-331280151 675985747
728554592 728554592
379426221 -912542114
0 866636588
45453837 583612364
0 -17267705
-844886349 392727515
140213479 140213479
-359913313 -666421527
-277373627 -277373627
-747196377 -979183613
317775510 0
804176491 -376563730
-596773256 -656517077
580199255 550489523
226875113 97601488
-159551187 -159551187
0 185236040
-588724145 588724145
-623674994 623674994
614848781 -614848781
-567405911 -567405911
816367423 563606778
962432531 962432531
310017020 310017020
-401594483 -401594483
928440546 -928440546
0 436260295
-648562019 0
802459437 802459437
0 -35102697
259638134 734542580
0 -499779177
-242138627 -738329241
185236040 185236040
-718418354 718418354
-478262252 -478262252
0 -277373627
-718418354 -718418354
-736287491 -979014647
33524839 713961190
-866362037 0
-633205446 712055353
405400726 405400726
0 -676205892
-613224506 613224506
-676205892 -676205892
784203018 -689116734
628322120 210961027
0 -149828768
986537104 242006811
777404160 0
-640333773 151351489
-975986829 149475728
0 880108040
880108040 880108040
-594883788 -594883788
889708994 -889708994
474865154 -755133745
662918978 -662918978
-102577922 0
0 -140213479
-906737676 293555826
-236713005 -236713005
-928440546 928440546
-567405911 0
974898777 974898777
-17267705 17267705
-499779177 0
499779177 499779177
612007811 -418701978
0 683334622
596858080 596858080
-355490609 -209635929
-589936029 589936029
-310017020 -310017020
0 589936029
-594883788 594883788
-930184420 257020121
-689665028 19795093
358369494 358369494
267056340 -267056340
728554592 -728554592
-594883788 0
756040552 -44483717
711034333 -619676373
-243214342 243214342
-627067720 0
0 499779177
207535393 207535393
131042389 -131042389
889708994 889708994
0 -506305673
-13188215 0
43335736 651218781
84685124 0
0 335320381
807517704 46788216
-436260295 436260295
0 -974898777
346349959 842605100
589936029 -589936029
0 -683334622
28549323 204727988
829801025 0
401594483 401594483
-344053937 344053937
13188215 13188215
0 -400955781
-652769951 150732634
74910401 250271391
-854696297 -854696297
17267705 -17267705
820662210 820662210
300435666 -580524518
159551187 0
618053670 -618053670
-936318214 -837978605
0 -306095865
-889708994 0
-35102697 -35102697
84685124 84685124
627067720 -627067720
-623674994 -623674994
-854696297 854696297
0 243214342
207535393 0
-928440546 -928440546
-446087221 446087221
662251206 662251206
-880108040 880108040
94204789 -94204789
-728554592 0
430834442 -430834442
0 -662918978
-629539695 -629539695
-319188301 134660511
-358369494 -358369494
207707558 -211237424
0 506305673
-333220109 -439660676
0 -797778287
-951010552 -298003704
-382088243 -853631594
448602700 802622113
0 -912638540
-495641601 644872367
511876537 -814550577
0 -594883788
-887421282 -870177901
199693852 956670115
-627294898 835790359
-335320381 -335320381
0 567405911
236713005 -236713005
-783319244 419191987
-306095865 306095865
777404160 -777404160
-974898777 -974898777
928440546 0
-136526215 553907705
-506305673 -506305673
98091051 69276241
135247098 -319110871
866636588 866636588
-832751992 -420254953
589936029 0
0 629539695
623674994 -623674994
409121360 -784929174
152199930 152199930
-912638540 912638540
214400814 214400814
-104370729 127637950
274849535 274849535
866636588 0
210555780 729092519
35102697 0
-734657106 0
-881804834 881804834
0 519805302
0 -430834442
-736394363 -736394363
-736394363 0
-84685124 84685124
-829801025 -829801025
-277373627 277373627
0 820662210
24351057 746628674
-90370682 0
0 -820662210
0 -335320381
-102577922 -102577922
594883788 0
0 358369494
0 -205919591
-789122055 -106644967
849096210 847056366
0 -728554592
383557437 208413666
889708994 0
0 -613224506
90370682 90370682
335320381 0
0 -84685124
-589936029 -589936029
-445085901 -16865322
-248588053 248588053
486329235 -308010803
0 478262252
576916176 38602641
-662918978 662918978
-588724145 -588724145
-968549873 638020792
360683868 -360683868
-974898777 974898777
306095865 306095865
273100480 661460168
0 -733631466
-728554592 -728554592
79683879 79683879
-94204789 94204789
140213479 0
-360683868 -360683868
0 -947576233
-997168920 358819167
-380335965 380335965
599505503 -352933664
962432531 -962432531
-13188215 13188215
618053670 0
0 -629539695
-866636588 0
274849535 -274849535
683334622 683334622
736394363 -736394363
0 912305387
-10412173 -10412173
-314692280 314692280
538476089 824473054
267056340 267056340
521862750 -521862750
-614848781 0
0 -623674994
386526486 -103636473
627067720 627067720
-613224506 0
-829801025 0
-247860225 71169938
-92898544 0
0 -718418354
13188215 -13188215
-889708994 889708994
316117228 -723944568
0 -243214342
0 405400726
344053937 -344053937
422948485 -90055155
31578027 358762264
-436260295 0
-608697588 -640897113
-866636588 -866636588
-506305673 0
0 10412173
820662210 -820662210
-957540570 -662436648
-445086355 -549267731
0 -380335965
0 614848781
436260295 0
708906543 -721230831
881804834 881804834
62395278 -474304697
627471350 -486240930
614848781 614848781
-446087221 -446087221
152199930 0
662918978 662918978
819984981 -218546128
0 -570089600
795327438 600879989
0 400955781
-506317871 -808442292
734657106 0
0 449114822
149828768 -149828768
345732977 -665320411
82098394 -96285290
-964463588 295406535
733631466 0
669230018 0
380335965 0
-683334622 0
-881804834 -881804834
-733631466 -733631466
-567405911 567405911
-149828768 149828768
382919593 0
248588053 248588053
-243214342 0
194841420 404863993
205919591 0
-400955781 400955781
-76476813 273564662
372345982 -802529380
-430834442 430834442
-185236040 -185236040
-912638540 -912638540
-951137879 -626193006
0 13188215
-277373627 0
829801025 829801025
962527380 711202787
-912305387 912305387
157763152 157763152
-133248232 -133248232
366979454 -651677309
552132740 -836770200
-157763152 157763152
486046164 152166035
506305673 0
0 -519805302
-802459437 -802459437
0 -344053937
588724145 0
0 -401594483
0 676205892
676205892 -676205892
380335965 -380335965
-140213479 0
-248588053 0
866362037 -866362037
-596858080 596858080
-733631466 733631466
-962432531 962432531
802459437 -802459437
400955781 -400955781
-731235478 -780618095
-439894225 5339923
776791893 -799354329
662918978 0
-842313526 -273529582
157289172 682583082
-86265949 541705426
0 -267056340
171112334 -402330251
718418354 0
-382919593 0
-179934873 329615649
770853419 318102959
-358369494 0
614848781 0
-131042389 131042389
-10412173 10412173
-676205892 0
570089600 570089600
-806942990 652637028
-642920974 974640587
504590938 14243955
-329963739 0
-991942614 980650754
0 306095865
157763152 0
0 430834442
683334622 0
0 131042389
195063131 -630191443
0 627067720
400955781 400955781
375422086 106249817
149828768 0
268714164 448015907
-984328507 557558073
0 -317775510
-974898777 0
0 588724145
412060281 558899004
-551013087 698651305
804001362 -517753510
-79683879 0
-157763152 0
-430384594 430384594
140213479 -140213479
0 -627067720
329963739 0
866636588 -866636588
-400955781 0
519805302 519805302
-947576233 0
-401594483 0
927278428 -709762690
662251206 0
-214400814 -214400814
521862750 521862750
-94204789 0
-51847742 -745784866
382919593 382919593
-810231662 495916502
-829801025 829801025
-380335965 -380335965
-159551187 159551187
-521862750 -521862750
-344053937 0
35102697 35102697
808199275 245224268
0 -662251206
521862750 0
380335965 380335965
0 488522233
666503651 -709234691
976501786 905823564
-623674994 0
-962432531 0
92898544 -92898544
0 382919593
128452883 665296625
329963739 -329963739
-912638540 0
-662251206 0
-734657106 734657106
-629539695 0
0 618053670
446087221 446087221
710129974 -416562216
-662251206 662251206
0 79683879
0 797778287
-588724145 0
912305387 912305387
0 -669230018
-205919591 -205919591
-13188215 -13188215
405400726 0
-335320381 0
0 662918978
-627067720 627067720
906170686 57895423
797778287 797778287
-233215980 761935172
-948657940 -709760184
-236713005 236713005
-488522233 -488522233
-267056340 -267056340
430384594 430384594
478262252 -478262252
432035734 -526734079
-912305387 0
53739441 222314293
-205919591 205919591
562882979 -502304441
-683334622 683334622
567405911 567405911
0 360683868
17267705 17267705
-672028688 -70160961
-887221815 727470669
647032819 -423124336
0 718418354
-146618660 951471067
0 344053937
-736394363 736394363
284330383 -757144334
-131042389 0
0 157763152
588724145 588724145
0 -880108040
446087221 0
-662918978 -662918978
-401594483 401594483
-521862750 521862750
-728554592 728554592
449114822 -449114822
90370682 0
909641040 645893132
947576233 947576233
-947576233 947576233
567405911 -567405911
970664908 -419698476
-901165737 -177010741
0 -236713005
-417562188 296513681
0 974898777
0 159551187
0 35102697
488522233 488522233
-17267705 -17267705
-627067720 -627067720
-905121031 -216747939
358369494 0
430384594 0
-176037141 729000916
0 248588053
676205892 676205892
90370682 -90370682
-718418354 0
-831070357 -594179370
0 -133248232
-154604544 154604544
102577922 0
0 -446087221
-382919593 -382919593
-777404160 777404160
0 734657106
-519805302 0
-214400814 214400814
-267056340 0
-506305673 506305673
0 -131042389
317775510 317775510
562249325 -218976705
-889708994 -889708994
248588053 0
-986972971 -997372278
149035089 626052894
92898544 0
-499779177 -499779177
-648562019 648562019
-84685124 0
306095865 0
0 -10412173
488522233 -488522233
446087221 -446087221
0 -881804834
967437416 -751561844
0 736394363
782821880 700603358
214400814 -214400814
648562019 -648562019
-405400726 -405400726
648562019 648562019
-239125574 -160762129
-215432961 766167324
-353902497 -608037827
0 648562019
0 -588724145
-79683879 79683879
10412173 -10412173
399427552 534437911
277373627 277373627
0 -736394363
-883402138 757306774
-734911571 909823813
-494647838 65371860
0 -360683868
-329963739 329963739
0 236713005
-92898544 -92898544
648562019 0
185236040 -185236040
962432531 0
-874857343 -699653996
98292899 -282902258
125784485 738617708
152199930 -152199930
0 -157763152
0 -567405911
0 623674994
192805453 985087861
596858080 -596858080
-513834627 -543181145
-90370682 -90370682
669230018 669230018
736394363 0
0 -358369494
401594483 0
102577922 102577922
102577922 -102577922
10412173 0
880108040 -880108040
974898777 -974898777
629822357 864380211
0 733631466
28502672 674402544
0 214400814
436260295 436260295
310017020 0
-802459437 0
-327044752 -487884891
-589936029 0
0 446087221
-613224506 -613224506
430384594 -430384594
-552884270 -454454925
-380335965 0
-436260295 -436260295
-133248232 0
-236713005 0
-928440546 0
157763152 -157763152
854696297 854696297
0 -185236040
133248232 133248232
777404160 777404160
912638540 912638540
416120248 850731474
131042389 131042389
-843304542 992551411
-310017020 0
260620464 -248281903
-185236040 185236040
0 84685124
-102577922 102577922
185236040 0
-21280712 382920759
-929503487 -201013587
618053670 618053670
825076432 -688668404
-962432531 -962432531
239362398 460512970
-734657106 -734657106
0 94204789
478262252 478262252
207535393 -207535393
-570089600 570089600
0 -866636588
154604544 154604544
0 728554592
-541061899 87604207
-977689671 131620262
99587828 -152912128
866362037 866362037
0 267056340
0 -829801025
-499779177 499779177
-449114822 449114822
79683879 -79683879
550829506 -876434070
0 -449114822
829801025 -829801025
10412173 10412173
-314692280 -314692280
17267705 0
-31151622 815049366
-35102697 35102697
405400726 -405400726
-295478845 38019215
0 -614848781
-10412173 0
0 -430384594
-797778287 0
0 -589936029
79683879 0
724896379 983647408
880108040 0
170845362 -143196769
506305673 506305673
94204789 94204789
736394363 736394363
594883788 594883788
216674908 589615702
854696297 -854696297
947576233 -947576233
400955781 0
0 205919591
-185236040 0
-360683868 360683868
80660919 -147906578
-33248555 540938266
329963739 329963739
236713005 0
-312721164 533185041
0 -866362037
-669230018 669230018
-317775510 0
926965422 250291806
-596858080 -596858080
499779177 0
820662210 0
-614848781 614848781
0 -405400726
928440546 928440546
-84685124 -84685124
-469674006 420131529
974898777 0
912638540 0
-214400814 0
-317775510 -317775510
-797778287 -797778287
0 962432531
-248588053 -248588053
0 521862750
344053937 0
-152199930 -152199930
-820662210 0
236713005 236713005
-159551187 0
0 570089600
0 0
499779177 -499779177
814556471 -203784106
277373627 0
94204789 0
-733780592 -172151367
-880108040 0
601197565 220377480
419608423 503461010
-488522233 0
-866636588 866636588
-152199930 152199930
0 310017020
337642447 301651994
-140213479 -140213479
277373627 -277373627
510684706 -626887442
-405400726 0
0 317775510
355590678 36543624
0 662251206
154604544 0
589936029 589936029
683334622 -683334622
-243214342 -243214342
0 401594483
-157763152 -157763152
347958774 824945685
0 329963739
-533948754 634759352
401594483 -401594483
-648562019 -648562019
0 669230018
623674994 623674994
912305387 -912305387
0 -382919593
-35878055 -150182872
252402799 -113724803
0 854696297
733631466 733631466
-478832250 -746170481
335320381 -335320381
243214342 -243214342
430834442 0
214400814 0
-154604544 -154604544
182957486 126971630
0 277373627
-314692280 0
-683334622 -683334622
0 -92898544
-401077248 -140147653
613224506 613224506
449114822 449114822
-302985496 503646269
249522083 171923822
-777404160 -777404160
-802459437 802459437
629539695 -629539695
-430384594 -430384594
-79683879 -79683879
-860136950 -82762408
0 140213479
112762561 -998462984
-551561615 -24940518
506305673 -506305673
-885614553 -715725985
891262728 959139351
-449114822 0
0 -596858080
468254270 -193343696
-820662210 -820662210
570089600 -570089600
0 -274849535
-699075784 912025106
-629539695 629539695
596858080 0
-564448725 -67914308
879346270 -252169494
-109667682 -971806617
720356916 251602523
881804834 0
-449114822 -449114822
0 594883788
430834442 430834442
878161104 890834877
-133248232 133248232
0 -734657106
0 -618053670
0 -777404160
0 314692280
0 -154604544
0 613224506
912638540 -912638540
101747431 838243779
881804834 -881804834
-195359979 -239529827
-154604544 0
-430834442 -430834442
-662251206 -662251206
-94204789 -94204789
653970385 231315622
0 -79683879
-770868981 958996249
0 154604544
567405911 0
159551187 159551187
0 -90370682
-887711676 -668139356
0 430384594
-733631466 0
0 912638540
-90370682 90370682
-329963739 -329963739
-676205892 676205892
686511670 -340709744
662251206 -662251206
92898544 92898544
-880108040 -880108040
-866362037 866362037
0 380335965
-636202817 223445945
-165572674 -944460054
0 -152199930
-777404160 0
-815271166 -430797603
697254509 -548958413
-344053937 -344053937
0 90370682
133248232 -133248232
-335320381 335320381
0 102577922
267056340 0
0 -248588053
131042389 0
571329804 915343558
243214342 0
0 829801025
478262252 0
243214342 243214342
458395736 935474352
382919593 -382919593
-820662210 820662210
0 777404160
0 92898544
0 -13188215
-947576233 -947576233
629539695 629539695
-718621266 -992378725
-205919591 0
0 -648562019
-796990602 -889815218
0 -207535393
797778287 0
248588053 -248588053
-430384594 0
-478262252 0
-140213479 140213479
358369494 -358369494
449114822 0
0 -329963739
314692280 314692280
-17267705 0
802459437 0
0 -102577922
-310017020 310017020
-207535393 -207535393
133248232 0
-405400726 405400726
947576233 0
436260295 -436260295
488522233 0
-152199930 0
0 947576233
658558744 -997933952
205919591 -205919591
-570089600 -570089600
0 -436260295
-274849535 0
0 -889708994
866362037 0
60745684 -253534806
169383725 -755500961
149828768 149828768
629539695 0
570089600 0
0 -928440546
669230018 -669230018
0 928440546
0 133248232
832554354 34697330
-882251472 -755409542
-488522233 488522233
123319405 -106114169
-653653821 52846330
35102697 -35102697
