1000
0 -1455909
-430165724 0
757754345 0
-628495065 0
432566296 0
990174490 0
0 -640039823
957380994 0
0 869435204
-561471591 0
0 -550881208
0 478132887
88149216 0
-804637219 0
-659153646 0
0 703949717
0 -561097717
65906880 0
0 -279580754
-116004711 0
0 -103453235
-61348029 0
0 -598041077
0 -685923742
-252692447 0
0 -540087028
0 -582814597
0 -598941870
0 -396459138
0 895668656
0 686835303
0 328254111
98909370 0
0 655048796
0 16323134
790176695 0
0 124450970
0 810851231
0 851806427
0 937141188
727496538 0
-484495093 0
0 461456636
0 545667794
0 -401448690
242930860 0
0 635463400
0 646644013
0 540775840
0 -578763738
903669928 0
25484068 0
417273377 0
467392711 0
-109674077 0
-798546396 0
-242930860 0
0 792030741
0 -686835303
-722602406 0
-154557804 0
72512785 0
0 -880573926
-927122396 0
-851766249 0
0 -799532458
0 867773722
-237616158 0
512028546 0
0 73451984
0 -478050886
-553786427 0
0 151663090
-460645784 0
0 -72216107
898737688 0
113266325 0
0 880573926
891910686 0
356889440 0
416410395 0
-578369726 0
0 598941870
0 -84350693
0 921030290
0 433892743
0 879519363
359149245 0
109674077 0
-426488196 0
354668103 0
373355011 0
0 -249607756
0 837946522
0 815111466
672248730 0
659153646 0
0 -879848861
0 -349878714
-335746942 0
-581580851 0
-273344601 0
894697715 0
0 792264564
0 598041077
0 -99981732
0 813342368
0 -545667794
0 -461456636
577742319 0
415242883 0
0 -302305560
0 -54498647
0 682993788
720358113 0
0 304596978
0 241616548
-163506401 0
676057696 0
-848076026 0
0 -714842297
0 -876316757
934969606 0
0 -90760459
0 -706420400
-61007015 0
214598950 0
0 -937141188
0 957536430
424058356 0
101206753 0
69529756 0
808306129 0
0 -646644013
248821747 0
220838060 0
-471916227 0
0 317006013
0 -895668656
957327794 0
-838941243 0
-475419629 0
0 -655048796
-150995897 0
0 896076371
0 -151003075
-170791912 0
645060165 0
-962006620 0
0 -762270291
0 730743148
0 -218336276
-223076734 0
0 -922349437
0 356133176
-96312611 0
-499254218 0
-58627643 0
0 901606646
0 774791665
408403242 0
-653730771 0
0 20074744
-45790877 0
-647289874 0
358407003 0
0 155700726
0 582814597
-591067166 0
424046004 0
0 -171672332
0 249607756
-158220503 0
-699983358 0
-544017746 0
64121689 0
890454426 0
0 -912040778
-520223113 0
0 141666984
-691044944 0
-25484068 0
39133291 0
411728294 0
0 639628787
553786427 0
-790176695 0
-457258609 0
0 808157725
0 985295369
-894464496 0
0 -174182291
0 92094165
0 216225222
0 59755032
593247913 0
150995897 0
-891910686 0
0 478050886
0 942479754
0 -697294339
-361824083 0
-592166576 0
447279330 0
0 -324423076
274952117 0
0 -957536430
0 -787616041
-856977632 0
323896224 0
335746942 0
0 70349903
0 101425532
0 -218941112
-310089544 0
0 -464051979
863332294 0
-662736045 0
894626609 0
295906996 0
0 144880456
0 -867773722
0 -16671268
0 -540775840
0 944438254
0 -550303285
-557245156 0
-150466377 0
0 -492794239
0 -399322872
128119447 0
0 -613690479
0 917214718
0 530844158
884048056 0
-560950057 0
0 -189284933
932740160 0
-706021023 0
0 550303285
680626338 0
56155605 0
662833679 0
0 872613130
0 -20074744
907446725 0
0 235154103
578369726 0
0 -168719590
0 -416553645
0 -241616548
926385560 0
962006620 0
656318648 0
0 -905982381
0 -634366516
20205037 0
0 232136591
0 169298812
0 975898324
0 570451769
0 -416724782
0 -74420516
158220503 0
-98872249 0
0 -792366003
592166576 0
0 -892687433
0 -650846596
-662833679 0
0 514397140
0 -661293427
0 189284933
159514183 0
0 -274868531
-597991524 0
0 -570451769
-577742319 0
116004711 0
694344132 0
616380531 0
0 71875246
-368836837 0
350126667 0
-927034284 0
0 211653636
0 -1186158
-415242883 0
0 9944314
-9833193 0
435896230 0
0 -16323134
-64121689 0
31562085 0
0 171672332
163506401 0
656217147 0
0 -108716018
-88149216 0
-577160144 0
154557804 0
0 -433892743
0 701982293
0 -153176097
0 -137753395
499254218 0
-243643184 0
0 72216107
722602406 0
798841886 0
-435896230 0
-522649134 0
0 -26021446
0 659885904
0 -514397140
-791450021 0
-323646888 0
726288072 0
-503944276 0
272022834 0
-354668103 0
0 578763738
-14854675 0
197219118 0
91500931 0
0 762270291
0 95867703
-119370948 0
591067166 0
-25690901 0
0 -871850721
0 691579903
-673283759 0
0 722476529
0 416724782
-957380994 0
-407209877 0
557245156 0
-346370446 0
0 492794239
592546124 0
0 -887199203
132171256 0
0 -899271703
-334282126 0
-531421380 0
-476162378 0
418817113 0
713030056 0
-295906996 0
0 -372371570
119370948 0
829245252 0
61348029 0
467546370 0
0 -216225222
56808403 0
0 -50325179
0 -921030290
0 416553645
0 879848861
369966023 0
927122396 0
0 915807996
0 543621892
346370446 0
-353445548 0
-592546124 0
-898252176 0
0 151003075
-926385560 0
165963082 0
93406805 0
0 118604782
-689975981 0
927034284 0
9833193 0
0 -726820321
-860106924 0
-418817113 0
0 -975898324
460645784 0
-950992993 0
0 -813342368
560950057 0
-694344132 0
0 -295883743
0 588247323
0 -289127410
-932740160 0
0 661293427
814792151 0
0 266324655
-301368354 0
673283759 0
-359149245 0
0 -493641806
-447279330 0
577160144 0
0 -161414019
9370487 0
0 -592840528
0 631880274
-169239027 0
0 376053114
-170440765 0
0 887199203
0 -323999277
0 -356133176
894464496 0
862460938 0
529223504 0
0 -799448347
0 -328254111
0 489805599
242887102 0
0 152392304
-408403242 0
-613677978 0
0 -869999244
544017746 0
-890200918 0
0 1455909
971887859 0
0 612875008
0 -9944314
0 -95867703
0 517363160
-176690088 0
0 -376053114
0 -31255158
-20205037 0
-122456318 0
0 -701982293
0 613690479
954809026 0
0 90760459
0 -864282901
775626641 0
0 861442222
0 137753395
0 -155700726
0 70427162
0 54498647
848076026 0
-947282658 0
0 -36908697
-936244463 0
985163157 0
0 -16121638
0 -515557381
-888565487 0
-884048056 0
691044944 0
0 218336276
581580851 0
111526566 0
0 799532458
660823190 0
-356889440 0
728371624 0
0 -903291917
0 789681610
0 -815111466
-330857793 0
-610869668 0
0 66082196
0 323999277
170791912 0
-416410395 0
-593247913 0
418376129 0
-258075250 -787845731
0 464051979
0 412456113
0 526885147
310089544 0
208400830 0
-808306129 0
-660823190 0
0 905982381
0 -333542090
-956835925 0
0 -942479754
0 -436156892
40574907 0
-814792151 0
641525167 0
-609986981 0
-128119447 0
475419629 0
0 922349437
0 -266324655
0 108716018
0 -169298812
0 698340146
0 -475284584
-248821747 0
0 324423076
558988850 0
706021023 0
-894697715 0
0 -458134847
-537414728 0
666403063 0
426488196 0
-111526566 0
0 -462658532
-365806793 0
0 -136908053
305394355 0
0 -70570411
-728371624 0
-711556523 0
-314240159 0
-561325492 0
0 504594702
0 337946066
-581594828 0
43740889 0
0 -639628787
778450287 0
0 -612875008
-389076104 0
-43740889 0
0 650846596
375901941 0
0 -407698177
561471591 0
0 -624868816
434744330 0
0 461495181
284526328 0
610869668 0
0 -73451984
0 -35962042
0 -32582683
0 697294339
382832014 0
-494686274 0
0 918974963
-269488532 0
-220838060 0
-721604889 0
0 624868816
0 -971732975
-952675389 0
0 121931969
-772218593 0
0 162255364
0 515557381
-872595749 0
341074689 0
0 -185968411
0 -789681610
-957327794 0
-417273377 0
0 -133596123
0 -915807996
0 -57611350
888565487 0
0 -808157725
0 -660412418
0 -879519363
524757312 632933878
0 218941112
0 -160064261
-798841886 0
-119677505 0
334282126 0
0 279916764
323646888 0
0 -530844158
0 -384752336
-434744330 0
-205194577 0
-182163268 0
0 59326424
0 787616041
-113266325 0
0 234469206
286703010 0
-381567778 0
0 -78448403
0 383238040
0 302305560
0 274868531
0 726820321
0 -869435204
-843367936 0
-697631930 0
0 -896076371
0 -612737626
-898737688 0
721604889 0
0 -917214718
-934969606 0
-463544137 0
956835925 0
-513758431 0
179922713 0
0 35962042
-207049917 0
184164722 0
484495093 0
169239027 0
0 -465415596
-605244572 0
0 -698340146
-242887102 0
0 -232136591
48250655 0
0 -66082196
0 493641806
-863332294 0
0 -691579903
0 -11369948
98872249 0
0 714842297
0 -489805599
0 362031239
0 -551773362
-985163157 0
0 864282901
-350126667 0
0 84350693
0 -478132887
-83989478 0
0 -872613130
471916227 0
-369966023 0
182163268 0
-529223504 0
609986981 0
-189907789 0
-98909370 0
0 1186158
314240159 0
0 168719590
353445548 0
-865417030 0
0 -211653636
-272276165 0
503944276 0
-274360699 0
-56808403 0
129753922 0
0 903291917
-727496538 0
-939508640 0
-676057696 0
0 446446911
0 185968411
0 -760261908
561325492 0
-91500931 0
0 -851806427
0 -331877076
0 78448403
0 295883743
0 436156892
307985839 0
0 -151663090
0 -101425532
0 458134847
0 706420400
-48250655 0
457258609 0
0 445563792
463544137 0
0 -901606646
628495065 0
-907446725 0
-165963082 0
0 289127410
-949990037 0
0 31255158
-284526328 0
0 -659885904
0 616562136
252692447 0
520223113 0
0 -121931969
0 551773362
0 -757746773
-93406805 0
0 519549055
0 962586366
288324902 0
-713030056 0
-194612894 0
58627643 0
269488532 0
0 -616562136
0 -64389702
0 -141666984
170440765 0
0 32582683
0 -918974963
-730930880 0
-384630220 0
207049917 0
0 -830657565
-323896224 0
0 -810851231
-304692283 0
851766249 0
0 -235154103
0 349878714
-69529756 0
-856438511 0
0 181808626
119677505 0
947282658 0
939508640 0
0 -228635953
531421380 0
0 50325179
0 331877076
-101206753 0
-432566296 0
0 -446446911
-778450287 0
0 -412456113
-307985839 0
0 -563207392
647289874 0
-413629484 0
304692283 0
51074133 0
-971887859 0
83989478 0
0 -985295369
872595749 0
-641525167 0
0 333542090
96312611 0
0 -519549055
0 907267996
-467392711 0
0 -70427162
-56155605 0
850095570 0
61007015 0
-358407003 0
697631930 0
0 158611964
0 407698177
0 475284584
0 372371570
0 161414019
25690901 0
856438511 0
0 390230787
0 634366516
-132171256 0
-39133291 0
-890454426 0
0 563207392
-575529667 0
407209877 0
0 -543621892
510344468 0
699983358 0
-72512785 0
237616158 0
-197219118 0
-655036234 0
0 672731765
0 -461495181
0 -337946066
653730771 0
0 228635953
430165724 0
0 -953773254
0 -279916764
361824083 0
-616380531 0
0 -181808626
-673500620 0
384630220 0
-680626338 0
0 136908053
0 912040778
730930880 0
0 -792030741
880084332 0
-467546370 0
0 871850721
381567778 0
0 11369948
272276165 0
0 -792264564
0 160064261
791450021 0
176690088 0
0 869999244
0 -588247323
0 133596123
0 792366003
898252176 0
0 -805327313
613677978 0
0 -907267996
0 -92094165
0 799448347
0 561097717
0 685923742
597991524 0
-880084332 0
-512028546 0
194612894 0
-295499566 0
-65906880 0
0 -722476529
0 -383238040
0 -71875246
655036234 0
150466377 0
389076104 0
0 -682993788
0 -703949717
-411728294 0
0 270202961
0 103453235
522649134 0
838941243 0
0 -730743148
330857793 0
0 -70349903
223076734 0
-214598950 0
-133061464 0
-274952117 0
0 876316757
476162378 0
205194577 0
673500620 0
537414728 0
0 -447273081
0 592840528
-775626641 0
-424046004 0
0 805327313
-829245252 0
513758431 0
0 399322872
-903669928 0
-179922713 0
0 550881208
0 462658532
-990174490 0
0 -672731765
0 121108325
0 892687433
-9370487 0
0 -774791665
0 4204424
0 174182291
0 -33354725
413629484 0
689975981 0
711556523 0
0 -862673816
-31562085 0
0 -162255364
0 899271703
0 -962586366
-558988850 0
0 -4204424
-937146788 0
-725818160 0
-426137621 0
-645060165 0
243643184 0
494686274 0
0 757746773
426137621 0
0 -445563792
890200918 0
-40574907 0
772218593 0
0 760261908
-720358113 0
0 99981732
301368354 0
-129753922 0
-954809026 0
0 -124450970
949990037 0
0 465415596
798546396 0
952675389 0
-424058356 0
-666403063 0
0 -837946522
-272022834 0
-850095570 0
0 640039823
936244463 0
-672248730 0
0 -158611964
0 26021446
-288324902 0
0 971732975
0 396459138
-713580286 0
376952622 0
0 36908697
592557947 0
-726288072 0
-592557947 0
865417030 0
0 -517363160
0 70570411
-862460938 0
0 -635463400
0 -631880274
-341074689 0
0 -152392304
950992993 0
-305394355 0
0 612737626
274360699 0
-373355011 0
-184164722 0
-286703010 0
0 16671268
575529667 0
-510344468 0
-375901941 0
12097358 0
0 560349549
0 401448690
0 -560349549
605244572 0
-208400830 0
937146788 0
0 -234469206
0 -59326424
0 64389702
-12097358 0
0 830657565
-51074133 0
0 -144880456
45790877 0
0 -121108325
-418376129 0
0 540087028
-382832014 0
0 -362031239
725818160 0
0 279580754
856977632 0
133061464 0
0 -304596978
0 953773254
0 -731310270
0 74420516
0 57611350
122456318 0
-656318648 0
0 862673816
365806793 0
0 -504594702
0 153176097
0 -712118241
295499566 0
189907789 0
662736045 0
368836837 0
-376952622 0
-723634307 0
0 447273081
0 16121638
581594828 0
-656217147 0
0 -861442222
0 384752336
0 33354725
0 -317006013
273344601 0
-757754345 0
0 712118241
860106924 0
-159514183 0
-894626609 0
713580286 0
0 -59755032
723634307 0
0 -118604782
0 731310270
843367936 0
0 -390230787
0 -526885147
0 -270202961
0 -944438254
14854675 0
0 660412418
804637219 0
