1000
-799899197 890260273
-792933726 524946137
152214958 -327498673
-838137467 -367928729
37124965 -994597015
-276254982 787982896
521751363 260015065
-551295970 497284488
530297024 -300926715
-345542856 657329848
528773031 317987324
-520199283 -357127961
523594278 -404691061
-520865382 -427112127
733550759 625145013
30432590 -809360728
-460078972 -45291458
-959748077 106734702
-479896992 -221724456
155233809 -91769019
137786147 -414371049
-832767223 -867360436
135206963 -532909961
632984323 -210749266
-344831448 782278593
-559847764 218527342
-863381292 -111751136
-916349781 954271393
-691891046 -331201778
845980402 -348772257
217039333 -347950153
453178605 -356655197
-722726646 212583941
512255853 861588451
398462760 318041395
-707009806 -305814619
672675538 -883506241
-821356243 -131135242
28519177 -381808431
-203456467 -733403467
-787355956 575033860
-909957462 -954623448
801247731 862879089
376554864 -261412825
-832722300 415757110
-921743345 -954078797
845232881 -268326366
21280449 -233627086
162903699 285778318
559863589 888006834
-38715275 -917394875
477880455 -301919115
391460744 -43519086
357461690 -551970841
32984283 400370026
796475596 10826835
-193623135 741687452
470821200 -38011007
-683455519 604712589
-533790299 710601468
359181363 812438747
-520816367 -737991128
-136419552 -614130721
982568768 356221830
912397862 -175503655
-646507503 461818360
293596717 -296977890
-316921942 -889956134
254796720 348549975
231117549 541746979
989053011 -859544319
-514571008 612262457
-671694681 627876228
-352733460 -755413765
-681309464 819844949
-948431229 128608950
913483366 -611869126
-790993116 700554566
-450323475 413348494
279409068 -65037385
98410262 122712724
306650254 -735171501
-387760428 -845940721
449912354 -577350710
309418094 -152280606
357081866 585269508
-230691148 -371094271
-83508186 280446676
568586293 -342993946
-134354136 -879054304
-204816556 514541663
195111676 727230615
-880638964 -483522911
814504679 -524279218
-838675775 327129363
643990329 489306058
-61032403 -287529995
-246147494 -367808554
-487179654 893317411
954678366 -715548718
173340201 897613716
869790345 366747175
710801745 738077663
-376685271 -580258683
-129385797 -226485906
-307545263 623335880
785925457 -192265090
723650315 653489746
-67174823 -323072727
820519265 -960583967
-810661871 -58478405
-900506661 -284878801
171597144 415926585
-453650007 -405326614
579474080 654935600
-126608745 -442769378
-34871247 669464629
839433180 446519258
686802586 -100767591
396094258 -651111608
187078281 -58799388
-466652528 -276550722
984004761 -962667827
261505560 -92268986
-66000911 834822522
-323678738 338534753
417202391 405644785
-151547145 -898471351
522363193 479454793
-567717212 -668652567
-751331197 -517364441
100054108 -976882289
-557951664 -206701046
-231686071 -355323897
828772991 -457833074
-75534897 262056828
-649716346 -568011233
-411326555 653909141
-932141825 -152249430
-286667710 -248544654
703729125 586530022
111012042 -527702633
225359124 -352660950
-620934382 720945185
-129222663 -535625395
331316199 -851418263
192829977 97022479
-247142417 -352038180
363246056 245028267
-300001264 499288096
-309635245 878923286
-1217567 318188276
-796953328 902192825
205008768 -988150697
743633660 -687067879
599860489 100166886
-161215912 85875594
-801804877 714120240
19408074 199752708
519874437 -747139339
-493940315 -894602636
-143764365 411740090
-21897854 629686787
40896162 764176021
102182713 971203683
-66920707 275533436
667668515 -655348003
-376535674 -912026401
-739865299 -843745105
20423733 69000855
735231518 -292814626
406295443 -993742491
-858521246 -879759306
-538257930 -163056353
201479379 -115672655
-675796893 333072764
-102176016 970107656
68835564 870549065
-395496558 350277283
-710664659 916084587
533617971 915253171
906369988 -113422929
-496506929 -107137291
-211062179 389699170
-277985511 -266829589
758713473 294135073
727746546 -471882589
654808104 384395716
124835440 777201438
-287499992 -893839970
311039295 161999905
986988859 124359243
160491771 281751514
-182216264 605421365
-165530808 -992612471
-606686875 565046700
820968070 -252599730
-957438922 364883716
562628685 16962795
738386770 775202478
188900440 -798693456
-343559347 828849713
-383940451 794065988
-730822968 580382112
-315437691 -21534071
354883249 -235085297
-375465237 -246722105
491475709 97627831
-667530082 -826106099
-59767513 99366608
388640819 612019850
760134506 325198340
479513773 -424650709
650593310 -13153353
325807398 571556636
-207999878 395868233
-964281147 -440179966
-905432962 383006623
149574201 22695093
-586405247 -533991455
54359480 -321570763
-534858748 -726355852
859353119 665863647
-115657686 281458367
-194303261 -15533492
-681660935 103501000
857478632 -560309712
52480483 364114128
-67071768 146263727
541367380 -576187475
-572812393 -172244041
-359950751 -358432583
686564111 835781639
181426806 952738713
364635029 529087343
-238500953 -459428566
23540385 -264075553
564221968 993079677
548234298 97805747
171550821 -807214696
-653271819 660800027
-647988021 -496934708
-567159862 684852493
811204327 740288780
-540190002 -922674938
89525797 416550814
-202557779 -460125428
-80936946 807222729
889801729 -255575662
-648013869 947610581
-10962564 -144307248
-10853684 889921805
-986555437 542711080
137370141 45694167
-444656970 -947001382
-78472782 -723984920
612590011 741779602
209260311 -478723811
-626238904 753196480
-238641881 -805795437
-746743724 387552057
-958415317 -275569980
505392082 -911625905
308336993 -350264454
-431690646 -55875568
-347348791 444357589
-33556415 460119111
-898892612 814620733
-328044730 854278687
-38480099 -151728895
522892770 124910388
46885855 91454645
-482914081 -121621248
39854451 156023922
-237304309 226963110
-212292094 -193448791
-331700393 156642354
353959872 37753037
-3369853 650560904
-937064536 -81263854
-719954240 795297499
849404074 40833527
-203486232 920900918
441930015 111995903
95439971 -730098306
-371423861 -783695894
793324034 770208822
837310158 -490713728
-41086094 -239449991
-9762233 756538754
-701928464 -726236443
-271340021 -603095073
139442564 18941354
-292413986 -384978078
-559075791 -206176175
-406074433 -839432008
919100853 -521644363
-251802834 -432417899
-87122056 -6253776
384029253 407752337
625772973 -206835344
16157839 379365351
-580016348 660185347
151724835 -595157707
-44133289 -463463426
842125204 -746282257
881427774 -7125763
-225006882 -738599348
860221145 -95201193
-758540721 98272875
867007417 -563750541
489212076 -370294196
-482942416 12957139
-671247964 -368822975
-201753300 495514737
763553013 885321110
803672871 960888591
126772231 -534661005
-937596559 -614413885
751840207 -708936845
-859266377 360429470
364398088 617204778
-420236616 488026156
46170951 -501635376
-300944501 -484580134
532529992 -453192027
698529644 148576457
272992062 -259780958
713365426 996826900
959407642 -202373894
-402058458 -872978575
-665587435 -442261821
-23845721 762597822
-909001498 -149852999
421723547 107726219
575914651 296310431
-94688105 629130959
522810287 -325023098
-349819583 126570441
845061731 -489653986
433539398 348494314
195730372 -21759543
383586309 -139886287
-258450183 917150256
-833164533 -139013469
79725429 128302551
-709761759 -580572168
-597941963 366845765
-536014785 394830369
443721110 -734450006
27726133 724851739
701814462 -510169014
-417920673 436881479
258038779 -556821613
276669336 -266412929
732723737 338921496
857043973 275349096
-487688794 784096222
-66867461 946213693
-421359790 952993039
-439815605 -677477221
355842420 459992431
-96590002 -306070539
52828346 -433899715
-620715449 785411002
17657469 -647719229
767846200 285882170
-863621620 156757464
-978279081 -673839993
405346327 -705251659
156722880 -374501066
-624006679 -718258290
-957628568 -677027874
-874190777 756094823
-425052350 -207680365
376500397 921747673
-18168463 683199525
-206554790 -217173820
-572384165 -539673227
389092079 585557851
-142613776 252556287
610027546 811300699
-695204181 972286708
-874051688 14404775
219111051 711757935
-971886123 -346905994
-743593990 -819128155
476709387 -330303754
582678767 -357654433
-519105616 -845166911
774743272 -246209043
-293370036 66312059
-974602139 708726162
617384084 899024954
119218154 -212536898
143960379 544685428
437705392 675636036
-175589160 -565844946
-360750188 -965613123
132542069 -541263699
-736551733 23720580
394700980 -606052699
-894669707 -92881853
315400800 972739222
-456635338 48327852
-48088171 -286992053
-174244112 -12507552
-65022766 -125273371
101973789 711044777
165172167 369391206
706754770 784151598
120110030 509841060
63468202 605256125
399922132 -33362127
78058860 647594010
-60068178 -594500410
-401001177 -326646110
-247086840 124690131
248429743 -406954393
-795153146 -902785885
-313055291 -686229641
-525436839 -236093570
527164052 747319777
-329319001 -247622325
-330840633 538764995
15545901 -108604799
659920622 -976497118
807753235 270586642
97916865 32749898
309748800 -75413074
-255303208 908581166
-28095385 101265636
-38640961 -638828052
-918699049 467554734
-517912240 -666970579
-996296650 -202064544
-795207148 -406383367
-703689516 -106436484
442205082 596998738
996640697 518929528
366402455 -437869663
977916327 -34551071
966392075 499886094
-165233862 -555732236
-177086491 953711571
852869527 -210751128
-833928743 321134582
-266068662 -78562152
-419317531 971301734
-460302805 689798284
863699856 -34408675
550971653 -175306795
-91735346 485720486
371336709 -854276506
525962695 784800030
-965761403 -571664120
-345204333 708312254
419846907 -646139884
-119298435 72678338
638692114 -250642185
-778360090 813228210
349291933 782708002
602635813 -360840266
111639447 -701937378
109697397 110394554
-11051122 438630935
-630065945 807411502
231776601 -661353131
650773446 -266734842
125946082 -80441770
378806521 208716353
-490997417 265706740
204465330 144214725
-758368367 -673721686
-575328821 -688171119
-478330860 728749176
12411174 -369504945
-594178443 119738234
707966859 -110415618
-639157191 -301192241
996193993 -237696608
-374973906 15766259
498081540 976342807
403914694 597209097
599864600 -116190404
235729393 440871524
817496642 -573003305
-591122192 -630364732
-699135499 447760060
57887350 682058768
15216295 -404680364
600353947 348091745
25275701 3109120
528033890 18959454
270349176 281460991
-565417190 -173247195
-791454465 984411315
682004442 186502504
-152121867 -815631971
-291342631 -111586046
-909316504 699379730
-266064439 -108913805
224956177 -288675355
-66882514 -13884437
506211742 -304016091
395860798 -617067485
-126538611 -872887311
-844599287 535586150
-422361278 -294877586
-384417675 -857965480
383359285 553444929
-75981346 173789904
-552311512 906061315
-660935475 -332478145
-165653153 48967604
-482950144 136806092
50910804 -625457769
-565784196 558003754
583220484 -698545222
-9477714 -638566505
621563266 245688975
-455283866 -454524782
423132564 281394141
159424337 -757606573
590464162 520772229
187254089 -798829684
-866492333 382078602
397680813 588198326
-591211741 188169304
270733074 270569929
206368248 73526002
-262655463 900691495
-900597051 420623741
-857596563 229968167
553862831 69711153
-164002274 -716237041
-278178194 -524602776
441657158 457662030
441165613 -458101939
-855596413 -605598022
-196356508 863699269
-651966456 -662585486
665931174 77804304
887879314 385826875
-231124904 -993983128
100149162 197303406
218407476 335951162
642011575 -917449559
45489648 625683868
305592780 -129148324
-745141245 86313921
704935616 147351828
-260440866 924128531
117949686 270636779
-629477371 -68472601
788641618 -896690209
-450283543 -65305923
-607451542 87078463
-836144459 -949858189
875865635 210704425
-294621632 -670551875
250692475 889504161
875334152 27596869
-933563561 409949214
103288855 -283099050
-742783506 -872008983
-95619429 115337994
684481056 -816421633
517258795 -928198300
539073503 2061314
-539367663 -474596283
-196720487 -612078400
-706680010 308330254
826280708 -330571661
193832502 -405514372
-103579221 -683816974
-271059853 362613392
-964686713 114237140
937287745 -482783017
333939675 872935168
-244393058 52819034
701559671 -655180110
-867677367 912342240
237813600 300729836
419649110 16420399
-57615534 -777820718
632026483 -336712620
-41133471 462556738
633583081 -367679870
284893469 983558665
-795435024 -124332375
-33126584 907055661
-217849024 611726004
343512497 726404297
-240105142 529331402
-496494419 21239754
-239948496 -110862228
876576356 -419938700
-846919650 870998689
-90113327 78067540
861979351 -532183839
-579450689 -20439244
-232806502 71778917
-661313666 467607004
45850776 496221837
124507579 -711651864
30113879 899624175
-706309511 342466592
496628727 850033395
303710668 -117024765
-161831062 181249029
826866424 -677673493
-796404316 -388600285
-54732877 -139777961
869009461 710433444
498960226 -278281166
-25082394 -125931334
684239764 935474574
-67067387 865723358
301271032 -740787589
-605924281 -2138982
-615134428 246715109
-618988234 -164570170
129437125 -526307267
-750094402 -77013202
114725605 -119166348
928252784 -468571698
-38062380 550133286
172412696 -788605091
626248289 592161612
179099503 -812792886
493576497 3836673
-590652148 913155511
-677941324 791190242
-411762473 -275231685
583331792 -972556424
578879470 -444895650
662830001 -92731683
-796910863 637350040
212623175 -653470597
-108744909 -500925394
-375547563 614962077
-256881214 -555962740
604792329 -14612901
754971334 -304922666
276941601 -542888996
-381705715 -531984280
-764785685 51150610
-382209216 -697362333
-651937393 -819649556
-806200800 -110130454
147150776 220362247
-118315416 42794691
-508366540 -300244765
180247328 260761974
176823673 -81295782
-559983150 -502364654
-244940840 -15573685
270871030 -561737287
280317079 -132257444
470429922 -197950770
326321719 -675675828
-652406094 -188143334
-233719255 -963576704
-289792314 -643501367
50551402 6218240
195899730 -89421531
167869063 -487182875
595916096 799939931
-515126718 262379159
80747262 -639039593
142579297 -428289891
91617623 -523367
958427801 428480801
213335037 -300296495
-694541850 521803345
-91420229 -209863759
-99477882 969918084
737077308 690170878
227279599 58112510
900390174 -513031601
-909628067 388566932
-257583213 -66652287
-54627997 452304543
-471366658 60752281
169163323 -20437039
-157278553 684219370
492451239 -444374132
-322013456 81398356
-634404241 -753801847
-425995496 137876522
467844685 -623620831
-246249899 -624936380
-161082844 233768137
-67196355 -992671540
961428821 13401916
34611697 -10773548
117197067 -837784361
462523447 500506631
-687843408 -713509780
478081386 689283424
155982128 -454567883
-374587135 583565687
-119435553 -174976730
-413109580 -434347640
349819370 831783671
381521199 340883585
486237010 -318152018
436737578 -293266043
155063077 -797126331
-143392376 -910907458
-227362384 121970214
-363923355 -229823579
-463281769 -530594265
-865117162 -354248234
-226932329 -27834710
-782860715 679704753
-490604462 820306870
246141948 -395136546
190666230 192184398
-676971177 -898530471
-309794819 183153715
337286904 -166555741
-463305718 -805319955
-567232065 -199453873
105537518 -900381035
355498798 160460980
-913411401 758201592
-678290120 496661061
-788385929 -580346862
-803771348 -51322847
-700327744 -984422674
256566023 15656946
95333115 96092199
-907126157 158297210
-288357516 -200326294
958951556 -608841175
708137394 417257780
-384742493 797051529
667574116 961477736
160720810 413956952
972561767 561094216
-262614204 -9000933
309932452 230026757
734339795 821276413
145009235 -244282898
686386913 -773403455
839298220 32840798
514368232 -974993826
352136425 939943665
98384040 20908224
-156511645 -146297748
-221995832 984216886
-501095348 -39764992
-578165865 298588709
-22552304 -135801100
-578769525 -249820868
-752923769 238929195
-64928116 104365246
438291214 -588971850
196085743 -858328332
-240262152 -992122638
-732058612 160532671
-138165054 -399901352
-52871289 -515995084
779530333 -247738124
-158610058 601151739
645233935 16334672
-365616237 -276131905
-510978636 355860061
-268339701 -500264917
100561362 809295658
-31400489 -326142576
-425705612 437687695
328572814 -376101953
121625398 -926077828
-422900143 517964988
-97171748 161207434
-937243829 934667604
687168623 554876028
845742080 976934250
722870883 457275809
-572709311 -434005503
-334739958 -955830729
817456240 -181395608
-159694946 -263173220
323143758 414914510
-406916339 232635140
-278729756 -719595270
449349271 756096057
-409575823 -653135248
-132321866 -476005183
-201636183 869720059
-883186739 609052209
191882234 297884553
-736620400 -93679998
-474815047 189696291
-377084533 -4219902
-215280820 508190855
264040883 682630496
693440251 778086932
-881029430 327898805
205645548 -975843553
-487599064 203753507
389414204 -810581189
324212488 -455662592
24894997 -98884008
601599854 800226834
181220047 -595099873
-39350492 922321909
-894622932 409021193
651649697 -456198358
634690194 -254680062
396362314 872771203
-494284834 -704076360
-294931072 -431585558
901747859 -30981117
-873992305 633864681
-292156517 106038721
882920741 80862635
-217872482 -758994258
-688838252 -258983466
-805096477 309727332
774851148 -330041894
-268762561 227489021
494355511 573814778
-456151719 292788850
-807932099 975237347
658710163 -764219826
-288954928 -65220550
-608464899 -551787292
310249341 978794088
882165083 -313150900
-842752071 -354085501
-508234644 23294768
-714929298 -227197451
-399627736 -752765366
-531641499 -39766054
200589987 -360603893
-984540694 302526280
-289186338 -968021129
-844935492 397984363
333653287 -915872596
-450903761 597344336
45357130 -890593441
187567656 182054462
-524633928 -41727563
440646921 -193570498
-315350388 -197589248
-952768349 360684808
-615410927 753159707
-786181229 -842132679
147967001 -484899277
-499935600 290972839
-554978735 -762946232
46089200 690618353
-375147083 -95534592
946419283 -470213419
-321697469 -341356674
-602796999 -734324941
344171165 -530568167
764514650 846551991
446076457 118367613
-259453216 271314879
910014114 -670270543
725197747 212939663
238076465 440424609
786296869 788205227
-483728870 273903097
521968991 267491073
406553683 -221378084
559099948 -281366793
-229554163 -604958042
683708858 418927800
-52012544 730585495
180676790 -440025195
642442546 134631982
929266600 340165027
-356195111 431311243
-854576536 456925655
143035701 167664764
-636967175 -431756026
176822786 -220379100
273506302 -783732769
-711299120 -530954486
-65224188 133873431
710206534 -437634899
-357239382 479089393
-123992391 -206412876
-398476573 686167898
-641016557 -724110378
-577559735 -329676249
-758429277 292560849
-150548984 605853967
761362440 978313659
-353176669 747199082
851740949 -158174336
869733396 -541286829
426377043 63278335
-878557407 796667042
772229178 -527333650
766520058 -527994546
-792540053 -704816938
551688885 258082488
-598461209 870039688
242229948 657017462
-82974435 -757529332
392647806 -10137830
240569247 662762162
230181251 -678031491
704814414 619399657
-141026927 -527367654
149161042 962385844
-21055247 -681129146
-564875203 211061546
152796390 -64574162
-187356231 -429432070
-101274947 -254219769
505040674 -332400730
136134632 -140085913
-913734685 102820038
693460073 -640317414
-576826569 -974226587
-537757685 -403660731
135153795 -383218352
251910042 571315885
-502898464 -958226355
-8378650 -388202142
-495589928 604206629
-142999960 462441612
-264549688 -187152860
-404644186 186937642
439845793 945611937
961080216 451810082
-66306905 391352966
-421279453 -717865570
741219062 499143223
-476656221 305690116
331958733 935238346
-884492433 916510276
130444419 846210215
435051384 -368860690
-117353318 -895488492
468779633 282790941
658727754 943774309
946809258 -674083817
-238567714 541048720
-312943036 -704030239
432544907 -916421826
854752653 -582773424
-223315847 -491500671
-315052653 -901981674
211111862 -200539923
327404052 192197858
-25919638 -384232597
232304428 776156117
-662164148 -78560615
376121643 364564037
42531517 935802514
-427707408 445556711
813994730 -535899167
-529834348 -12758169
-11100081 736374326
-209175424 -265362659
-557290804 -839460231
412683551 -23463749
170851245 324421752
-14829472 682861588
17309871 751541862
-130556942 943997783
557994819 -936561351
999380376 -916010444
756268460 631457239
-622361595 -173055444
-101958368 166092509
134642702 -965068485
489167088 55427276
186516680 -186657670
39762064 972797023
-281480392 -739995606
-180477896 753988662
-370413906 -360124522
83424145 205675075
-742058086 56488338
475032918 -904532215
525870162 -560727915
204821646 -462482035
359298722 -279871585
819474958 -283618100
643108081 -815423488
-332437927 373476858
-546335518 46622557
896644003 -768572631
316774112 155230714
-58352075 -233264359
-999406484 875367986
769440262 -155771464
-352132635 -326400363
-333244536 141267471
149032976 -428469715
