1000
-941909767 941909767
0 -973251405
720017413 592109498
-828624291 -828624291
0 -751083043
0 31615897
0 -590151933
507470092 824957868
-877564653 507511629
-192316132 192316132
323862062 -323862062
-141484195 -777970593
-492308519 492308519
-989295742 989295742
478489422 -478489422
-153058012 -153058012
870962457 0
153058012 0
-590151933 590151933
-686369282 -686369282
0 -895927445
150526769 203028564
0 568511252
0 941909767
-448498569 448498569
989295742 -989295742
529157405 0
0 766214635
-989295742 -989295742
108659937 0
-53904918 -53904918
-95587448 -803640966
136544674 -727911958
60236210 0
401871663 -599338172
379431975 -41021376
-35332955 35332955
137483828 -802810862
-398540386 481243011
0 -964862227
730598366 0
548307792 -668676295
-323862062 0
724333551 -935809690
964862227 -964862227
0 -978924922
-436962215 -104179571
-465991049 -465991049
0 148913890
-978924922 0
-964862227 -964862227
-478489422 0
617683977 721430727
600596093 600596093
0 7920696
241733657 -241733657
0 -465991049
-862482682 358785128
770197059 912074340
0 -870962457
35332955 -35332955
973251405 973251405
108659937 -108659937
222386710 222386710
-128210810 128210810
465991049 -465991049
-521278678 0
-302838611 -302838611
-929912388 723970507
-600596093 0
349020368 349020368
230047507 -823962343
0 730598366
288639228 -149142442
-31615897 -31615897
0 53904918
-853518011 0
-894237806 0
0 751083043
421043805 437689070
-81863007 -81863007
395715055 -395715055
149180470 0
572844464 -572844464
823296945 162854236
-395715055 395715055
-809070419 492556185
-964862227 964862227
-973251405 973251405
222386710 -222386710
766214635 -766214635
60236210 -60236210
935546414 0
277567360 -495678336
554733666 -554733666
-608012703 -888265317
-863370882 -863370882
-567980169 869955052
556808000 -556808000
-149180470 0
-868076761 -868076761
0 128210810
521278678 0
0 -129423856
523483416 0
866629640 -120252287
0 715121155
24369332 -24369332
-138832824 -138832824
0 91162811
-149180470 -149180470
629455546 0
-865367942 -865367942
895927445 895927445
-894761487 0
-978924922 978924922
78898823 897775972
-539603757 539603757
-873596951 -221328649
894237806 894237806
117357663 -185470146
0 138832824
-131875022 -431321832
0 -381173606
42885017 -420516256
-61466346 0
61109940 58729362
81395699 831624465
147083 0
-762006455 -878335398
0 492308519
0 -7920696
810157047 -810157047
-349020368 349020368
-982279851 -781247576
-492773740 0
35642128 35642128
0 507415532
-244085441 -244085441
-764745202 -764745202
36230866 -563398062
-147083 -147083
0 556808000
-652128863 -652128863
-715121155 -715121155
149180470 -149180470
59989706 -59989706
0 983642738
-409368820 565674483
-764745202 0
-751083043 0
-895927445 0
523483416 -523483416
941909767 0
0 -894237806
-962392516 -243327244
-652128863 652128863
329860893 -341017860
-217178662 217178662
35332955 35332955
764926373 -684565605
-456956825 -948111414
615477881 0
751083043 -751083043
81863007 -81863007
-845238735 -845238735
715121155 715121155
60236210 60236210
-849484047 0
507415532 507415532
-408131840 408131840
408131840 -408131840
862032665 212265535
-380368632 -656616122
244085441 0
-257584916 625340099
-81863007 81863007
0 -1795404
681874897 887823917
-147083 147083
-1795404 1795404
-894761487 -894761487
222386710 0
148913890 -148913890
855213446 -912344611
941909767 941909767
849484047 -849484047
439412986 -106570273
-129747134 -591701569
-473361025 -473361025
629455546 629455546
-650408090 0
0 -568511252
-135104070 607120664
-65750845 118081465
-35642128 35642128
0 964862227
-686369282 0
0 -61466346
0 529157405
59989706 0
24369332 24369332
-821923004 801715128
978924922 0
517085752 0
-910580345 649040822
878449591 265999966
-381173606 0
-60236210 60236210
-539603757 0
-652128863 0
-419457777 -869608799
-59989706 59989706
0 629455546
-269939931 -410559633
870962457 -870962457
-517085752 0
863370882 0
552841008 -937389118
-751083043 -751083043
0 973251405
-492999901 -16165949
458314307 -709882235
0 -865367942
490313755 -718609253
-659197285 -289270089
0 -615477881
0 -108659937
-217178662 0
-853518011 853518011
-554733666 -554733666
863370882 -863370882
-663480944 -663480944
-129423856 129423856
138832824 -138832824
-263163653 263163653
0 35642128
-590151933 0
837518476 -296352427
-523483416 523483416
619090228 -874021875
302838611 302838611
263163653 263163653
0 349020368
590151933 -590151933
108659937 108659937
0 518443460
-810157047 810157047
225962021 -225962021
-523483416 0
590151933 0
353050524 353050524
-766214635 -766214635
-828624291 828624291
529157405 -529157405
-1795404 -1795404
491629373 809568487
365469046 253369263
870962457 870962457
61466346 -61466346
153058012 -153058012
302548133 -553326971
353050524 0
-529157405 0
-343282371 -756782987
-615477881 0
0 -35642128
0 -522493370
232051521 931585643
-870962457 870962457
978924922 978924922
0 706716784
-108659937 0
-59158858 199968511
-521278678 521278678
-61466346 61466346
0 853518011
257388035 674735012
0 -519636137
292007621 873498667
941622079 -366208366
853518011 0
244085441 -244085441
478489422 0
-766214635 0
395715055 0
0 764745202
-907873339 769410332
0 978924922
359255022 352706063
721544529 263924451
0 894761487
522493370 0
964862227 0
0 492773740
-81870757 60675327
0 -152777053
-848311566 -228960380
448498569 -448498569
-244085441 244085441
0 -395715055
521278678 -521278678
-983642738 0
-309621226 471891270
978924922 -978924922
0 598473297
642871097 299344256
924926730 -614052408
0 -507415532
449461154 140090958
-529157405 -529157405
786264735 899564024
838349532 -643097763
-810157047 -810157047
7920696 7920696
215716920 529180132
0 -598473297
986167836 -191818141
598473297 -598473297
-598473297 598473297
0 129423856
-35718592 -793577573
-222386710 222386710
-448498569 0
-108659937 -108659937
-715121155 0
91162811 0
263163653 0
-438699905 349834386
457702888 -541057961
-381173606 -381173606
-956807435 -244011844
474923655 643690127
0 152777053
0 652128863
-492773740 -492773740
-663480944 663480944
-615477881 -615477881
676804071 -374161902
0 -302838611
432190573 511076935
0 149180470
894761487 0
473361025 -473361025
676387032 -363380532
0 -529157405
593187901 6829748
35642128 -35642128
-845238735 845238735
-572844464 0
973251405 0
129423856 129423856
0 -225962021
556808000 556808000
518443460 518443460
628198036 -741189498
-894237806 -894237806
127842775 -334658723
989295742 989295742
-522493370 522493370
686369282 -686369282
0 -764745202
-969074696 -272457759
849484047 0
-600596093 -600596093
-547554158 -754333737
-863370882 863370882
650408090 -650408090
-204630478 204630478
-349020368 0
0 572844464
207385941 -765577859
-629455546 629455546
-615447887 173418432
684365274 453375107
845238735 845238735
-730598366 0
91162811 -91162811
35642128 0
-465991049 465991049
-206972879 0
-61466346 -61466346
-314385434 924849437
217178662 -217178662
-91162811 0
-522493370 -522493370
0 615477881
192316132 192316132
152777053 -152777053
-568511252 0
-217178662 -217178662
0 -24369332
-919999318 -895572895
0 -766214635
-679133324 -624836179
-304303128 304303128
31615897 0
507415532 0
0 -408131840
-706716784 -706716784
31615897 31615897
-492773740 492773740
-153058012 0
-935546414 0
850762932 -627354269
686369282 686369282
-395084826 271688683
568511252 -568511252
26083201 223738667
572844464 0
-650408090 650408090
-868076761 0
0 663480944
0 -523483416
-973251405 -973251405
989295742 0
529157405 529157405
-473361025 473361025
707776474 968137343
-206972879 206972879
225962021 0
-548242236 -548242236
522493370 -522493370
-615477881 615477881
384294813 -23544447
-548242236 548242236
-845238735 0
-222386710 0
192316132 -192316132
0 353050524
-941909767 -941909767
178265047 -41504314
-381489290 -477551330
-24369332 24369332
24369332 0
-384244966 756191325
0 -241733657
302838611 -302838611
0 192316132
0 -556808000
-548242236 0
615477881 -615477881
192316132 0
-730598366 730598366
401019607 406136837
985170775 -985170775
-353050524 -353050524
-400753590 -904900173
865367942 865367942
706716784 0
0 650408090
-4370157 -926286435
0 -894761487
148913890 0
-77321931 726835735
-353050524 0
0 -138832824
519636137 519636137
492773740 492773740
-568511252 568511252
449717622 187714361
-61767493 -38107959
-262603776 -458693479
204630478 204630478
-724350561 -760579902
-849484047 849484047
0 -600596093
-534946601 917101783
473361025 473361025
730598366 730598366
706216540 -275454501
0 206972879
-53904918 53904918
0 985170775
0 395715055
-381173606 381173606
-228685576 -112381163
568511252 0
-58523742 -836566438
-152777053 152777053
0 -448498569
-302838611 302838611
895927445 0
-518443460 0
-408131840 0
206972879 0
465991049 465991049
0 244085441
-31615897 31615897
0 894237806
652128863 652128863
0 -650408090
868076761 868076761
0 -686369282
600596093 -600596093
492308519 492308519
853518011 853518011
-263163653 0
984728051 -317918435
-91162811 -91162811
492773740 0
719365373 657751982
523483416 523483416
-448498569 -448498569
548242236 -548242236
0 153058012
461944177 474080830
0 849484047
926163861 395120964
0 -706716784
-600910703 -994822394
-941909767 0
-418291902 486836963
-522493370 0
59989706 59989706
304303128 304303128
-153058012 153058012
-596198662 -945161339
-935546414 935546414
-114893477 -183705805
-478489422 478489422
-629455546 -629455546
-222386710 -222386710
868076761 0
-751083043 751083043
152777053 152777053
935546414 -935546414
204630478 -204630478
0 -828624291
0 -730598366
552457900 -974798943
408131840 0
-507415532 -507415532
0 -60236210
0 -353050524
539603757 -539603757
0 -845238735
-362210461 553631894
-686369282 686369282
695080921 -275926011
766214635 0
0 -35332955
31615897 -31615897
-523483416 -523483416
751083043 0
0 -31615897
-128210810 0
149180470 149180470
652128863 -652128863
-764473284 14444015
-575741394 -781124973
-225962021 225962021
128210810 128210810
-764745202 764745202
629455546 -629455546
-529157405 529157405
950609685 633978971
-983642738 -983642738
323862062 0
783850607 333657371
845238735 0
810157047 0
138832824 0
-108659937 108659937
983642738 -983642738
849484047 849484047
0 539603757
0 -244085441
459780353 361311281
-225962021 -225962021
517085752 -517085752
518443460 0
781302753 987930248
-556808000 -556808000
0 810157047
-816892719 144978333
51107640 -247354666
0 517085752
-492308519 -492308519
-353050524 353050524
717448261 254437144
865367942 0
0 -518443460
828624291 -828624291
-138832824 138832824
-241733657 0
0 -935546414
-894761487 894761487
-91162811 91162811
-42926913 509291349
-517085752 -517085752
810157047 810157047
-507415532 507415532
0 -263163653
-60236210 -60236210
973251405 -973251405
-572844464 -572844464
-204630478 0
-947367312 458981408
513707722 125334713
-450785940 -822070226
0 24369332
706716784 -706716784
598473297 0
-129423856 0
-35642128 0
408131840 408131840
128210810 0
147083 147083
0 60236210
0 845238735
206972879 -206972879
129423856 0
602127609 946515296
708569798 -293261536
715121155 0
0 -715121155
650408090 650408090
-21961755 -53217461
-18345456 -822369172
521278678 521278678
983642738 983642738
0 -539603757
395715055 395715055
0 -217178662
91162811 91162811
0 -517085752
296680094 -769817706
853518011 -853518011
-53904918 0
-149180470 149180470
-147083 0
-568511252 -568511252
-413471587 312424234
152777053 0
-694841458 -199664738
-3960865 992235663
128956594 37337145
539603757 539603757
448498569 0
-59989706 -59989706
663480944 -663480944
381173606 -381173606
598473297 598473297
-81863007 0
-355028780 -236007594
519636137 -519636137
-519193211 766148594
302838611 0
-192316132 0
0 -149180470
-870143475 -90871381
414790290 80998439
517005992 327713120
531978680 -589180282
0 -148913890
-650408090 -650408090
85257684 -24401626
241733657 0
-696935696 -776399116
-853518011 -853518011
735726836 -716895969
492308519 0
0 -147083
828624291 0
-7920696 0
0 554733666
-518443460 -518443460
1795404 1795404
-304303128 0
-129423856 -129423856
0 -304303128
-639462301 176163684
650408090 0
129423856 -129423856
0 865367942
0 473361025
381173606 0
204630478 0
397997156 -363247917
894761487 -894761487
492773740 -492773740
554733666 554733666
757557073 657951969
-600596093 600596093
-443836780 668611997
-24369332 -24369332
0 -548242236
0 323862062
113126871 -397272726
0 -663480944
-24369332 0
263163653 -263163653
184608987 223644144
652128863 0
227065162 258696149
0 870962457
568511252 568511252
566557079 773391255
507415532 -507415532
-59989706 0
0 521278678
764745202 0
1795404 0
138832824 138832824
764745202 764745202
548242236 548242236
-554733666 554733666
67518806 -894467978
492308519 -492308519
663480944 0
245819213 -703860947
0 522493370
548242236 0
148913890 148913890
-935546414 -935546414
-445872259 -199733401
863370882 863370882
692409079 -54421731
0 -222386710
0 263163653
-49707168 241218329
828624291 828624291
0 304303128
-492308519 0
-60236210 0
-819586319 -642902104
0 241733657
0 -572844464
349020368 0
-663480944 0
225962021 225962021
-225962021 0
0 108659937
855703058 -297087648
600596093 0
663480944 663480944
-415867774 917582676
-590151933 -590151933
-302838611 0
53904918 0
-895927445 -895927445
-665683778 401223207
35332955 0
0 448498569
-128210810 -128210810
-660622235 316344811
0 59989706
-192246508 335339631
-148913890 148913890
-865367942 865367942
-323862062 323862062
-517085752 517085752
-554733666 0
0 -989295742
706716784 706716784
977636316 -679336930
304303128 0
239475646 -859706946
572844464 572844464
-985170775 985170775
479107743 -886055425
-478489422 -478489422
-228517208 308191884
-865367942 0
0 863370882
-158330772 -929211330
-21619370 95730808
985170775 0
0 989295742
518443460 -518443460
686369282 0
0 -863370882
554733666 0
217178662 217178662
-7920696 7920696
-7920696 -7920696
61466346 0
0 381173606
-152777053 0
-35332955 -35332955
581174091 376521735
342806603 -741536610
-507415532 0
217178662 0
53904918 -53904918
-953786226 -950324222
-349020368 -349020368
-540540592 -25996693
-519636137 519636137
-148913890 0
0 61466346
32404422 263205803
-538506769 604927895
478489422 478489422
696122425 923555894
397156639 -13422210
153058012 153058012
832031794 696347207
-863370882 0
299390433 -532573578
894237806 -894237806
615477881 615477881
573657380 629640715
865367942 -865367942
0 -153058012
-706716784 706716784
-360820913 704930772
-369726090 -18020262
894761487 894761487
-785814834 -81090912
539603757 0
13176693 583114247
0 -91162811
0 -985170775
-556808000 0
0 -849484047
-395715055 0
-550165317 -867116766
0 -59989706
764745202 -764745202
-523976580 823749777
0 222386710
-730598366 -730598366
182901252 148914876
-572844464 572844464
751083043 751083043
81863007 0
-138832824 0
-192316132 -192316132
21981539 650146834
-973251405 0
323862062 323862062
-983642738 983642738
-437287890 -573807805
-975962565 838123457
-291213025 651957422
0 548242236
-518443460 518443460
0 0
517085752 517085752
0 -983642738
0 465991049
-766214635 766214635
-867032527 915609081
206972879 206972879
306193677 771185025
-519636137 -519636137
128210810 -128210810
739277155 11286624
985170775 985170775
512788545 259996372
-241733657 -241733657
-241733657 241733657
-408131840 -408131840
7920696 -7920696
0 -128210810
-519636137 0
23980695 -836290602
-35332955 0
-35642128 -35642128
-451789195 -194858842
244085441 244085441
-868076761 868076761
123383601 -306415514
241733657 241733657
791921275 531905174
0 408131840
8422632 -32512581
798387493 664475865
-978924922 -978924922
-263163653 -263163653
0 -853518011
-849484047 -849484047
0 -941909767
465991049 0
766214635 766214635
845238735 -845238735
0 35332955
0 217178662
233992182 532538389
0 -204630478
147083 -147083
-894237806 894237806
353050524 -353050524
-206972879 -206972879
-31615897 0
-196254807 359495464
0 -192316132
-465991049 0
-989295742 0
-419238317 929303247
-135291368 -621075347
0 590151933
894237806 0
-810157047 0
0 225962021
0 -521278678
519636137 0
-964862227 0
590151933 590151933
309426740 847832583
-706716784 0
0 478489422
212009022 -365820418
-933974417 357814484
-879716449 -869658019
950603675 -977590994
-204630478 -204630478
715121155 -715121155
0 935546414
890543931 -652518281
556808000 0
0 -53904918
349020368 -349020368
772383136 568846909
-304303128 -304303128
-521278678 -521278678
-323605061 -296784921
941909767 -941909767
0 -868076761
935546414 935546414
-368656191 957652444
0 -810157047
0 828624291
730598366 -730598366
1795404 -1795404
-985170775 0
-689428519 892517557
-148114498 196343685
81863007 81863007
-870962457 0
0 -492773740
-244085441 0
-145209252 136053259
0 147083
0 302838611
0 -554733666
-985170775 -985170775
522493370 522493370
0 1795404
0 -629455546
-148913890 -148913890
-1795404 0
-715121155 715121155
-979916155 966984158
-598473297 0
-295743250 595428745
-179718233 -772231412
725308054 -212768094
-473361025 0
0 -473361025
-379417945 489600764
0 -349020368
0 895927445
868076761 -868076761
0 686369282
0 -206972879
829489260 -206035955
448498569 448498569
0 523483416
983642738 0
-895927445 895927445
-152777053 -152777053
61466346 61466346
0 -81863007
0 -323862062
-828624291 0
53904918 53904918
-506012239 -954392459
467115303 734583451
-323862062 -323862062
895927445 -895927445
938318326 -364467245
998731451 -475285369
473361025 0
0 204630478
-598473297 -598473297
652565238 -112421973
0 -492308519
0 -652128863
0 81863007
-870962457 -870962457
-629455546 0
-556808000 556808000
7920696 0
67324246 455807369
444957876 50728649
0 600596093
304303128 -304303128
-172693997 -333928010
381173606 381173606
989096405 878715561
0 -478489422
-180149361 -786862497
-395715055 -395715055
0 519636137
964862227 964862227
-539603757 -539603757
0 868076761
