1500
0 61677408
0 -122405836
-375312525 0
0 152965614
0 -142933227
-722244835 0
0 -671072813
586936780 0
942018610 0
0 681073952
0 -436694123
0 528150210
-96658020 0
605538065 0
0 201214117
776847417 0
-564797918 0
413852698 0
888920963 0
785422681 0
0 -234881726
-46351488 0
0 -515521952
576764692 0
0 781399904
-770964159 0
0 859653694
335470719 0
-594976383 0
0 -150306003
573509903 0
0 337229994
0 26209490
0 -909584358
0 -997061203
-466403480 0
0 63908672
-942593243 0
0 594355852
-193566 0
501533223 0
0 -756711099
0 -583550976
127166273 0
730459485 0
-883113432 0
375750160 0
0 613950511
0 385227182
0 -824689222
0 279399970
-357673602 0
324059968 0
799496307 0
205943135 0
822797397 0
-486069345 0
0 236387726
-578613294 0
0 140154253
0 935447985
-268762976 0
682172296 0
-158217874 0
-818816374 0
362008417 0
0 629198670
-402285911 0
359034133 0
-196872545 0
0 -629198670
-573509903 0
0 698595703
0 44668634
-826456740 0
-964335421 0
0 86710559
0 392762840
0 853875127
0 776306376
0 -392762840
475643618 0
-497731165 0
0 -261576616
482052300 0
0 178748875
-548438749 0
0 556281089
0 -865247603
0 -665971059
0 872524274
-72826224 0
0 -586965121
0 -602760429
879279743 0
0 671656351
-639423503 0
0 522081892
-929961033 0
855705909 0
476036939 0
860035494 0
-272212852 0
0 519502190
0 29593123
651999031 0
0 -213051569
0 -24797581
580937108 0
109517039 0
-571724186 0
616667412 0
662814825 0
0 83956971
-570913598 0
897645726 0
0 914726173
0 874277577
0 -682361955
0 -915428527
0 -26209490
0 -684863657
606414746 0
0 -960176997
0 627458985
-929751142 0
752366854 0
0 -599272530
-513705779 0
769074437 0
0 -76853267
-413852698 0
895140002 0
-904813246 0
946252749 0
-287405705 0
672097982 0
0 -909606916
-982912718 0
365659636 0
-9742964 0
538078130 0
-315792097 0
0 185376157
0 -436735065
0 202223860
0 -415886138
0 171316590
72826224 0
-285307328 0
0 581367762
0 -585653317
-417259617 0
0 -67495085
823183579 0
0 504525826
-178021737 0
806850056 0
0 -797515810
181349550 0
0 -528150210
0 -43001331
0 -645175555
0 -330064642
0 -872524274
0 673538430
0 413604966
0 -576352990
0 49554708
535767868 0
786563829 0
417259617 0
309094273 0
0 234012629
0 -894152748
0 -222247702
-130264118 0
-928666219 0
0 391832246
578613294 0
451542458 0
0 -238292177
0 -900092067
0 -751305877
-897673399 0
0 988101007
510146115 0
0 200891335
0 226932516
381128309 0
-314552121 0
497731165 0
-463665364 0
0 899957679
656094587 0
691546517 0
-964922199 0
0 687719581
0 823538619
0 -853659915
0 445315540
28741789 0
0 675636574
206477057 0
-307836078 0
0 -733724720
977717087 0
0 305868506
770964159 0
-651999031 0
996182060 0
-482052300 0
0 -949677573
0 -687719581
285307328 0
-473041015 0
-99048334 0
0 194940767
0 402655432
0 -33405910
0 739538416
0 449810592
0 38042522
0 338855162
827850588 0
594976383 0
-42140114 0
0 939703636
-624875891 0
893275020 0
-226559360 0
-889650518 0
0 24797581
0 -285644591
-841982432 0
151964142 0
466403480 0
-75951979 0
0 -278732328
495690933 0
0 -248655853
0 909606916
0 -663665924
-171889945 0
0 -975517590
927701083 0
0 -305868506
0 604350146
571680074 0
0 278732328
485026247 0
-213002320 0
-373346468 0
210552637 0
346939164 0
0 397939598
0 -413604966
0 -792139498
964922199 0
0 -726685219
0 -670228857
0 -280558867
0 436694123
-871279300 0
0 834028770
577587175 0
0 564119667
-320251854 0
0 -459944999
739197780 0
-359034133 0
0 -834028770
883113432 0
544190098 0
0 634554485
0 67495085
-372215094 0
226559360 0
0 -171316590
0 -675636574
0 -834590550
0 261576616
-860035494 0
-535767868 0
-141172235 0
0 99503943
-895140002 0
0 -852397547
0 -622663583
-208797971 0
0 -338855162
-251153672 0
871500878 0
350316645 0
0 229597135
-677039703 0
0 150306003
0 672978227
-309094273 0
0 852397547
0 -730630260
-877653114 0
0 -676068446
0 850252901
-87044942 0
0 604181700
569186808 0
0 -864592916
-736783274 0
904813246 0
-544190098 0
-211965071 0
-864928067 0
372215094 0
0 -173510816
296831475 0
-597022507 0
320251854 0
0 -147466655
0 701898672
130264118 0
-562680657 0
0 -32729016
54430976 0
0 38410368
0 938377699
-544856193 0
0 356622567
-360321540 0
0 -226707972
-192006121 0
0 -281374517
-217825560 0
103682248 0
889650518 0
0 -594527768
0 271571638
264536474 0
-975440408 0
0 989578941
-888920963 0
0 704752138
0 -480465530
0 -47018945
-76135025 0
610767708 0
0 -705036060
0 687515818
0 -256691858
0 581193059
196208420 0
586720567 0
365869259 0
865715580 0
0 377940270
0 662522643
988025488 0
0 -884957997
141172235 0
-983342180 0
0 -556281089
0 974748835
0 666858717
0 -413110845
0 -620891719
0 -499848640
0 942617032
-502308 0
0 742421746
-729857571 0
0 -434635342
322120284 0
0 871656864
0 -227227181
0 -871656864
-97804129 0
0 -893509505
0 260512307
0 960806343
963089365 0
769343401 0
0 -988101007
0 413468412
0 -20011953
-911467305 0
-210552637 0
0 221899486
0 -291166219
-20147037 0
0 -449810592
-798038958 0
0 27668726
644283545 0
0 -619935122
-577587175 0
340858156 0
0 918319510
105139476 0
0 238292177
0 949677573
-196208420 0
-812085161 0
0 -477304436
-38847736 0
-70626466 0
0 726685219
-738697286 0
608758727 0
0 301645827
0 824689222
0 -526873192
-755509074 0
-851668542 0
378462004 0
0 240976484
0 585653317
0 15725189
-105077524 0
0 -617672862
799849586 0
0 362820588
0 -621424963
894916087 0
-256320739 0
0 -416059864
721195883 0
0 834590550
0 -517090646
0 -439341138
199893269 0
-42507592 0
0 13561867
-925830946 0
-188729379 0
0 -226932516
0 -83956971
158217874 0
0 820938623
105077524 0
0 784094257
-894170496 0
133291569 0
0 -99503943
-984252043 0
-537826131 0
0 756296436
0 -10192068
-950065285 0
0 -762949418
-313351184 0
0 619060110
0 187808542
0 -958272261
0 -217104185
812085161 0
0 -781399904
0 7874881
0 637573985
193566 0
0 983444653
0 -385227182
0 217104185
0 -177259376
-256187417 -120403811
-687374352 0
0 -738688816
826456740 0
0 -315314145
-680547670 0
-922000478 0
-476802795 0
-417949558 0
0 -814931356
0 179737557
0 -619060110
0 140896329
519935168 0
-894916087 0
329618172 0
464643346 0
0 43001331
-977717087 0
-318686395 0
0 684863657
-303381939 0
125608233 0
-983164268 0
0 765856778
-273365234 0
-754836401 0
841982432 0
0 416059864
929751142 0
0 963811158
-800346260 0
0 -817412376
0 -413468412
-350316645 0
0 756711099
76135025 0
0 -659978255
0 226707972
-996182060 0
0 -544603891
0 -164366928
639423503 0
728813126 0
283532077 0
0 361267712
911467305 0
460836589 0
-77639364 0
0 871412391
0 -949222399
0 -704437228
0 920510140
0 -496887905
-598481613 0
0 -387898036
457717064 0
-948735626 0
18769156 0
0 -236387726
0 -540809804
-104551932 0
602866267 0
825814709 0
0 -279399970
-324059968 0
608556924 0
497416271 0
738697286 0
0 316454321
-927701083 0
0 -787875754
993132240 0
-205943135 0
736783274 0
0 -92972331
0 -809749573
983439443 0
0 -634554485
0 -187808542
0 -498783807
-522538715 0
-322120284 0
0 -201751383
0 773763568
0 -452841158
-885766842 0
324201740 0
0 909584358
0 -780360741
-586936780 0
915932922 0
428418594 0
0 620891719
0 -221899486
-608758727 0
0 600629472
0 -564119667
-396441818 0
0 -86710559
-768781509 0
0 864592916
306489303 0
0 -784094257
-634941831 0
-26493354 0
0 271309016
0 704437228
0 -391832246
0 218562618
0 106835384
518328359 0
417949558 0
0 -382116155
-551158386 0
-947475431 0
0 -200891335
0 -662522643
854214618 0
322807723 0
544856193 0
0 362466109
0 -765856778
0 758662839
-264536474 0
0 187853119
-240268401 0
256320739 0
755509074 0
0 -224218551
0 619935122
0 -913236005
0 -868999643
287405705 0
0 199574489
0 -683901514
-384479425 0
0 599272530
0 817412376
0 330064642
0 202023353
313351184 0
0 -489237227
0 -445950697
0 -293335378
0 -954111345
0 -216797399
0 699798931
0 -357182781
0 -678749081
102916091 0
274302860 0
0 392695193
0 438505444
0 222247702
97804129 0
0 -755053902
0 715861358
0 637264386
0 -164129295
0 -402655432
0 243420941
-474845033 0
0 357182781
0 751305877
0 -604181700
0 952180396
0 108318232
0 673867956
-954579076 0
91697153 0
0 832106635
0 10192068
0 -191966160
0 -698595703
272212852 0
-823118149 0
687374352 0
0 297985544
0 -187389496
948735626 0
0 -928217615
0 -189221520
897673399 0
0 814931356
-71841260 0
0 242393503
571724186 0
564797918 0
-569821768 0
864928067 0
0 107685243
-453505522 0
996912590 0
0 -682323618
0 -175555083
0 724455239
-79994526 0
0 -963811158
0 767704070
0 -920510140
0 515521952
0 76853267
0 -454324561
569821768 0
268762976 0
0 900870022
0 -38042522
0 52984934
0 -59851035
0 142117603
0 790064693
0 576352990
-326350443 0
0 258128909
0 382116155
0 787875754
0 622663583
0 539714682
-181349550 0
942593243 0
0 -202023353
0 -958404220
0 -316454321
134958273 0
-776847417 0
-151964142 0
0 809523559
0 -932702622
0 -952180396
0 740161919
473041015 0
0 248655853
0 -918810696
-879279743 0
251153672 0
315792097 0
-850644988 0
0 -859653694
-737342800 0
0 -969713504
0 -672978227
56444808 0
0 766400246
268220785 0
0 -894725436
192006121 0
947475431 0
-401758339 0
463665364 0
0 -405863984
66684375 0
0 682361955
944871862 0
-318494239 0
0 175555083
0 -26982708
0 600899006
0 256691858
0 407975666
-460836589 0
0 744233980
0 188655402
328949255 0
-822797397 0
0 20720384
0 -942617032
0 -10731307
0 -588809946
-730459485 0
0 317662516
0 489237227
-842971004 0
548438749 0
-256472300 0
-554442166 0
0 980830159
-773043333 0
0 562470596
948903010 0
312898794 0
-189785583 0
0 807590561
0 477304436
624875891 0
-55558953 0
950065285 0
-102916091 0
350773762 0
0 682323618
0 705036060
-470907928 0
0 -52984934
-602866267 0
-481180347 0
217825560 0
0 958404220
991111756 0
554442166 0
885766842 0
0 -152965614
307836078 0
-342355320 0
-455262340 0
0 847682240
0 752100216
-109517039 0
0 526873192
0 586965121
0 -989578941
-467647682 0
-739197780 0
319121694 0
0 59851035
894170496 0
680547670 0
851668542 0
0 -773763568
-785422681 0
-221474456 0
-91697153 0
-476036939 0
-416673258 0
0 594527768
196872545 0
514354620 0
982912718 0
-365869259 0
0 738059120
0 -178748875
0 755053902
-925181691 0
-782707820 0
0 -835908417
-514354620 0
878889428 0
75951979 0
-731695220 0
-682172296 0
0 -364212347
0 280558867
-702536411 0
0 26982708
704805792 0
-162335481 0
162335481 0
0 -38410368
0 203717564
469184246 0
0 -397939598
0 846130811
0 -823538619
0 659978255
0 -23546210
0 -780579693
0 140646326
0 -22755359
0 23546210
0 -191527681
-953464392 0
0 602760429
0 920139565
0 -258128909
0 -317662516
877653114 0
-512745571 0
38847736 0
-127166273 0
-644283545 0
0 128700382
0 -701898672
256472300 0
0 387898036
-996912590 0
0 -522081892
0 670228857
0 142933227
-823602367 0
0 -594355852
-244412548 0
0 -767704070
929961033 0
-485026247 0
-854214618 0
0 -673538430
0 482719959
0 47018945
-110260900 0
-993132240 0
0 643888831
-147843804 0
-381128309 0
0 -393026735
271136480 0
-662814825 0
-730221781 0
-604565467 0
-312898794 0
0 -816575419
0 -89493928
0 -703108039
0 -755454469
0 792139498
467647682 0
818319243 0
0 669032130
0 635240758
953464392 0
0 -821294596
0 -918319510
0 816575419
0 703108039
-57921745 0
0 -641381247
-271136480 0
-884748187 0
0 -301645827
-728813126 0
0 999923346
0 -362466109
-495690933 0
0 -687515818
381500113 0
-721195883 0
0 201751383
773043333 0
396441818 0
0 -67811639
0 89493928
0 -108389338
-823183579 0
0 65048971
0 517090646
0 879294969
0 -871412391
0 -271571638
-335470719 0
0 875797365
0 -217739580
0 -271309016
-300732264 0
0 -297985544
0 -587523766
-865715580 0
384479425 0
-958022179 0
0 566657088
0 -581193059
71102423 456796888
-428418594 0
0 780360741
-608556924 0
0 307501304
0 874474771
954579076 0
0 -396810102
-76200764 0
-692109419 0
0 707772649
0 -260512307
20147037 0
0 147466655
-469184246 0
0 191527681
0 -48802109
0 -187853119
0 499848640
-378462004 0
-672097982 0
806515497 0
-586720567 0
0 396810102
0 -744233980
-892470785 0
-451542458 0
934978961 0
513705779 0
0 92972331
0 810458614
0 -738059120
-799496307 0
0 -879294969
35815782 0
884841521 0
0 293335378
823602367 0
-457717064 0
57921745 0
0 894725436
-767408827 0
0 877931954
0 -30445184
0 780246109
818816374 0
-66684375 0
-897645726 0
830159255 0
0 -140154253
0 -843823367
-653573488 0
0 -740161919
0 413110845
476802795 0
0 -643888831
-300907456 0
170898998 0
0 -853875127
-365659636 0
0 164366928
-105139476 0
104551932 0
-983439443 0
897574691 0
0 617672862
-134958273 0
0 434635342
0 67811639
208797971 0
0 -937494609
768781509 0
0 786713009
0 958272261
0 42454196
-170898998 0
-569186808 0
0 -128700382
0 762949418
0 -76383937
0 -185376157
0 -61027897
0 -49554708
360321540 0
-999850327 0
0 -758662839
612233595 0
0 -177588945
-158900649 0
307909745 0
0 727581598
0 -874277577
0 61027897
357673602 0
0 -846130811
77639364 0
-769343401 0
512745571 0
0 817792948
0 683901514
0 -392695193
-345882031 0
0 -683087172
0 -194940767
0 683087172
-103682248 0
-186706391 0
402285911 0
-538078130 0
0 -61677408
0 900092067
0 -635240758
-893275020 0
-942018610 0
0 224218551
0 315314145
0 -807590561
0 -530768128
0 -600629472
0 -773786541
0 950126441
-268220785 0
0 -850252901
244412548 0
802872181 0
-510146115 0
0 544603891
925181691 0
345882031 0
718349419 0
46351488 0
-610767708 0
731695220 0
0 439341138
0 -883165339
-381500113 0
0 213051569
0 -252015689
0 913236005
-157650698 0
0 -932984593
-915932922 0
0 -914793703
0 -999923346
0 -643992946
186706391 0
0 -875797365
0 454324561
884748187 0
261959453 0
0 949222399
604565467 0
0 -140896329
0 754750378
522538715 0
0 498783807
0 -65048971
0 884957997
840778401 0
0 -5443663
-899320939 0
375312525 0
0 -790064693
0 -356622567
26493354 0
303381939 0
-963089365 0
975440408 0
103972535 0
-261959453 0
0 -188655402
0 -877931954
0 48802109
0 -362820588
0 -914726173
0 738688816
0 33405910
-802872181 0
0 960176997
0 853659915
0 -960806343
-527179334 0
-605538065 0
342355320 0
0 -361267712
42140114 0
999850327 0
-4851363 0
0 692454620
79994526 0
0 -749247229
0 -920139565
0 -68130499
43131477 0
0 -727581598
0 187389496
689113971 0
0 -699798931
782707820 0
157650698 0
273365234 0
159242659 0
0 -754750378
0 -125398273
0 -471987951
-306489303 0
0 -584582576
0 -179737557
0 -847682240
-893132634 0
0 10731307
0 -692454620
0 -202223860
0 -900870022
-362008417 0
-944871862 0
-786563829 0
0 76383937
99048334 0
754836401 0
0 -974748835
0 868999643
0 980627881
0 -377940270
0 -809523559
0 -373887131
-78704149 0
381462299 0
0 676068446
0 -780246109
0 177588945
-571680074 0
0 -519502190
0 932984593
-125608233 0
-28741789 0
96658020 0
0 415886138
537826131 0
0 30445184
-324201740 0
0 540809804
0 -739538416
-691546517 0
0 173510816
-884841521 0
437002392 0
318686395 0
-103972535 0
76200764 0
-513786499 0
0 -666858717
0 583550976
0 -201214117
0 641381247
-718349419 0
-375750160 0
502308 0
0 994569784
0 -247238449
0 986049631
0 -337229994
0 445950697
0 893509505
0 588809946
-328949255 0
-501533223 0
0 -724084445
-580937108 0
562680657 0
0 -63908672
0 -376149088
0 773786541
0 -938377699
0 -810458614
0 -229597135
0 894152748
-199893269 0
0 -671656351
-806515497 0
-840778401 0
0 -604350146
171889945 0
-948903010 0
-18769156 0
213002320 0
0 843823367
0 68130499
0 -106835384
0 427260584
0 251563095
-704805792 0
823118149 0
0 -151515223
850644988 0
401758339 0
0 151515223
318494239 0
9742964 0
-35815782 0
0 -902099747
0 -234012629
0 665971059
240268401 0
-656094587 0
-752366854 0
0 -7874881
0 -107685243
300732264 0
0 -562470596
-346939164 0
0 821294596
0 584582576
-56444808 0
59296766 0
0 -669032130
0 -218562618
0 393026735
0 -482719959
0 436735065
147843804 0
0 191966160
0 -241786659
0 96260662
0 -874474771
0 -15725189
0 645057899
0 -242393503
527179334 0
925830946 0
0 -939703636
0 -243420941
87044942 0
110260900 0
481168775 0
0 -820938623
0 -994569784
0 -637573985
0 733724720
0 -986049631
0 32729016
0 645175555
-827850588 0
0 755454469
0 125398273
-830159255 0
0 216797399
0 480465530
0 186570580
0 234881726
0 376149088
0 492596645
0 559048644
0 -401409087
617453049 0
-429314717 0
0 281374517
-934978961 0
0 -142117603
0 -29593123
0 -240976484
-43131477 0
0 -140646326
0 809749573
-825814709 0
-855705909 0
0 203459395
-824573622 0
0 391043905
0 -14285911
0 780579693
0 -776306376
0 496887905
-818319243 0
0 -581367762
905007980 0
729857571 0
0 703848733
0 -20720384
0 459944999
551158386 0
0 189221520
0 84048862
0 749247229
0 -251563095
-437002392 0
326350443 0
-340858156 0
798038958 0
410983160 0
-799849586 0
0 -704752138
-497416271 0
-712814671 0
0 -715861358
-410983160 0
0 897851821
-143458153 0
221474456 0
0 401409087
597022507 0
-319121694 0
677039703 0
178021737 0
767408827 0
570913598 0
71841260 0
0 -427260584
964335421 0
-307909745 0
0 -212156470
983164268 0
0 -13561867
-519935168 0
0 -637264386
984252043 0
0 997061203
0 373887131
486069345 0
0 -84048862
634941831 0
0 247238449
0 678749081
0 -199574489
455262340 0
0 -832106635
513786499 0
0 975517590
0 663665924
0 797515810
0 -756296436
-988025488 0
0 -980627881
0 20011953
-296831475 0
928666219 0
0 217739580
0 -983444653
0 954111345
0 -950126441
653573488 0
0 164129295
0 -407975666
893132634 0
-769074437 0
-897574691 0
0 -817792948
373346468 0
0 643992946
0 108389338
0 -44668634
55558953 0
824573622 0
0 -504525826
0 835908417
0 573514915
-806850056 0
0 -786713009
0 -645057899
0 -203459395
0 5443663
0 -391043905
842971004 0
0 -539714682
-741488086 0
0 -27668726
158900649 0
0 902099747
0 405863984
0 22755359
143458153 0
0 -965319649
0 -627458985
-54430976 0
741488086 0
0 -742421746
-133291569 0
0 177259376
0 730630260
922000478 0
0 241786659
730221781 0
0 932702622
0 -108318232
0 452841158
0 -492596645
0 -186570580
0 914793703
42507592 0
0 -559048644
0 -203717564
892470785 0
0 724084445
0 530768128
722244835 0
899320939 0
-991111756 0
0 -724455239
0 -160001927
0 291166219
0 -445315540
0 -899957679
0 883165339
-159242659 0
-489141479 0
474845033 0
-518328359 0
-322807723 0
-905007980 0
0 -897851821
429314717 0
0 -573514915
0 671072813
284540977 0
0 937494609
0 -600899006
-612233595 0
416673258 0
0 -681073952
0 -42454196
800346260 0
0 227227181
-689113971 0
-617453049 0
692109419 0
0 122405836
871279300 0
-878889428 0
-606414746 0
0 -703848733
-59296766 0
189785583 0
0 364212347
598481613 0
70626466 0
0 928217615
0 160001927
-946252749 0
-283532077 0
314552121 0
702536411 0
0 -566657088
958022179 0
712814671 0
-284540977 0
470907928 0
0 -613950511
-329618172 0
0 -673867956
188729379 0
78704149 0
453505522 0
489141479 0
0 14285911
0 -980830159
0 -752100216
0 965319649
211965071 0
0 918810696
-481168775 0
0 915428527
0 -766400246
-576764692 0
0 -707772649
983342180 0
0 865247603
0 -438505444
0 252015689
0 285644591
0 621424963
0 471987951
-274302860 0
0 587523766
481180347 0
-871500878 0
-464643346 0
4851363 0
-616667412 0
-350773762 0
0 212156470
737342800 0
-206477057 0
-381462299 0
0 -307501304
-475643618 0
0 -935447985
0 -96260662
300907456 0
0 969713504
