1500
47399714 -872122629
260772786 507410510
-872704385 53570150
298077082 95603728
559079592 291565294
773445655 405057338
-975562569 911815269
868010171 475587922
471205711 -650174162
252436503 502747071
-596822241 -348282419
167915268 -295968591
-468712801 347355538
675096344 290711084
-30104729 -761952976
-652717308 -38775008
234139015 353122021
-155111858 -3401930
-81575982 -598531691
-662673909 -241949899
793237721 212558749
-160904124 18703478
-488662560 828392839
-492496030 69206436
-502965654 810062212
189112690 -90385936
-552277680 -243918490
192657640 -92838068
1841306 818748357
-141644984 845165310
-299847798 -59925238
-271629111 870343763
-453148183 -839422454
96766213 343494121
-573654918 -874073330
-808942754 971766557
307527180 -299757225
296022408 -737889010
152410432 -820820741
-757780335 347876076
106483983 -715196671
721009238 -236770194
-485139021 -14663501
-319460060 -92057943
127874131 -713807466
-259809979 -323771241
452594802 267234771
197488376 -247738037
757558771 -775822218
365976010 234819176
-652524437 -152816875
887477911 -460018400
828384460 -328629728
-553092276 966523226
665310634 -457948915
634097680 -36280856
-649381972 925420007
841223335 326781403
99327100 -625474972
-781896526 -450583439
297589316 652841133
685201512 -777513067
807835583 -838126057
487011299 -529703809
741572707 -859662211
192994444 -258024749
-806788061 -32735453
-789846372 -864827636
-495929380 193049162
-820235057 229519176
-212672015 324293356
-121074544 -766085111
953507288 140281047
-669856920 214068864
319635958 803838469
-265170656 -494889668
826246234 -608197634
-142556522 477644194
225008690 -469732096
-111807165 114516239
481262025 -950024472
277598671 -280651107
419106166 -748770748
390676735 677631466
78557218 -585440550
635376239 6049351
273868273 143581378
-757017088 413921109
159701270 169997650
197554906 -213333394
302881925 -102849099
-649873363 -346226626
-809729004 428477420
-694178502 -95866225
914294626 -973492225
-424968934 210355525
501516630 264574957
866243844 922091796
-363309228 -756940383
783184002 -925742683
-245408324 -868096324
925496706 -135145072
-690706448 -744153716
-139590581 -76202191
-816571210 -290573339
328354372 -189693032
-847762796 604959574
-930967385 -435388273
198115989 -238526359
575189022 -250618288
784302630 787743990
-227217520 -392718259
-325077743 -693754958
97976999 -368050802
456833673 -421860418
600211731 466871114
-44709001 179524102
766613406 374875783
-105528586 -256403476
-776933271 -88838046
-563910914 -155350221
-371171411 -923203067
894885890 510631001
169884493 -833947957
738400407 232826611
-1422550 823072152
-690252730 -560359580
243094454 92511182
832646039 981941653
382445013 -774518653
987560154 595027874
397067849 580357777
-76282112 -137401120
-499125282 -132545426
702966896 -589547020
697461599 136511122
-713418849 358595901
842290044 -717410765
435270616 -286890252
177168282 -155416437
-121912475 796219701
208897779 -350411770
-217600877 265703915
19703703 -673747482
30802498 -497599211
132948367 -382842691
-345972852 -861275400
-525319083 323760679
957127163 962275353
-715798049 -163781580
-659374872 -747354275
-107896207 -407845412
-400658787 424795398
712707021 823299696
791719220 22948700
-420376640 758985597
738417367 708464616
42548015 -799366950
553179097 -403782034
641491492 -939816886
729030153 422416420
465695646 -523009710
-814468011 -378682871
332482647 -943000983
-230690703 752584811
-293839280 -714145408
-359923604 -22364269
-797425893 -792277703
-89315539 -387087654
439145763 -989180652
-479133098 218224844
-347794892 -457124351
-500396814 200828967
31339515 750749378
123630382 335910403
-587563807 -517152445
-515221315 -725958035
942377171 -182800610
-238428363 -410271635
-356552433 -887030487
-719927418 605995374
18094643 -30598475
-100565850 -837108310
171721251 528040406
-996676070 169316958
-900587218 420355486
380096556 -975038178
-380513456 -58313815
-90377324 738345868
489137664 794238925
514544609 -705572881
210878010 715129299
250856190 -376721013
273378291 -944241190
705149378 -208086210
142534220 -108119496
420475716 -241824102
837953846 508693681
-963371526 -368947061
487673012 145461276
807330280 -210120177
459460549 -626729638
-611303073 -206965043
-372879192 -274510632
627749402 141047870
-23615327 931437560
542213271 -419359133
631131640 168024182
215438546 -683020850
654923299 -682804303
-534174464 641308369
-547078862 -687129040
-767855542 216819494
-797589470 85947775
941937138 881644022
584383990 -40293107
-980151525 236403350
-638670339 267412922
-595985145 -458301531
-31315553 -767858013
246902814 582721114
-645327916 422548212
-330609668 -499196204
-671083720 498194199
780183337 -277606126
819418353 654517336
-653144051 -888808484
701506867 -529045734
795792908 -273632496
254590881 245019027
-151614178 -887570579
-538803947 471299274
-776894688 754714269
199083297 -709906660
-279229591 -148458123
-937830246 138337811
-871030462 691395699
165153303 234635698
-922453499 -130027211
-741112239 953359255
-7372485 -552808139
359997564 -792168565
-716478838 -145228115
-178557057 675441338
-823825359 366515746
768280220 -521422739
-26570044 -486368268
272759306 175919178
-518290685 529501737
78167116 -915640730
48466595 732771916
-119104643 -675866756
-924738878 537768951
676029664 644738811
643323225 -988288619
-490625155 -426971214
-12645220 490321064
319207783 -883800087
-692505547 -509275681
320305788 137363677
-222379622 -466707691
359304444 -494341217
834259174 860001725
-881491678 969528755
955212254 -984778270
-825809395 -547595395
-367214834 270573555
347212581 -869666653
649382288 -23319537
-488307843 -244703717
-631107874 -947775540
-241293583 -572295061
-266439286 -907626334
870422334 -973821432
299475869 -543040364
289899201 157427989
-455391188 204664098
12861989 -419323057
835551481 -321147335
672780023 847853887
-876415927 -997316691
-929360251 280869153
-558251114 -645786589
-544666173 -505606383
-630929356 -816102469
-212784540 488680756
-816973571 -351783854
-228027768 -93537728
959991646 -939037367
613650341 -84689093
-608737782 -767017119
335137837 119509010
-292112864 105715039
915670452 816247115
253704332 -381565170
-831220488 -799476627
161952556 6679415
-189450622 652407642
-123147656 -320818537
191680107 715576318
-967373752 -683487782
-784634718 -291636528
-908519974 756851856
430597693 -828056083
-662729911 -523434377
679352929 -532204958
369709792 -49250473
-433160524 -780335906
-273539431 -343564520
-819780848 14078622
254344547 264232308
-181370786 -547330824
641159706 260795534
105018942 -530664959
201629814 254829887
423891383 -757096395
-40079360 730166243
808959337 666655798
560089935 -367677783
246986306 -755085766
-489102168 -135477239
-424724907 683615273
860131519 509457813
860350578 -87667121
-58572147 685507227
239392294 -11252756
1123732 664085128
62200142 895669377
255782071 475106713
547886972 -267076783
459323627 268974746
598540984 -634104571
-650983553 -627343306
91682087 -822839653
-180491619 887076301
-350451614 340958317
-38650173 31761189
-456671880 -685869863
-759006683 454099885
-476856726 -820543270
478159946 -736170045
919395095 -591347076
776618929 843158617
-555286288 -276351960
337586216 -587481253
-265533635 -622364175
-77044981 857560488
-425569080 977361512
592861184 -927585461
-697786752 -575472239
147505208 514085064
274503645 -447632426
-290929094 273918162
-507531276 -923296998
860890807 -933610591
909302858 -16242787
990172561 -820067964
-371757159 -309234811
468798196 951934957
-687821930 312477326
539156223 192898220
986751392 -885474610
871863356 -154034395
-403108328 -343616825
269584285 554246020
-709970792 -186074581
327708980 168873178
-255563197 -798885787
30443228 -759532633
-438738187 -116977210
951718692 -289098540
-322514216 749456772
75299449 -621583675
865886289 595157020
696181203 154421620
-490035075 -264269513
311386210 -810790237
445989872 539924586
862133713 155691915
259727675 -530541839
-102247717 698593017
818403724 -267848052
-515555627 521161153
614398021 -180886712
864438715 -921404737
795830153 580465927
-712565959 300999324
267426307 784920770
-368739034 714516111
116622876 -267762384
985783198 -515857680
80268402 433866782
-721051150 -58089754
738071298 967541376
422285436 529739254
433335608 105690330
-676023990 -546037619
289067668 398785328
124849930 390233416
884213374 89848005
623210963 165344344
-30814914 -762451761
639131389 440770399
-366654606 -164603478
670533233 -456572721
-192803705 970002574
-668169563 -880218374
-364000772 583019360
637247343 696738846
-421859412 -240781872
389395114 -113301340
-781473772 573500923
-488681358 292248745
-384710629 -417698676
628891487 -55633132
-593948580 514333992
798128308 926914504
-344592251 613618451
697918425 -638194932
140304419 -72746054
-900441691 961763450
396191363 -893829771
728248330 -825369492
-390998207 -797845429
-808832859 138766867
418642561 -629305996
673564443 -423817657
-112282215 360677950
695596218 -748675924
-221769344 -357010215
-40109510 857319185
507414494 -42557752
-874086957 -11356206
-675332769 330599799
-495244585 -693055888
223984679 666331708
-509838515 561510696
-199062577 -151955045
877682090 82538247
-462664267 76234185
-45021290 370946029
-318495583 416555395
-232200787 65459718
103737919 -412106335
-521731629 -275254383
-598676831 755502885
142550340 811435712
-880029370 909059663
-448983331 -413777650
874121158 374408649
641644713 -963812737
580672298 -298097488
570611624 324885000
-576760160 297486843
206534729 -727718248
-138236283 249302640
-377092788 -197228788
507175041 574900433
-108115111 685097664
248058617 159275343
-245295084 -196200185
341193849 -991752745
784349334 -143418384
-77140592 696185435
-583894552 506916407
691420015 672806352
-233209684 -584908003
-225645578 -695648363
-440330778 -57680515
247912395 -338421926
122628871 950093979
457939811 436255083
272128287 -918966151
-895868077 816821053
-305652718 884830216
-114293891 -877627874
556075712 -59169458
417614738 111138688
-265794702 978326338
480381702 691521348
297234580 885862701
-760214753 -510796
759956010 -445992590
-534126805 -429444692
-769572878 101997402
213431029 -709430221
582167384 -148912927
-383744959 37438571
81611091 -678304638
-386560117 930014791
-769014754 -110491812
118159601 -307387706
-211394603 -17835276
-377777294 -58368521
421025788 636481064
325764636 713030105
-787073876 -244388926
-495829784 -1973467
478986767 832453782
917603949 -252775821
154775050 107847574
-834713977 -182538014
12553424 767441354
-629596224 -458963529
-731820030 -458607795
-806203535 -861230177
269964717 524469377
978272328 -804655114
-199038607 515368462
-293308744 -593741184
284678092 -865668116
-262386987 402753149
921243796 436090953
12428979 -862373709
-293635342 -559757846
169299318 -879455520
-551673053 -632474566
676311375 426651607
-214524548 -4768067
153957033 -552116038
211138585 -323130466
627916495 672111931
-277221714 -837781963
-819004172 774288238
555197342 -561302214
382930907 -912865665
-301036945 400763323
-752723050 -184951110
-894634527 -123563185
-35888671 -656963600
434409377 -420980971
-560868679 -579437204
433742063 -731624409
799899065 -966869586
622370351 317452998
-685648925 -601943744
505488407 178912754
826884305 851839453
-839068053 319010583
338402374 -430357395
-348123916 -189736776
-300347355 462298474
208263837 -9099433
-385731477 -790718364
551326696 -416337739
-162829798 187902850
-723737909 -175210062
585020899 -687618145
-795848929 101808088
919307406 -290945524
924885977 -929722810
61012030 414977988
375833068 -941783394
-95123405 -181673907
867400469 532113369
504066668 248726395
133214692 -22475571
-264577677 624402628
464807042 730170794
-545109055 267673803
382853444 -524871484
-534029479 240770870
-817543231 189553011
-72697781 454675480
135679794 725652789
-365194739 74342841
990898524 -487986362
-588204037 535908017
105511013 -707131765
988337114 816395185
995530095 577930372
-998732822 -761742551
-525063402 -462620751
561217676 -290984216
771489484 165515313
843832283 925618405
815442704 628821640
-717830914 -604867099
-76683761 730823877
-872553258 -337596790
-34469066 -195560197
-200264191 -214442535
-938568962 -805838386
-174921116 -599018738
-248784477 845357999
198004551 16192574
-740338863 279376238
-253174423 -500164749
718260099 379649171
291621199 -668376819
271366093 974793685
-61948455 196745575
262542820 380767744
865017645 -548573117
886895371 -553925926
805636816 -889528696
-462346073 -538362163
81951427 -678662830
-5796857 -243511000
635741797 -356926641
466981411 -727837851
760884254 -910817099
125088264 237365300
883845576 931258338
-629254255 906508638
-321607549 405619250
450954408 107633989
726998656 -320947050
-873226553 -838020872
421092573 -301043498
345551738 -383867372
38062095 -242426786
-709821002 248122433
-970606872 -807778428
-177078111 376902170
-277336101 -981023890
127546316 682196886
-489186480 523787456
-370491632 -962243220
-78022271 -246327728
609959121 -841604508
198915524 98115721
-333843090 -567551234
649560066 -534848880
-741017744 335130593
588935858 23430821
70960295 222670223
-33242410 -782858292
-768245073 -668711800
-826431039 84077275
520106215 345998650
-47205765 -317127531
-320647343 662108994
176684100 -301452439
80356764 483281455
-106392270 244340378
-434722257 -458435305
433130263 687760221
-228817276 -929590638
862375100 568287751
771074589 68065481
950275568 -661095380
-215311599 -207353616
161122347 851706981
-25213897 -309375939
-84151563 219268293
-72961191 -890688589
-612987708 -347604222
-620405955 122032933
-607559200 801016965
123586675 335757250
-448683051 365732683
604531702 325227693
431090254 491631112
-701906786 480973485
-801740067 -512330258
221679372 -321443709
-469395269 -66005024
697028994 391112934
124747357 -661599159
-157230746 -962271753
-499619340 257220776
-586768018 -851742603
995829238 119077193
-51100220 649547202
135839939 106735555
318903858 26739090
-305292903 -335553353
538716909 -651870597
424245417 390748241
-466417674 760857346
-938371088 -815463725
-931461350 -380681744
-890927946 -451059482
140743068 -999606366
-355942373 -501939262
396469269 184977920
-227010004 -219717709
528567263 -618525097
16197918 -507300397
-120922036 -61568865
-43617048 -475747271
-554158923 417846476
-312929397 282564966
746559128 -174286367
-693502363 562146300
-369132215 184848066
324268672 -472333128
-771884588 -308464604
865176508 797660693
155711861 873869769
-773678898 -271750395
-85825793 696975165
582181552 894391787
219838422 -769937679
728204189 369996136
-400996582 448510044
341840582 -783734948
-104736724 -287041153
230385668 -228692692
61013828 -281423937
-845550093 908275825
155463015 569733342
-484209485 -126083039
169578446 786753171
-880465777 -378523952
692115998 -491335614
331205811 201621104
-88449489 -840228418
396422292 -888483366
540924127 -30923212
-353337328 -856649660
-659091229 -555630375
929548396 -315622368
-388124048 -845990667
-698515645 769645345
-311905849 -170485778
-646620778 -615469920
356580853 -420352410
918503267 86388467
529754977 -715081686
319188109 80364634
123558145 831151867
-232549554 -383424444
-810408261 379198704
-40750428 -293037310
383303565 493021225
603257501 506595774
-469267166 -614564800
-325168364 303658294
-610535685 -354076948
290336149 -149048744
-163963111 -248554285
575146521 500978485
-440974612 252342516
444261870 394761338
779877432 888417460
-204778546 -834105434
-214078758 503736522
-754456427 -229243645
-599436901 46781835
-321702532 -758358593
-259085980 513810486
-126092543 -88689757
883985073 813649718
-203148675 -744711656
147224687 -784671027
334453070 263432993
-191635936 354077463
-184289688 -387760495
666932547 -179720984
-604271405 -686869786
563507352 180486058
509325668 71924324
-386406568 -869102309
-357009289 232838581
125139481 -566534390
511739060 -433980593
-342663738 -710245634
-432316329 145155541
481454051 -531249611
315225037 -940929920
57209204 -528069340
-638421130 -40144293
285244311 375176311
116386934 591801881
335664826 -331242339
477665061 537569223
577623648 -840137953
-750093282 -312605329
-9823399 -285943039
-331691012 514477809
357232746 184231576
-330546740 836339127
-781399053 -787943212
-155879150 -336817784
833284879 -632754834
327888644 629210289
-572718696 33764330
30659307 435094401
-349557658 461767655
-534248570 -269385063
-538169408 -713240358
-146869114 28497210
-293829049 -63147196
-295453507 -887737095
192522586 917677234
705714879 966359487
-247712162 30532240
-350823190 -243095552
-714073338 -270402917
440518445 -829241278
-448239814 -201268411
522761340 -44165528
-824094558 -813652676
786605101 408274102
-931245316 -313795640
415341197 336236133
-202085120 183829762
5906719 134333798
841417951 451534022
-661202896 108844770
-639536871 421435136
-395372282 -799382216
-110673381 -787459303
-417514363 -460112197
114292710 268357513
-392417038 -396660209
-236378226 -673750439
-337898509 -242979011
107398513 -273299249
-609299140 276772193
-707282151 647066325
913785211 -675586655
-241013547 -526463997
-303588025 -141588083
-423581884 517728008
216368153 -46102906
658844903 759025869
175210456 -288763022
325557024 499454526
-948013713 -4324794
905310296 -393764580
-586070374 43649408
186585206 -423052408
-386048322 552646616
-311894567 -515524202
-444182469 -909142547
-797619460 888801154
-657222422 682646744
-941007282 169928098
240793963 -121571910
561216339 -848562052
-785597253 520823334
39148065 -722492455
-623379364 -559653810
548964770 -994473354
-843932789 545831464
486747729 -983518253
-588143211 779053188
398695670 -190715896
-555410494 -729043904
814622429 550752861
-894246158 157243830
-934183779 -870069691
-793222163 898836198
-620862291 510657345
-269222068 432243228
-250197106 929525650
886237375 719655146
-322548667 394320486
455248127 226841448
-625858794 565129932
734350137 -822344141
174240390 -272186280
109300328 -904719992
-443674874 281680382
535493639 112445268
-856795576 824921926
772055521 601478185
685850630 -632154976
-828520506 859987977
-50282925 -418554155
267293187 63501949
272686053 -158482987
514514596 890077890
-707391552 -501419030
-41964242 58213525
-715499409 -885377147
925130767 -722759625
280608838 -145492108
947595489 495950125
355615194 -32854229
-530475682 9870624
-186836914 -944633187
502672901 -559449184
-905837216 900690416
778783070 -171235217
320738276 -50803838
153777762 403345949
-243113831 -462399922
78703921 577527766
-122343732 -597324963
249361891 971376619
22788683 -425018156
313733689 -797445581
956002526 -136843641
879061017 -655294643
-203228568 680697216
446451595 -46718182
-291789236 672116152
-199959818 -306743438
771848978 879576616
161349857 -150509561
146657062 94365524
183473737 -132410406
887974583 -184964303
-618588478 -212615888
157225167 442666044
-377589801 -510303601
762947932 -467366114
-135710869 320413476
-351925114 -542273995
-276736170 -799677897
-222602151 72658032
-973369134 581823455
993175155 667079482
-170239401 -403102165
-163928266 36433666
200479779 343132405
-559956647 -765444774
-403585771 -96174659
361777626 191759020
832195594 -325106561
201059857 -649461696
574096657 138251582
-210778668 -512639613
-938131655 2781678
-82035859 281130168
-102956145 -568933226
365748020 150909658
-922592770 859363092
-812261370 -357252244
726312965 466873513
415628736 -750928646
-555711620 262391855
-506470727 307741532
-226357268 -946567966
-247504539 -748959110
517265907 -127744660
493248447 281199636
604617084 -182783496
265427222 153779854
-932849625 935583791
-696359173 -827719769
-71595806 56720221
825262564 -876467218
-485784131 -96862205
184863526 24479185
-417608829 -414759810
664350902 -456930471
-839856605 -932167245
120451143 -977073913
-368272061 -44752154
328495136 1548628
261488370 -570050869
599398396 -703752794
-839147248 996241069
262443218 -882480890
459362973 -269150473
-443264143 -495991105
-245319142 433949886
201303167 -216346820
-72706062 -90709057
392832774 335447649
-24586197 334680608
605244663 -789407827
849607275 143255301
-944768056 599957345
-882836778 501494740
-488137778 42629194
932899398 -584068525
-576523090 498714858
-111557770 -277058509
-209622820 823021913
-343064850 -145888180
668138639 -450861756
205002336 -377732154
-662687549 -159721265
839570553 572127898
-146639336 960234638
321020079 -450698983
-185704877 268829663
246817524 -734887569
447802426 -946973923
-403443926 295217701
934620987 18658799
-704913867 -832854592
63992246 112220955
868745466 350159341
928308194 529471071
226717346 -686518242
127984492 224441910
58282282 -398345911
902764542 476761110
-634208442 -393760604
-304136765 -786494425
175392128 -811233470
735452474 274337421
-171857371 591518576
578135336 797570656
-430474173 -679982671
-256140455 -901166482
594558399 253009939
-13411313 -52403530
-153746763 929853331
-377271155 680766688
51191070 -683641687
489753985 868016709
-454544426 -792847953
112785742 437536286
-156699687 -288995520
-591096010 -810212256
-807047086 -11846251
646713309 -783874509
-455276157 -23562510
-261866731 -526588309
854509488 -57626169
230911980 855362247
-224145908 -776814112
36428785 -809593537
89044205 349673129
-682107339 297798198
269313229 429120421
-190037707 253068803
-395838154 160212722
-767816648 -583974376
-111650332 -233657204
-180821124 -229993799
131932535 106413141
-485029481 -80826454
-696818184 -68804050
-536289138 509749285
843724934 -403938107
319533433 -86284719
-764013471 336201691
-567578577 486257236
-343021167 -343415912
56005621 714228202
-563198118 118235331
594710991 307631180
-308788097 136296994
-395173415 -931430635
-703452912 -212525059
895347550 -735747677
-531373674 -482770358
285258909 -581168407
465726875 -241883480
-892785839 -736834558
-905173803 919556100
-411210931 -733437001
394986964 738970777
-38781526 748825911
-869659910 407324404
-410524702 317232019
-487435161 -752566730
-373929017 -917345299
-197645929 -245602371
831740347 -324670502
95792565 453919011
-456055536 -187075456
-718916425 -448654786
-59055307 -728885904
-31430423 743534386
-249374498 198965765
760827388 -802465936
644176095 -42671813
-653116566 -387121466
228724863 -660108871
490450856 -815772077
-13502589 494071050
290934794 9154033
321466422 -335639769
-338078140 -639827920
-560733114 -275697560
330886121 995842977
780419950 387167154
694226902 971276338
800750005 702404655
-943647289 -343865296
-642849131 -910009524
379353844 -77206788
622514418 -479855544
-129735813 -295236552
392174667 -71709192
-351532557 503223333
514512916 198173532
134174913 -945343401
188625718 102704082
505091916 -432788181
757721436 -302879193
847341717 903880768
227944691 -543774371
717430364 -113888814
-489714687 892988086
-617233669 -849729700
-255050854 -321219285
-327792840 980798294
-700219248 8273549
-328261540 -45540032
-123214055 237563254
-903661367 29735803
825993900 434692011
988279350 -541936587
843429323 345739305
-554050123 -96630576
550292071 -634138970
464818477 695982431
-822773169 -722592203
342752211 900431913
-849245834 716277089
717424891 441665845
47523167 -68288558
620902161 -93221637
867344624 -544504239
38011645 -461629469
150346051 -373100343
-741254999 -946477703
219338255 -730680032
-270029505 -838337350
-172589215 -811121941
833185045 872383520
422415277 127336672
-656571492 98949410
-68839096 -300825835
860242097 172814559
243242746 -117032577
-322783539 -933395561
919715848 -614454033
-377715832 -716708578
510579649 27399122
-616825081 906953185
-853463465 163430645
610477703 586299137
-717211612 -548556416
-20971095 906178135
554689244 434910150
-650768115 -163001611
-525347829 880775761
-315101696 -805427620
-966559247 690418563
-490288126 -830027336
-197703255 -313834366
-303849096 889282475
242377888 -341077377
20081706 -67453769
-608797625 559662267
301289839 -281316354
-145459382 -934550588
-502065199 604242124
270956682 -379305487
-14730975 887220790
127570414 825731899
-216378382 -243084396
-425931873 -519754963
966758571 673375819
-293738228 56994420
-458293816 476924952
703169999 486493511
80835512 -792513035
-161432167 -236536770
482294167 316720280
650081026 -552947859
-297901161 324089701
378544509 430165013
120976124 -224612611
-564553323 -779036588
746903521 504184508
-670779739 -488092102
44895133 480680273
-403045166 -883208521
458432064 57520463
-606167379 1462024
-629849477 429765184
-324843159 -201369990
-655619272 66568823
-205184535 703267856
-526827046 766998330
725437713 -10618775
-526366822 545308688
9366564 917724382
400959558 686264810
382167993 -928834438
199098256 900999603
-733280930 898130390
-135345956 918556788
754027691 516217685
-483944220 531359635
618607139 209581171
439053793 -915094507
-25100553 -149179492
791908837 965548291
220174832 38431400
444279825 -381861856
282838732 -244048984
-311627337 280510545
-675113405 756072576
214650702 498536672
273784961 329273938
-221928967 617643574
480561468 504130070
-690072065 -744794547
360967639 -567504509
-414252340 151208205
-144651207 278306982
-712898279 24581141
-57606400 760592912
-623181284 -354811548
378928226 -797372520
-267805136 -598526803
842009205 559579412
-994535877 -465791783
-312260141 726319198
-997896965 -962691284
44649427 81578485
-790909872 305093715
192123552 -94956259
252012007 -516739050
167393223 -984382381
329010151 -461829160
465563856 -951418797
216416189 64019437
331679374 128023816
-850262067 314759794
-356953333 -687954811
302655790 29352887
-581932256 35707422
643204428 448863437
-64815777 -957353532
-462893395 -392482033
-741499731 -329252686
630325727 -653103467
-27548856 916140063
604079503 -155571224
652547565 -498818259
99827649 36622423
-265383901 -64601836
246070621 -897377705
-126361132 -373745061
650575316 -557583761
-163242148 -636125132
913163318 129565835
687899465 832188212
783017039 413256056
-979043210 -992344391
-329925425 650738556
613608302 714822489
-125395292 -200499895
604126840 -184736193
-309000855 -209898391
822176620 -966247802
-387943404 434964731
131221609 -441240445
768243470 -44690746
300006112 -798950753
820625363 -543568826
638635211 350095601
-493611352 -745461828
152451665 -493509572
-336681542 -215599826
695907207 374838790
-606548482 -180412493
-364540559 -413834787
620359897 143907407
-519532895 256835041
-650109063 -190265137
-269888441 540810462
-239294805 -547715386
18600359 87545109
41111010 -873602641
266136537 -946890185
-267126359 475214567
-335748897 -443317231
894840349 782386085
46590009 -794915927
113813021 -701937695
-437254686 -824562625
470261769 305027478
-790638512 919715206
357807232 232608382
268064955 101076375
-641515219 876256962
-873085488 894766080
301889930 -955886061
-743602930 -241143154
-546210326 561750236
190549141 761430895
-641551274 -417068728
659638473 225998726
-610328400 -414584931
-494044855 -822463561
796570267 300902419
744153543 647218516
608601341 410956478
137917353 -21503720
-188857916 -358354289
-786161040 -909483029
-324617206 152551884
616891920 -538356517
784429822 -831900584
-724050847 185605909
103805378 456122638
186993320 -925183010
541051117 439833057
-222744596 839194201
900056897 100914634
426130748 537525130
-767771796 -707230938
-143597120 -535286117
377598390 -139357319
740515073 484845896
-153540570 237012172
525922515 -720385562
532929447 391068628
-323271067 177258624
-598385201 -572948086
-981250310 -853942428
-173561669 -728166078
215421339 983953880
723349988 -625405689
235086915 -680646323
796826698 -903744106
837219775 558326355
-721338471 615107531
399608369 162644327
-363285497 643659216
-386914831 -31017812
-345855948 482840849
963755955 -317385223
973652515 155817172
800611951 986078463
-155986415 820425647
-145375216 -37989787
-472736080 762816819
735258663 -538170660
-595608529 946189964
-308007586 14472845
-230269277 -61323230
161382918 -334549581
-472722924 758312496
761362639 296512579
-272868555 -925914518
629991191 624801088
-437324329 929315356
-587499773 -157341972
66784450 462295400
953469383 -87739902
410333158 445538839
848321182 -537319010
605691673 887200780
33323974 318764851
-356428712 -132903144
-114403957 783314247
-746592653 -68236320
585640723 120652474
929233191 456234617
635445016 694309799
-40006053 -433425240
804654495 -826310092
150450844 328173532
-233835626 30667000
182259633 -750155677
-305278931 345178169
-448798971 -589634036
-97169791 -547747688
787962577 139309068
895853965 486593743
-333247310 -265283393
-310034479 379008533
610496459 -613940951
953795899 -738121696
-496896689 -934298033
-66333507 -394771446
67314376 778222248
114095607 -170321009
-388609038 -868956425
-234057599 -33313369
718967058 458025347
-402940661 -13975955
-423877298 387579594
-604959207 560389948
561371462 -465823505
-400186834 599152183
240934712 287387564
-447331196 -463810275
723555252 383518040
-893319519 471105192
206592286 -461328934
411030473 -499253529
-844256417 -20569649
773868108 -716555329
244049552 12062813
-57708882 -165422569
-321209930 -395057558
-474341032 -785669052
-299887554 -93087291
-260167776 341678356
935349213 691217334
328573614 -616538115
78966234 159860806
178007059 -247961390
703122655 508998172
52941770 -811506825
208369637 -720658130
759864279 854616254
-380948540 -84689021
-952793205 545998883
-334488994 -710713271
-540222796 434051280
139630707 -446736814
-161387705 853834421
898082271 521359321
-513972965 425737999
256871002 -191055177
196081594 719780941
-501846892 -177213128
-752941813 684089535
434453581 142031005
-540565816 432001676
617884040 829842973
642192899 21184227
-254406333 -60911989
922847928 -576399787
603860883 713123120
18967372 -349303858
353978576 -44260357
572596546 -219795058
728134047 435774700
505185348 -176777905
-241989933 -224926120
-481353735 -946679537
415834110 385434229
-379594683 -368455337
337001264 -212999539
-611063243 -95725658
-525429198 -87364632
575535843 -864580756
928715603 -30552534
936352231 -569121236
755751783 380533538
-248418141 425681437
-707431400 -528322974
580530856 992374832
672371233 891806553
-905950782 285840164
-646343496 751324541
-822520951 188956134
40476844 215843168
-388416920 327835972
-45923082 -508444990
-233444600 -166142183
661956308 -451219506
931866724 -894604452
998121325 -901915249
-871158762 -804212154
-427054081 -512975717
-655408347 872932569
702163157 111667629
-479816606 -403984124
495516762 -700411386
342192324 471573575
-909167878 -748479144
-173912247 -179670664
127934702 -530796571
-398295309 861096201
-156046089 -459313520
786834543 212674921
-505674072 206698173
-309044983 136678498
150909458 549188213
-467480908 462441218
102068127 -748539411
-518758335 -173559264
-387127562 743874899
-493646426 -933197099
561369313 -75862185
-654178737 806255139
661770894 298519258
-82818898 842449777
-672143778 -205100046
-872249383 649419334
65158141 -660327280
-674345102 -572805233
944460113 86357539
148835847 980175146
-880194017 -8042906
81591112 -281354486
-286827459 -437036665
-230914764 59344453
307771936 321593886
-610515241 499403172
-662337099 -572405099
125450924 -436806217
-660974138 596033620
-249562641 -66272713
815211898 535056605
591737730 443334372
-186750421 -62068783
381340495 245978526
436135277 415984224
-69127848 -517001232
-436276629 -168798395
728054936 -587338267
-109331992 -379636836
534124945 -384383766
-748897101 551939306
412560296 -314167675
-371418609 -256394040
-935333197 -452365505
981571129 932398454
