1500
-799186008 799186008
777969382 -777969382
895754143 895754143
-139505830 0
335570655 335570655
415809616 0
-839485194 -839485194
-961147500 542521696
456446568 -472622953
-285787556 0
0 208231744
-563391803 -420122487
107450190 544656544
682306765 119992922
0 -321298831
807254851 807254851
0 -117727234
853077482 323948169
0 -319683849
323354277 -323354277
-131059572 -131059572
788778218 -788778218
-853031029 853031029
270430418 0
-197811655 -197811655
-565935850 -565935850
684206562 876588118
3753675 -523350858
-804313808 -804313808
-410195960 0
-239377573 239377573
235242268 235242268
888031193 0
896362470 671120672
0 131059572
737346788 -737346788
-825811487 -825811487
-204336556 -204336556
-403652021 403652021
337735456 -255225177
0 377497044
0 -687414983
-131059572 0
128753823 -128753823
-946419395 0
-313761222 -958541610
285787556 -285787556
89095030 89095030
-815209461 0
149506450 54026110
354143243 610008021
-190592337 858615392
488143383 0
321298831 -321298831
0 128753823
-195806758 -309538486
0 -839485194
-141483233 141483233
-470498098 470498098
-45562333 45562333
-460752888 460752888
-825811487 0
0 504436429
-839485194 839485194
-202974305 674047633
239377573 -239377573
270724963 -324832622
877745919 -877745919
0 957590030
597793314 -449244595
-173940193 173940193
-443206592 0
-8239123 8239123
0 -804313808
-730759218 265423494
-366986231 150174360
-687414983 -687414983
0 -419133104
-248020738 248020738
0 -601855615
-333325167 0
568482824 0
563723159 -818442546
283686615 0
-263798315 -263798315
0 712304426
-875515263 102368619
-588802556 588802556
-786561627 -642132237
515866993 552729252
717442216 -717442216
734043797 0
35954054 0
17445325 17445325
403652021 -403652021
-219525521 244715533
-839485194 0
197811655 -197811655
-132794197 -132794197
313999033 0
-806952637 820130489
836448229 -836448229
377497044 0
0 733442054
-283686615 -283686615
0 816555277
0 -263798315
-937663333 937663333
173940193 173940193
-854218804 854218804
0 211651964
0 299517396
0 588802556
744953034 -744953034
819191412 -659947438
511079985 -832369480
460752888 -460752888
712304426 0
-173940193 0
214814292 -214814292
-319683849 319683849
-292416584 -703584554
530238360 -530238360
555569912 -318018671
0 410195960
-868253012 868253012
347862996 181347064
169269934 333404259
621331901 -784323721
-117727234 0
893367873 0
233369968 -91736578
953445193 948845177
-270430418 270430418
-465492065 -222049779
0 -248020738
868240795 -868240795
-408612601 -159877915
381712868 839457482
0 -173940193
0 463781718
-285787556 -285787556
-597966664 -838518032
733442054 -733442054
171454162 850222134
-419133104 -419133104
-831149541 910782237
-279830806 -279830806
283686615 283686615
0 -396965163
0 -737346788
0 -89095030
807254851 -807254851
333325167 0
-139505830 -139505830
954601499 -161280969
-71822820 785863886
-468930722 468930722
-568086384 -568086384
0 807254851
443206592 -443206592
-86608923 186585437
477258520 477258520
313999033 -313999033
572837069 -572837069
43382219 43382219
-530238360 530238360
700680897 700680897
204336556 204336556
0 -8239123
264527139 9222057
527753182 0
-248020738 0
-175736299 50108317
-888031193 0
-987089745 0
0 -807254851
-53157226 0
-491507457 758202850
-468930722 -468930722
0 -323354277
235242268 0
-167498479 -78047776
937782777 -345658285
591948349 422118966
0 211307638
309367799 -309367799
0 836448229
839485194 0
-208231744 -208231744
-61377735 -61377735
248020738 -248020738
0 -197811655
261710806 990067992
285787556 0
0 530238360
-263798315 0
0 488143383
0 139505830
263798315 0
0 214814292
-235242268 0
-403652021 -403652021
821401460 821401460
494859764 942844417
895754143 0
488143383 488143383
717442216 717442216
-946419395 -946419395
263798315 263798315
910306861 0
-788778218 -788778218
309367799 309367799
-321298831 321298831
0 -209311502
144397526 -144397526
0 162635556
-396965163 -396965163
-804313808 804313808
28698222 447171925
540804321 540804321
0 568482824
-323354277 -323354277
870590498 0
0 -85438018
318237494 867100917
64747200 776323796
-737346788 0
0 309367799
-601855615 601855615
664805303 565393995
273038156 224900107
248020738 248020738
132794197 -132794197
-92436419 0
500361897 -500361897
183518108 -183518108
131059572 -131059572
-504436429 -504436429
0 -132794197
-868240795 0
567492727 -282731278
-132794197 132794197
0 173940193
0 272923756
325877197 0
-693763792 -925064775
0 470498098
0 263798315
0 129424615
-45562333 0
139505830 0
568482824 568482824
-278264393 979753602
0 270430418
-214814292 0
-815209461 -815209461
969988990 -969988990
-973899336 -842466614
-633973350 -633973350
208231744 208231744
241354893 -27735797
50552988 -178300117
0 -568086384
573574291 573574291
546828317 -473640494
0 457076939
61377735 61377735
0 -444505492
-808154447 -245509596
0 -42792537
-969988990 969988990
58486652 -58486652
0 -299517396
17445325 -17445325
270430418 270430418
372881707 -144676504
48149152 -48149152
-431518020 -948280667
331474460 -301888176
527753182 -527753182
499982722 -499982722
-165397267 843025173
699064205 224555141
0 -717442216
0 192485894
-594228890 594228890
-657750764 657750764
-788778218 0
-8761957 0
568086384 -568086384
-343568381 0
-377497044 -377497044
444505492 0
-45562333 -45562333
-444505492 0
323601275 478232594
0 -272923756
0 -530238360
-488143383 -488143383
0 -799186008
0 868253012
764398861 147771952
110922946 593751043
530238360 0
-761754817 610770044
565935850 565935850
-504520573 -149296258
84940907 -763982971
132794197 0
0 -239377573
239377573 0
92436419 0
500361897 500361897
-939123835 -631840817
-58486652 -58486652
565935850 0
919615243 -769078493
390585241 -12241630
0 183518108
-317614431 834483720
910306861 -910306861
0 558594072
0 -257469327
208231744 -208231744
833673994 39546130
8761957 8761957
-968473722 0
0 -500361897
729616116 -799865144
-117960842 -34175219
74864054 822616789
0 -733442054
470498098 -470498098
0 -343568381
-633973350 0
616065837 -597917439
0 -868240795
-323354277 0
682968148 523333459
-801513863 -603307504
0 375275346
867579546 -250244094
-868240795 868240795
-910306861 910306861
-499982722 -499982722
-364900263 817599074
239377573 239377573
838539948 838539948
53157226 -53157226
-248020738 -248020738
-976147507 -792993089
601855615 0
854483785 -918391152
0 877745919
-488143383 0
385717274 -385717274
0 500361897
0 219042827
-893367873 0
174978954 -442616759
85438018 85438018
-700680897 -700680897
-204336556 204336556
0 -910306861
0 239377573
-711035976 -429449668
0 -208231744
-980187944 99706332
-211307638 211307638
540804321 0
744953034 744953034
117727234 -117727234
141483233 141483233
0 -565935850
116443807 940868845
-117727234 -117727234
-279830806 279830806
-893367873 893367873
700680897 0
211307638 -211307638
0 968473722
725001809 -939556272
-854218804 0
-419133104 0
0 -854218804
860760770 219431076
323920774 167881540
309367799 0
0 -460752888
-573574291 -573574291
-209311502 209311502
496106563 -369713813
-17445325 -17445325
0 141483233
61377735 0
0 144397526
0 -558594072
-734043797 0
-115581363 480625789
-895754143 895754143
343568381 -343568381
333325167 -333325167
-993103258 6319928
-816555277 -816555277
0 42792537
876282221 207186951
0 -643058516
409012918 330267189
-321298831 0
0 633973350
-844371533 554586413
455898993 -347237494
-679338627 -679338627
35954054 35954054
-518995423 -359087895
-36447924 -832910875
946419395 0
505280132 941973258
0 -877745919
-183518108 183518108
-895754143 0
389134921 -810564064
0 -375275346
427247391 -823248844
0 285787556
494092174 -625384216
0 45562333
192485894 192485894
816555277 816555277
899978062 -547841182
313999033 313999033
-8239123 -8239123
816717346 265568690
-488143383 488143383
0 -61377735
-599647504 519143327
730926120 0
488338235 -488338235
0 815209461
-583809015 -887800202
0 -468930722
131059572 131059572
-804313808 0
0 323354277
855071067 545383160
946419395 -946419395
468930722 -468930722
0 870590498
-657750764 -657750764
733442054 0
214814292 0
-730926120 -730926120
230786788 766526286
582353342 0
0 -183518108
-643058516 -643058516
786158772 -786158772
415809616 415809616
45562333 -45562333
868253012 868253012
733442054 733442054
-325877197 325877197
-131059572 131059572
-712304426 -712304426
438541664 543422979
870590498 -870590498
321298831 0
141483233 -141483233
-838539948 0
8239123 8239123
470498098 0
594228890 0
588802556 588802556
-764162265 -764162265
-764162265 764162265
0 499982722
330068266 330068266
42792537 42792537
683188562 748687802
604191737 596315833
-415809616 0
717442216 0
-209311502 0
335570655 0
0 540804321
0 701514229
-375275346 375275346
836448229 0
0 730926120
131059572 0
279830806 279830806
715292903 842468162
375275346 375275346
-283507556 982685654
893367873 893367873
799186008 799186008
-162635556 0
185651777 -965688987
687414983 0
-463781718 463781718
100484171 -648769024
-799186008 0
0 -211307638
-277155464 475795877
173940193 0
-183518108 0
0 53157226
119162973 402150886
877745919 0
-61377735 61377735
657750764 0
-953369702 -286157625
460752888 0
0 969988990
633973350 633973350
280567586 -196229862
0 132794197
0 204336556
419133104 -419133104
-115119853 38244040
-377497044 0
-499982722 499982722
-211307638 -211307638
870590498 870590498
410195960 410195960
-565935850 0
-209311502 -209311502
0 -968473722
0 330068266
-457076939 457076939
-379706790 -233644088
-625174438 -687635240
-868240795 -868240795
0 -946419395
0 -211651964
-343868259 343868259
-893367873 -893367873
527753182 527753182
0 -540804321
0 92436419
89095030 0
181132562 867931857
270430418 -270430418
-193096149 -864917182
204336556 -204336556
-62260083 584032035
893367873 -893367873
720985965 938209418
604529633 -736627248
-499982722 0
396965163 0
0 717442216
540845973 0
-573574291 0
825811487 0
0 -377497044
0 -895754143
463781718 -463781718
764162265 0
-957590030 0
0 561077521
987089745 987089745
36853804 -250580984
540845973 -540845973
-857639981 968527936
304748057 642073267
807254851 0
395502673 48022238
643058516 -643058516
-907771298 12669747
0 -588802556
-540804321 540804321
572837069 0
0 117727234
32896349 -638444652
246223196 -194506340
698289288 -792216741
719104775 45212971
-211651964 -211651964
0 853031029
-799012356 -444671608
0 -17445325
-214814292 214814292
0 946419395
-825811487 825811487
-377497044 377497044
330068266 -330068266
530238360 530238360
-52020266 -701094265
601855615 -601855615
0 -700680897
-144397526 0
274933040 -41751117
-8761957 -8761957
477258520 -477258520
568086384 568086384
687414983 687414983
0 -53157226
-540804321 -540804321
468930722 468930722
-208231744 0
960930211 456858615
-633973350 633973350
488338235 0
0 -335570655
0 -128753823
139505830 -139505830
0 325877197
58486652 58486652
541461149 294236950
-687414983 687414983
463781718 0
368223168 -879009564
-500361897 500361897
-343868259 -343868259
-946419395 946419395
-847529143 847529143
595996049 595996049
-836448229 836448229
-588802556 0
-734043797 -734043797
-284277918 -620021916
730926120 -730926120
-730926120 730926120
-457076939 0
778998443 -695722674
443206592 443206592
460104633 -63731366
257620319 85872775
0 804313808
183587787 -183587787
48149152 48149152
211651964 211651964
-820346548 874163098
-42792537 -42792537
-415809616 -415809616
0 -633973350
566917946 522279622
-309367799 -309367799
-807254851 0
-64300399 489128808
-703131327 -792354659
192485894 0
-838539948 -838539948
-679338627 679338627
-810711896 30630098
618593651 -335984854
239289821 609055153
0 893367873
-831364597 -550457061
-272923756 -272923756
0 764162265
0 568086384
436295081 -132121457
788778218 788778218
703653434 -825981308
594228890 -594228890
-960793601 259595839
343868259 -343868259
257469327 257469327
702715946 639046803
-298753797 635734830
-568482824 568482824
-821401460 821401460
737346788 0
853031029 -853031029
219042827 -219042827
173940193 -173940193
-141483233 -141483233
343568381 0
688515900 940167305
816555277 0
-786158772 0
0 43382219
764162265 -764162265
0 -786158772
0 -457076939
-888031193 888031193
317855706 571525046
-363787639 61319235
0 888031193
0 -561077521
582353342 582353342
-162635556 162635556
-58486652 58486652
0 -470498098
0 679338627
0 -463781718
52597592 -549348422
-208231744 208231744
-701514229 -701514229
-239377573 0
504436429 -504436429
-125569169 -441708558
-996299515 -862343242
0 17445325
582472373 -336015908
-208289880 825355728
582960322 -260208472
836467870 463968421
871464838 30302886
0 183587787
804313808 -804313808
128753823 0
396965163 -396965163
190098500 288538125
-343568381 343568381
-338892047 -238615600
633973350 0
-53157226 53157226
283686615 -283686615
0 -270430418
375275346 0
992579571 -34548954
-636036986 309764179
595996049 -595996049
-542079080 411465451
-463781718 -463781718
-129424615 129424615
-691375787 -812816542
409965980 -832376289
162635556 0
-111630361 -213442977
-744953034 -744953034
971129859 589921
463781718 463781718
-77695663 -306617729
197811655 0
868240795 868240795
-773472258 -622840618
-129424615 0
625910675 -801473540
-558594072 -558594072
679338627 -679338627
-910306861 0
279830806 0
470498098 470498098
-463781718 0
558594072 -558594072
517162744 -517162744
-299517396 -299517396
675110868 771032089
895754143 -895754143
969988990 969988990
-853031029 0
-239377573 -239377573
-330068266 -330068266
0 910306861
285787556 285787556
-173940193 -173940193
-8239123 0
-957590030 957590030
910939708 -541356631
-561077521 0
-58465509 -380860504
767025555 855067850
48149152 0
-679338627 0
-92436419 -92436419
0 -48149152
0 335570655
-333325167 333325167
-734043797 734043797
804313808 804313808
975399247 511441212
183518108 183518108
968473722 0
-968473722 -968473722
-129424615 -129424615
968473722 968473722
333325167 333325167
777969382 0
0 -987089745
-396965163 396965163
0 -572837069
804313808 0
-595996049 -595996049
0 -744953034
842050052 507198664
-991153728 963871694
151473124 -602645101
-443206592 443206592
568086384 0
957590030 957590030
-733442054 -733442054
0 35954054
-340736225 127508860
799677037 -13223813
-717442216 0
-299517396 0
0 -540845973
-836398371 -584814274
-987089745 987089745
-969988990 -969988990
325877197 325877197
-838539948 838539948
-338514985 -701601571
-568482824 -568482824
777139249 302975354
645569254 -456191741
-15561991 799065061
0 -403652021
-375275346 0
801900806 -83496266
-396689141 -50884980
599810556 409256179
272923756 0
377497044 377497044
522667035 -976073288
868253012 -868253012
-868253012 -868253012
565935850 -565935850
-48149152 -48149152
-957590030 -957590030
730926120 730926120
-141483233 0
325877197 -325877197
777969382 777969382
-420172913 646101996
764162265 764162265
435476098 -828239598
0 601855615
-613915948 -183147252
-85438018 0
517162744 0
-568086384 0
595996049 0
-821401460 -821401460
-700680897 700680897
-540845973 0
-20743892 -981142315
272923756 272923756
-146411238 544542685
343868259 343868259
-612138771 -607733928
161505830 -689393964
183587787 183587787
0 257469327
0 737346788
460752888 460752888
-257469327 0
-3656237 -606142110
-134401618 787152533
42464897 987895387
-162635556 -162635556
385717274 385717274
873847357 87249184
799186008 0
-643058516 643058516
-192485894 192485894
0 -870590498
0 321298831
-354753312 -117588432
582353342 -582353342
0 594228890
-398164059 135709093
92436419 92436419
0 527753182
-816555277 816555277
-872454124 -258054640
0 -141483233
0 -204336556
-330068266 0
0 839485194
488338235 488338235
465709140 634538642
-89095030 0
-385717274 385717274
-561077521 -561077521
815209461 -815209461
-582353342 0
-836448229 0
0 -162635556
-396965163 0
-325877197 -325877197
117727234 0
-263798315 263798315
-91063051 -980691182
-43382219 -43382219
343868259 0
854218804 -854218804
-255039716 -839500352
568482824 -568482824
-283686615 283686615
272923756 -272923756
652789843 -968701748
-744953034 0
0 -283686615
852873792 287119561
842299217 -186926460
-628241728 -700351837
-219042827 -219042827
0 847529143
-706856175 -587701096
0 -333325167
-764162265 0
-477258520 0
0 -325877197
0 248020738
838539948 -838539948
0 85438018
839485194 -839485194
402427800 646754043
323354277 0
120051665 -463883128
-219042827 219042827
500361897 0
43382219 -43382219
209311502 -209311502
-542641433 -176581482
-733442054 0
299517396 -299517396
-279830806 0
838539948 0
0 -838539948
-572837069 572837069
0 -712304426
-595996049 0
-700680897 0
204336556 0
0 209311502
-305400080 815693755
162635556 162635556
601855615 601855615
2830068 -552124501
208231744 0
-500361897 0
933493195 -604089672
211651964 -211651964
445405687 408269402
-144397526 -144397526
594228890 594228890
219042827 219042827
-330068266 330068266
-484638560 -243492179
-204336556 0
0 788778218
-867640364 -646343105
613500549 489534445
0 -517162744
-485167888 -21462699
558594072 0
0 -313999033
-380722418 -54034282
-335570655 0
-570581557 -145335240
561077521 561077521
-847529143 0
444505492 444505492
-517162744 0
-877745919 0
501373456 -165309064
0 -92436419
957590030 -957590030
-733460914 -661516118
869647670 -98811608
-733442054 733442054
0 61377735
-460752888 -460752888
0 572837069
0 -868253012
0 700680897
422779800 205028476
-743243200 -835772569
0 477258520
825811487 -825811487
58486652 0
-877745919 -877745919
-313999033 313999033
937663333 -937663333
207655475 -207193447
-849588488 627119251
783823584 -747367967
279830806 -279830806
377497044 -377497044
-488338235 488338235
-573574291 573574291
235242268 -235242268
-117083497 -512884695
-321298831 -321298831
573574291 0
0 -58486652
-35954054 -35954054
479957105 357425992
0 -131059572
933829207 -116635851
0 -410195960
588802556 -588802556
214814292 214814292
-48149152 0
0 -385717274
-325877197 0
-410195960 410195960
-558594072 558594072
660312725 -304799108
0 573574291
937663333 0
0 -573574291
-444505492 444505492
0 444505492
209311502 209311502
271592315 -966456334
-17445325 17445325
0 -144397526
700680897 -700680897
-385717274 -385717274
-807254851 -807254851
0 -343868259
734043797 -734043797
-43382219 43382219
558594072 558594072
786158772 0
599000829 944104839
-824282035 -442074436
-58486652 0
-999857517 -446766134
0 -488338235
42792537 0
192485894 -192485894
0 565935850
734043797 734043797
385717274 0
0 799186008
8239123 0
396965163 396965163
-790053111 -806707316
-415809616 415809616
701514229 701514229
0 313999033
-235242268 235242268
-74434093 -826849809
977063101 -334101117
-582353342 582353342
488143383 -488143383
-343568381 -343568381
0 -415809616
589612250 335748176
815209461 0
-219042827 0
-183587787 -183587787
-870590498 870590498
-257469327 -257469327
761088080 -851542188
-109026446 811077604
921612350 -659358893
-769722933 856028892
712304426 -712304426
847529143 0
-48149152 48149152
-558594072 0
-582353342 -582353342
0 777969382
0 -853031029
-854218804 -854218804
540845973 540845973
-799186008 -799186008
-128753823 -128753823
-816555277 0
-270430418 -270430418
0 744953034
786158772 786158772
836448229 836448229
375275346 -375275346
0 -847529143
0 -183587787
825811487 825811487
-777969382 777969382
537498186 -895178758
132794197 132794197
0 -129424615
-595996049 595996049
285395567 -478258285
0 -657750764
-342614787 861062160
-888031193 -888031193
-588802556 -588802556
-935082889 585226489
139505830 139505830
877745919 877745919
-687414983 0
-926333373 317524733
-730926120 0
-570440931 556028306
-836448229 -836448229
0 283686615
-504436429 504436429
788778218 0
-272923756 272923756
624987470 77044549
0 517162744
888031193 -888031193
0 595996049
0 235242268
657750764 657750764
335570655 -335570655
-701514229 701514229
-645179251 648609232
-429888250 -963985277
-57423346 -307247047
816555277 -816555277
-211307638 0
319683849 319683849
937663333 937663333
390827387 -525891841
209311502 0
-380641392 204776316
821401460 0
-807254851 807254851
-35954054 35954054
-940366209 801671473
671354055 782589541
496989801 -463135324
-313999033 -313999033
-488338235 -488338235
-816486581 -577738830
0 821401460
994260366 274130651
-8761957 8761957
880154586 446344030
579072448 -563929039
0 -568482824
0 8761957
0 319683849
0 -8761957
701514229 -701514229
0 -235242268
-540804321 0
657750764 -657750764
403652021 0
-139505830 139505830
-285013752 835723999
-659607193 855150532
0 -764162265
701514229 0
0 -836448229
0 415809616
-701514229 0
0 -595996049
-196492826 -928701141
0 -477258520
-937663333 -937663333
-778378753 273067135
0 -815209461
-870590498 0
257469327 -257469327
-987089745 -987089745
171330886 432986066
-737346788 -737346788
-287869175 405149584
0 540845973
573574291 -573574291
-235242268 -235242268
-303829399 274208591
-283686615 0
53157226 53157226
-577353454 161773110
821401460 -821401460
343568381 343568381
-393923943 740793474
89095030 -89095030
799186008 -799186008
0 -330068266
403652021 403652021
92436419 -92436419
-85438018 -85438018
129424615 -129424615
-313999033 0
0 582353342
0 279830806
-270430418 0
927209673 -760390427
169678371 -769474996
643058516 643058516
-786158772 786158772
457076939 457076939
579079590 857118133
-309367799 309367799
504436429 504436429
701295339 -274728495
-89095030 -89095030
330068266 0
-608357502 282715966
888031193 888031193
238844474 -278132065
-694147939 -170371837
0 89095030
712304426 712304426
305596425 233514912
0 895754143
0 343868259
-937663333 0
20006894 -732625464
987089745 0
-389357836 -263667695
854218804 0
-192485894 0
-319683849 -319683849
0 -214814292
687414983 -687414983
0 643058516
-527753182 -527753182
-527753182 0
0 343568381
-197811655 0
183587787 0
-460752888 0
390693318 454756954
-385717274 0
128753823 128753823
0 0
-89095030 89095030
402783928 629444006
0 -888031193
-859653180 -294228918
517162744 517162744
-85438018 85438018
-530238360 -530238360
785855471 558036893
0 -219042827
874123079 522577560
211307638 0
321298831 321298831
560537681 606982224
443206592 0
-527753182 527753182
-92436419 92436419
0 -582353342
-214814292 -214814292
0 838539948
-219678219 346621057
0 -309367799
323354277 323354277
910306861 910306861
0 -45562333
419133104 419133104
-251033014 -264850999
-809201907 -59103962
162635556 -162635556
-211651964 211651964
144397526 0
-419133104 419133104
-504436429 0
-712304426 712304426
0 -594228890
-361638933 -96461483
-53157226 -53157226
-568086384 568086384
299517396 0
0 460752888
-150016853 -36806952
540804321 -540804321
0 -937663333
-285787556 285787556
0 -279830806
-601855615 -601855615
-299517396 299517396
934957339 910609849
839485194 839485194
-804899130 761660826
-319683849 0
319683849 0
0 488338235
219042827 0
0 -139505830
211651964 0
-128753823 0
444505492 -444505492
319683849 -319683849
0 -527753182
0 937663333
-117727234 117727234
-786158772 -786158772
957590030 0
853031029 853031029
219143155 -511008806
651298179 165845633
614641343 394557505
-192485894 -192485894
468930722 0
45562333 45562333
0 987089745
-673521847 448012049
45562333 0
-566984580 882755288
477258520 0
0 -488143383
-444505492 -444505492
-868253012 0
-565935850 565935850
-751830110 -285215638
-304886915 855156502
-517162744 517162744
-95865105 658863881
201128040 -765512924
0 385717274
-138716873 -814928496
-877745919 877745919
253194446 -696792682
-642140812 224035393
-635903613 -934898761
815209461 815209461
0 403652021
-144397526 144397526
0 -499982722
-777969382 0
-910306861 -910306861
969988990 0
8239123 -8239123
0 -43382219
-323354277 323354277
-333325167 -333325167
365561712 977564696
499982722 499982722
561077521 -561077521
-470498098 -470498098
744953034 0
-777969382 -777969382
-216014263 446771673
853031029 0
-375275346 -375275346
572325914 -795997509
-132794197 0
-61377735 0
-558468471 708516746
847529143 847529143
-477258520 477258520
196484431 -262068159
-869807418 861427589
-643058516 0
-717442216 -717442216
-657750764 0
895448171 450806499
0 419133104
-43382219 0
129424615 129424615
0 786158772
0 -893367873
-55610816 -547278134
-594228890 -594228890
0 -969988990
853733129 865235864
0 825811487
-870590498 -870590498
661993024 -664388795
-540845973 540845973
197811655 197811655
660501904 -701254638
61377735 -61377735
415809616 -415809616
419133104 0
620420122 -533365000
601100414 159548512
0 854218804
0 396965163
299517396 299517396
499982722 0
173432199 336277411
643058516 0
0 -679338627
457076939 -457076939
-337754095 -99315021
519609366 -694928704
183518108 0
0 48149152
53157226 0
352992980 -589800231
0 -192485894
-530238360 0
-717442216 717442216
-958707520 -354062263
504436429 0
141483233 0
927422938 666194921
-42792537 42792537
0 333325167
752690891 687831183
0 -957590030
0 -35954054
-197811655 197811655
-477258520 -477258520
-969988990 0
0 -788778218
804535602 181039559
81000168 -749911561
-540845973 -540845973
0 -730926120
-815209461 815209461
215906663 -12210246
263798315 -263798315
341918382 607992494
572837069 572837069
-128753823 128753823
83063716 954219487
0 -821401460
0 -825811487
-183587787 183587787
-853031029 -853031029
0 657750764
-968473722 968473722
561077521 0
-410195960 -410195960
248020738 0
129424615 0
968473722 -968473722
-842242862 -106380811
0 58486652
-713730876 905838496
410195960 0
-183587787 0
-500361897 -500361897
-309367799 0
-263471096 -198499187
457076939 0
987089745 -987089745
-488338235 0
-422715066 529313725
257469327 0
372535765 -182458107
-77080787 919560137
-403652021 0
-895754143 -895754143
-572837069 -572837069
746500667 227723274
921858673 379194861
-821401460 0
-744953034 744953034
0 734043797
17445325 0
679338627 679338627
0 8239123
737346788 737346788
0 -734043797
-17445325 0
847529143 -847529143
0 -443206592
868240795 0
-572837069 0
-211651964 0
868253012 0
-134714359 -595944456
410195960 -410195960
43382219 0
0 687414983
0 -777969382
-517162744 -517162744
144397526 144397526
0 -816555277
0 -701514229
8761957 0
-594228890 0
35954054 -35954054
-561077521 561077521
798334117 889245484
85438018 -85438018
-847529143 -847529143
-601855615 0
-568482824 0
-183518108 -183518108
679338627 0
-470498098 0
-737346788 737346788
-443206592 -443206592
588802556 0
-457076939 -457076939
854218804 854218804
0 -285787556
237414448 977013498
-292161134 -343398790
-749246431 281888138
-343868259 0
0 868240795
42792537 -42792537
211307638 211307638
-680219782 -310444820
-788778218 788778218
633973350 -633973350
406600043 -785399920
8761957 -8761957
879242307 -235774928
0 197811655
0 -504436429
0 468930722
-272923756 0
-335570655 335570655
392623279 219155015
-924492339 906402729
117727234 117727234
-257469327 257469327
138146472 -444548368
85438018 0
-335570655 -335570655
-878792742 660912029
-930700478 93141290
-42792537 0
0 443206592
-712304426 0
-35954054 0
946419395 946419395
-468930722 0
