1500
563775096 0
-38646300 0
0 696759471
-227218763 0
56531543 0
38646300 0
0 -307720763
411658462 0
0 961031697
-936685080 0
0 -852274632
0 389917458
0 291976646
0 202547603
0 -771167080
997127968 0
-753472405 0
0 514182169
0 -13433578
0 455402844
0 506841913
0 -314230972
0 -479823448
-32778673 0
0 636272379
0 541107506
-947495164 0
0 -604353369
-364046192 0
0 -719029754
0 -653549652
787668456 0
0 -83377222
35805961 0
105537477 0
-703604060 0
242154196 0
0 -382704886
0 76398235
0 244218367
-821108077 0
187474184 0
-605135197 0
0 -960575907
0 -506841913
0 -321194725
701329148 0
-405361866 0
0 -751591510
871302544 0
68260310 0
-317482088 0
0 -727032949
0 104107133
-501872487 0
-289440009 0
997648389 0
0 586511187
0 -115275678
0 -547471587
83289504 0
708284164 0
634328228 0
0 284082314
0 -929013829
-760057716 0
0 72243652
0 442288910
0 -289874330
490403419 0
-145459777 0
0 348601949
0 -263988659
-26659988 0
-398276215 0
0 898031130
146007458 0
29052483 0
0 -514182169
-665856046 0
0 -302589462
0 569948662
0 -824492524
62278340 0
-590787456 0
0 -671712401
-484350139 0
-676976739 0
905321178 0
0 559422431
0 476233094
0 -971178252
-343874527 0
0 657268992
0 -639681141
0 313790198
952707443 0
-342836089 0
-585893877 0
0 -595784783
474420268 0
0 921826264
0 -53340265
40492731 0
0 -311913761
0 -188795351
0 488762050
0 -586511187
-596759212 0
-777806772 0
807717462 0
0 -16047522
176895983 0
0 685939311
-766773604 0
0 611949851
0 249689688
67237959 0
0 243370916
-133777474 0
0 -818528635
-377896229 0
891616735 0
649973546 0
0 627684371
0 -901203539
0 -718262924
0 -898718403
242289065 0
362327237 0
-734559111 0
0 -426299336
-931087942 0
871944385 0
0 -913200709
0 122778741
0 496582275
486453563 0
567501249 0
-980872443 0
0 788318967
0 488852070
0 -124502680
0 -121327548
0 -307597563
-692692845 0
0 -788318967
-514913885 0
0 460443641
0 969893682
0 988438300
7430102 0
-649548161 0
0 -773434067
0 -660530533
-237737260 0
690415306 0
-633142829 0
-294294681 0
0 -476233094
917874034 0
0 -597693964
0 479823448
747861700 0
0 686283791
-423165190 0
-350003337 0
839186466 0
663818931 0
0 519334046
-107322755 0
0 -969893682
0 -264535015
0 -115522136
-29669165 0
-672665607 0
494265330 0
0 380597636
-978300174 0
0 493281836
959807832 0
0 -963111192
-113824875 0
-52161483 0
0 850673578
411690959 0
0 729843320
0 525442459
0 287957792
-27652389 0
0 -151533314
0 530358814
-301632613 0
0 156282296
-274058361 0
260415095 0
0 264535015
-601270908 0
-876007997 0
0 735296633
221486564 0
0 -76398235
0 966352398
0 624310258
0 795792259
0 746359532
-272467731 0
0 -348601949
0 175881323
0 199946325
0 424867126
0 -742889493
0 751591510
0 -77214404
-379545987 0
0 -271556375
5141116 0
389965269 0
-220869637 0
890001687 0
0 870360805
-629407263 0
52161483 0
0 500762792
0 504254758
658382865 0
719977819 0
-592128573 0
940356403 0
-394026305 0
-798308750 0
-924006932 0
0 -937548027
673631878 0
0 -798395739
0 528991634
112973681 0
-968197405 0
0 -967145344
-675504962 0
343874527 0
0 -424947049
0 -849267799
227218763 0
0 139436572
0 -918144291
-457260538 0
294294681 0
0 913200709
-503131971 0
0 698364958
-665693639 0
0 13433578
973069752 0
0 -100044863
0 649579758
-973069752 0
579157554 0
161432314 0
0 -426223946
-439636041 0
749392842 0
0 340425854
0 609701074
-586766135 0
0 -559422431
991654932 0
0 -921826264
-7399555 0
0 719029754
0 187270829
0 -574445522
21282047 0
0 -344156225
683637553 0
-321758742 0
-242154196 0
0 686559059
0 263988659
0 -372649292
0 -85483862
0 77116686
0 478022375
0 -389917458
-982859374 0
0 -60287684
514941059 0
-305586464 0
0 949423488
-654126533 0
76684069 0
-389965269 0
0 918161248
0 678547928
-992965057 0
-3972670 0
0 -913975678
-237019365 0
0 268952877
0 875481081
-430772273 0
-150232600 0
0 598158518
-348355606 0
0 660530533
787292402 0
-928691883 0
759727600 0
-294992397 0
0 -603438992
-362327237 0
377896229 0
0 -627684371
37694480 0
592128573 0
939601773 0
-939601773 0
0 -649579758
0 -537911124
-508202772 0
0 -525442459
-942506130 0
0 151533314
297320701 0
0 844831011
642101458 0
0 -478022375
-929308474 0
0 -438085015
0 -82812783
-590519687 0
-139865944 0
-587354233 0
-642101458 0
0 -598158518
769515473 0
0 199123914
0 -380597636
-997648389 0
0 893651871
0 901211750
0 -556792258
0 -875481081
0 -839981272
0 930052252
0 -442288910
0 890329347
0 88540538
0 -630607594
534637705 0
997868295 0
-135553362 0
-260415095 0
422980599 0
357677502 0
0 -364564972
0 -209091451
154730137 0
817768770 0
-834373928 0
0 -419380714
-297320701 0
0 -771015808
-651165246 0
-161432314 0
0 -64498609
0 -600322419
0 -221144717
0 77214404
0 127676473
0 901364767
-890001687 0
0 -353578646
-68260310 0
-5141116 0
-357677502 0
0 -496582275
0 -202547603
0 50382791
0 -849544908
0 -171857212
902561613 0
0 -493281836
0 -910311362
0 821285867
0 -184991658
0 798395739
863060262 0
-301777219 0
0 412957204
405489262 0
0 -303529728
0 445881908
0 -844831011
0 300344133
-940356403 0
342836089 0
0 -398263474
0 -365225051
145459777 0
0 -445881908
0 -159101948
350414607 0
0 36194679
61917571 0
0 -36194679
0 515023112
0 -530406111
0 -708765513
0 -818923530
754859992 0
0 -614341146
-916081615 0
991141989 0
590787456 0
0 -853216838
26906701 0
-440597499 0
0 376711903
0 818923530
0 898718403
357947559 0
597486419 0
11571105 0
671915189 0
110514141 0
0 925846954
-255955612 0
988895069 0
652260191 0
-318234319 0
318234319 0
-579157554 0
370449236 0
-110514141 0
805728539 0
-869750283 0
882204711 0
457260538 0
293696225 0
0 -827029832
0 171952585
127977358 0
-327627957 0
0 708765513
0 -898031130
0 359961523
0 -412382616
-77583740 0
0 852274632
69978592 0
-500967460 0
0 262722086
0 -216293661
-710622331 0
232354309 0
0 200636837
-388679764 0
0 -319006300
992965057 0
0 309110198
0 -516901261
460865200 0
0 -283095941
0 -225756611
-251041830 0
0 516901261
-759583238 0
-328642861 0
0 -374067478
-597486419 0
665856046 0
-107112293 0
0 294938690
789742679 0
790698649 0
482609424 0
0 831529481
215427365 0
0 -104107133
-971273541 0
-611991331 0
379545987 0
0 -160323062
0 -574392515
-397707989 0
-656748865 0
0 91775441
-352528028 0
0 -444548218
500967460 0
178587909 0
-460865200 0
-952707443 0
-991654932 0
0 774830609
0 -542776117
87501560 0
0 -187270829
571265981 0
0 443368216
-232354309 0
0 634165724
864777415 0
-422980599 0
0 -607006642
0 53340265
-283077226 0
-67237959 0
946914203 0
0 -528991634
-979252353 0
-290716812 0
703604060 0
0 -488762050
0 170516803
-839186466 0
364046192 0
684576889 0
165192962 0
0 224507096
357388027 0
790086050 0
0 581804261
0 773434067
-671915189 0
0 -72243652
-961679908 0
0 269816368
220121223 0
0 -243370916
0 790391358
0 -725920435
0 -439387961
476459787 0
0 -244218367
0 849544908
0 184991658
0 -539490462
-719977819 0
759583238 0
0 -478549028
0 -5577063
0 908931912
0 376165744
-936558121 0
835685669 0
-486453563 0
-223192508 0
876007997 0
0 -462322523
-357388027 0
405361866 0
0 426299336
423165190 0
0 -696759471
0 438085015
-11571105 0
0 771015808
286140086 0
0 311913761
0 556792258
922344898 0
-683637553 0
-118166331 0
0 827029832
989871742 0
0 -637807377
0 -739860818
0 -950211694
0 -698364958
856433321 0
0 -686283791
0 844804266
974309465 0
-331451469 559862497
0 283095941
0 -746359532
107112293 0
-329027225 0
0 -660765744
-998280733 0
821471124 0
-136877726 0
901854871 0
-320478742 0
343644904 0
0 620696925
-452453811 0
0 -601404691
0 21238548
0 359445652
0 167786239
0 -611949851
0 421017988
-184466831 0
0 -787920415
-601987861 0
400758978 0
976476430 0
0 -899066293
0 151246553
-844837165 0
0 -453920278
0 -497994274
0 462322523
-609402365 0
149011395 0
-187064702 0
-563775096 0
-365714731 0
-754859992 0
440474520 0
0 344156225
-411658462 0
0 -795792259
0 -4833843
0 846012215
0 -547506738
-658382865 0
516297366 0
0 929013829
-218052169 0
107322755 0
0 135624564
0 595784783
0 871299960
478221362 0
0 901203539
0 -421017988
543238666 0
72101153 0
0 -735296633
0 -790391358
515779095 0
0 172177620
-56531543 0
-112973681 0
-509914870 0
-16725478 0
329027225 0
348355606 0
0 319006300
118166331 0
-569966787 0
934463766 0
305586464 0
-293992634 0
-38316304 0
0 16047522
-527207841 0
-929246695 0
0 205020494
0 614341146
0 -217723297
-856433321 0
0 929576734
0 188824605
0 -473849005
0 -237354660
0 552900345
-221486564 0
0 -199123914
0 -959089970
135553362 0
286064309 0
0 -564299748
0 597693964
24341126 0
0 257769683
766773604 0
0 -675485958
609402365 0
-964926886 0
0 -21238548
-474420268 0
-731803700 0
0 966269016
743950229 0
0 303529728
7399555 0
0 -396096519
-901854871 0
-810630579 0
-507848787 0
0 818528635
499937614 0
0 -21279613
0 349887270
0 799787535
0 -620696925
0 -908931912
0 739860818
605135197 0
936685080 0
0 -657268992
514913885 0
-915588709 0
0 -871299960
929246695 0
0 5577063
968197405 0
0 217723297
-589921997 0
0 -191544361
-396274234 0
0 963111192
-37694480 0
363304200 0
-57606578 0
0 464156212
0 188387062
0 -606534476
-979524023 0
0 826805548
-6471649 0
133777474 0
961679908 0
0 -501796837
0 712570262
0 910311362
-357947559 0
0 115275678
0 497994274
-323538124 0
0 718262924
-974040198 0
-543238666 0
113824875 0
-974309465 0
730656208 0
-154730137 0
0 547506738
0 727032949
0 336399448
0 160323062
0 -868309273
692411340 0
301632613 0
0 20018798
187064702 0
0 291657897
0 188795351
-366717859 0
585893877 0
810630579 0
0 250323364
294992397 0
0 -608100503
-174802995 0
0 -413661596
-400758978 0
465576783 0
0 374067478
-708284164 0
979524023 0
978300174 0
0 -58933680
0 730924217
-864777415 0
0 -774005132
0 314230972
240151273 0
734999141 0
929308474 0
0 949304709
-535700171 0
547063110 0
-981069373 0
-31005534 0
0 365225051
-193559019 0
0 183019287
-369819854 0
-943350530 0
543226856 0
-634328228 0
0 -414741598
0 -961031697
0 -118364443
-534637705 0
0 64498609
928691883 0
0 601404691
0 725920435
-563217955 0
-499937614 0
323538124 0
-946914203 0
0 -626325001
-83289504 0
-759727600 0
981668492 0
0 150036570
0 -943095851
-77847099 0
0 480565431
622869064 0
0 -581804261
0 -686559059
-934463766 0
0 900801876
869750283 0
665693639 0
943350530 0
964926886 0
-164044315 0
-749392842 0
77847099 0
0 -893651871
0 -161877738
-176895983 0
0 -770283600
560308013 0
-76684069 0
0 -319344281
0 216293661
0 -262722086
944622849 0
-991141989 0
0 -569505838
0 396096519
0 -302834559
0 16860941
3972670 0
0 -850673578
0 -199946325
925490254 0
676911613 0
-339394491 0
0 237354660
0 774005132
590519687 0
484350139 0
0 -249689688
-258955290 0
936558121 0
0 -52674959
0 930784233
0 -290120246
980872443 0
0 -411574665
587354233 0
0 -831529481
0 203562113
0 -460443641
0 -115864789
0 -826805548
0 839981272
0 699364383
0 413661596
0 411574665
0 290120246
0 -122778741
466165242 0
0 -552900345
158678463 0
589921997 0
0 -135624564
448128056 0
0 272264488
0 121327548
-851638500 0
225523858 0
-997127968 0
0 -88540538
0 598782690
0 100044863
0 -478126652
561921037 0
0 -365272152
654126533 0
698831137 0
0 -530358814
0 -923593167
0 188675126
508202772 0
0 -634165724
-922344898 0
0 -504254758
-187474184 0
-854889689 0
152500629 0
0 302589462
0 -181377809
-835685669 0
0 -250323364
998280733 0
0 -645420858
601270908 0
0 -176167539
0 759349608
0 -609701074
0 -272264488
0 814139835
0 161877738
-787668456 0
-158678463 0
-871944385 0
77583740 0
0 272312696
0 959089970
0 -412957204
0 -617671640
0 -712570262
834373928 0
0 -291976646
0 -411788210
0 748991751
0 637807377
862311967 0
-302736559 0
0 -358891015
0 -846012215
0 950211694
0 967145344
394026305 0
-149011395 0
-440474520 0
0 115864789
695547250 0
821108077 0
350003337 0
168776280 0
-509624163 0
676976739 0
0 -821285867
193559019 0
0 307720763
0 -890329347
0 -22081322
0 -770150783
-690415306 0
0 555737344
461218131 0
302736559 0
0 -20018798
0 -569948662
0 478549028
-730656208 0
-577243887 0
0 960575907
0 -897492643
0 603438992
844837165 0
-152500629 0
-884439270 0
569966787 0
-262905849 0
0 741903466
0 606534476
-673631878 0
-698831137 0
439636041 0
0 361275218
0 249313744
0 -678547928
0 601270216
-127977358 0
-902561613 0
164044315 0
0 -474126544
-286064309 0
0 52674959
0 -488852070
219515012 0
0 -170516803
0 742889493
0 424947049
237269887 0
0 159101948
0 -336399448
503131971 0
0 923593167
0 -376711903
-989871742 0
0 -803428148
-243625445 0
0 58933680
507848787 0
0 -900801876
0 -925846954
328642861 0
0 675485958
-293696225 0
0 -844804266
0 289874330
399263655 0
301777219 0
0 770150783
0 -254473263
0 89970387
0 -901211750
-925490254 0
-87501560 0
0 -480565431
0 -91775441
-168776280 0
397707989 0
558225611 0
0 27661387
-817768770 0
0 -249313744
0 -741903466
-959807832 0
0 349842762
16725478 0
-627816251 0
0 639681141
0 -300344133
0 -464156212
0 128832045
0 -602462733
-863060262 0
0 -636272379
223192508 0
-452367857 0
-309006392 0
-547063110 0
-178587909 0
-662929944 0
0 899066293
38316304 0
0 -656972274
-988895069 0
924006932 0
35983377 0
0 -949854738
0 904302858
0 626325001
0 -156282296
-984171357 0
578950840 0
0 -361275218
0 619879362
-805728539 0
545157288 0
0 542776117
493793144 0
723570320 0
0 158507918
0 -536701826
0 574445522
0 -339099991
0 -500762792
-40492731 0
972060506 0
601987861 0
-62278340 0
984171357 0
0 -966269016
0 411788210
0 -685939311
0 604353369
-578950840 0
396856696 0
-976476430 0
0 -804144471
0 444548218
32778673 0
974040198 0
-482609424 0
0 -188675126
0 -772974552
-972060506 0
84515687 0
-7430102 0
608365094 0
-225844880 0
0 426644120
-476459787 0
988697660 0
0 276288749
942506130 0
0 -930052252
671000499 0
0 -175881323
0 -729843320
258955290 0
295134085 0
981069373 0
0 173088959
0 536701826
651165246 0
572125885 0
0 -748283353
-981668492 0
-997868295 0
0 897492643
-24341126 0
0 191544361
-832546517 0
-461218131 0
0 -930784233
0 787920415
0 -780518407
136877726 0
0 321194725
-747861700 0
-110029314 0
0 209091451
0 -201502336
57606578 0
0 607006642
0 -624310258
0 -16860941
0 569505838
0 -313790198
-178645504 0
0 302834559
0 -884434652
501872487 0
0 -398603212
0 -918161248
339394491 0
-692411340 0
0 -272312696
262905849 0
0 181377809
-314062108 0
0 382704886
-242289065 0
0 -151246553
0 -541107506
0 -200636837
0 124502680
0 398263474
366717859 0
0 -150036570
0 156471709
0 478126652
400707071 0
293992634 0
577243887 0
-622869064 0
563217955 0
0 118364443
-29052483 0
0 414741598
-72101153 0
0 660765744
0 918144291
-515779095 0
27652389 0
0 -205020494
430772273 0
-944622849 0
-411690959 0
0 -424867126
0 -294938690
-350414607 0
0 -268952877
274058361 0
-105537477 0
0 980817067
0 849267799
29669165 0
-26906701 0
0 -359961523
979252353 0
-215427365 0
0 600322419
-608365094 0
0 671712401
-356797022 0
734559111 0
-437788475 0
0 -799787535
0 -539421265
-38315343 0
-917874034 0
0 -359445652
854889689 0
237019365 0
0 690104954
854179330 0
0 868309273
0 -128832045
753472405 0
0 -619879362
0 780518407
-220121223 0
982859374 0
0 -690104954
0 225756611
0 803428148
857021970 0
0 733823272
-567501249 0
947495164 0
0 -730924217
251041830 0
0 171857212
535700171 0
0 -736944107
-326331250 0
710622331 0
0 434553126
0 4833843
396274234 0
-790086050 0
0 419380714
0 772974552
0 339099991
0 364564972
0 -309110198
0 -126390084
0 474126544
0 201502336
946353203 0
110029314 0
437788475 0
0 -340425854
-399263655 0
611991331 0
0 -648319490
629407263 0
0 101415736
0 971178252
633142829 0
916081615 0
662929944 0
-504621302 -474784773
356797022 0
830746337 0
913066521 0
0 -188387062
-199916346 0
-286140086 0
-891616735 0
-789742679 0
-769515473 0
0 439387961
0 608061315
0 824492524
-240151273 0
0 271556375
675504962 0
-405489262 0
0 398603212
272467731 0
0 648319490
0 805823479
-830746337 0
-701329148 0
314062108 0
0 176167539
0 473849005
527207841 0
-271628790 0
915588709 0
0 -601270216
0 -949423488
199916346 0
-35983377 0
0 311644852
832546517 0
290716812 0
0 771167080
-944308878 0
0 -173088959
-787292402 0
0 -555737344
0 -980817067
225844880 0
-237269887 0
627816251 0
-854179330 0
0 -920588681
218052169 0
0 881155342
0 -608061315
452453811 0
-219515012 0
320478742 0
369819854 0
0 -224507096
0 736944107
0 -426644120
-400707071 0
0 372649292
255955612 0
0 60287684
931087942 0
0 630607594
0 358891015
0 21279613
0 602462733
-490403419 0
0 365272152
0 353700248
352528028 0
944308878 0
0 726155490
0 221144717
656748865 0
-543226856 0
397042333 0
-871302544 0
0 -349887270
6471649 0
283077226 0
0 353578646
271628790 0
0 319344281
-478221362 0
0 949854738
0 -814139835
0 -27661387
-571265981 0
-882204711 0
321758742 0
0 539490462
-412585478 0
0 748283353
0 -434553126
31005534 0
-671000499 0
0 653549652
-295134085 0
-84515687 0
-516297366 0
47077348 0
-493793144 0
-913066521 0
0 -515023112
0 770283600
523745763 0
-225523858 0
0 617671640
0 -376299071
0 -805823479
0 85483862
0 537911124
-494265330 0
38315343 0
0 943095851
0 530406111
0 547471587
0 758502324
0 -287957792
0 83377222
-628797299 0
-370449236 0
-21282047 0
365714731 0
777806772 0
26659988 0
0 937548027
-857021970 0
0 -272056829
0 -156471709
-69978592 0
327627957 0
0 -443368216
0 -291657897
0 -758502324
-723570320 0
0 -276288749
-35805961 0
0 -203562113
-695547250 0
965736293 0
0 -759349608
-343644904 0
0 -733823272
0 -901364767
-676911613 0
178645504 0
0 426223946
-397042333 0
0 -966352398
0 -914247743
174802995 0
-743950229 0
289440009 0
0 -376165744
-562545392 0
0 82812783
-363304200 0
0 -167786239
971273541 0
-755468148 0
0 -183019287
851638500 0
0 453920278
0 -127676473
0 -171952585
-862311967 0
0 -89970387
139865944 0
628797299 0
-465576783 0
0 307597563
-514941059 0
220869637 0
-807717462 0
672665607 0
0 -269816368
0 -101415736
0 -77116686
509624163 0
-946353203 0
-448128056 0
0 914247743
388679764 0
0 645420858
-663818931 0
-572125885 0
-466165242 0
0 884434652
-684576889 0
0 913975678
760057716 0
0 -881155342
731803700 0
-104133556 0
-545157288 0
0 501796837
0 -50382791
0 272056829
452367857 0
150232600 0
0 -726155490
0 920588681
0 -774830609
0 -188824605
0 -949304709
398276215 0
-560308013 0
596759212 0
0 -311644852
-523745763 0
0 -158507918
-165192962 0
-649973546 0
0 -929576734
317482088 0
-905321178 0
243625445 0
0 539421265
699845074 0
0 -353700248
0 -598782690
0 804144471
0 739149080
0 389057325
-61917571 0
0 -455402844
0 -389057325
0 -988438300
-988697660 0
0 -739149080
0 -349842762
184466831 0
326331250 0
0 376299071
0 126390084
0 -519334046
-652260191 0
0 -748991751
562545392 0
-47077348 0
-821471124 0
0 656972274
649548161 0
586766135 0
0 254473263
0 853216838
0 -904302858
0 -284082314
412585478 0
0 -870360805
440597499 0
-734999141 0
884439270 0
755468148 0
-790698649 0
0 -172177620
0 608100503
0 -257769683
0 412382616
509914870 0
0 -139436572
-146007458 0
692692845 0
-699845074 0
237737260 0
798308750 0
104133556 0
-558225611 0
-561921037 0
-396856696 0
0 574392515
0 22081322
0 115522136
0 564299748
309006392 0
-965736293 0
0 -699364383
