1500
-370473202 401281174
-664101205 -721600111
833095160 -821010349
57099656 190158957
-735941475 -374294712
40275714 306911609
-435930118 -247953947
-880748794 534507644
-17510815 -728851058
751329365 -479324239
-373843604 331451838
278458564 -224801124
495257518 -208461471
-564595748 -43899022
15916924 143413239
-694949782 888061608
-23702708 -457004963
-255092409 -566900779
-721887563 110282714
-241228330 843993830
-727445890 258595819
-897774946 -325471848
974165216 -92527272
123633763 -862991691
596834551 738849420
-682841948 -36325308
41307120 -698362093
-414849794 597915468
980563724 -458430802
-753158334 -912474652
332809220 5866208
227346214 -723072726
-735639084 -812063107
-844209346 814127188
279326824 771062914
84766352 883495728
390633471 438478053
-739280620 634992398
-146005257 264334739
-333107897 -689814641
-122785195 -180063023
839285196 -380522345
-750325976 605850042
532862357 -576278193
338614984 -432455416
96399196 355012510
250504721 489947251
-292048510 426424549
353590234 170477366
460916214 468752532
-219118822 -735857318
-397002392 -644637546
769073132 -169540108
-182878916 220369458
-65861054 -241822257
626466384 -212287239
734760540 -413138506
-402542410 -260469179
330359186 821898925
-908486389 743424459
567411881 -627656461
-632266939 -249816951
660896514 177843626
-94154894 -520787757
-168509867 -768125693
-890066654 521359037
752031080 -468539315
-437988817 367580640
460806520 553321140
-475201995 -67467788
531853115 178514942
-482694827 426434616
-633116169 -668697226
-714740174 -837344213
898152797 431873596
427210813 903770209
-305638287 677109124
165747409 -215240850
-845648068 82083336
217090649 -344572643
66385895 -807591904
-535812495 707172925
368901500 -709844749
75613849 -335173522
48083055 -162470572
-652297894 664001340
-823165923 -495951482
303741592 -799223863
-72694887 -837064168
-31247635 -479171001
703695783 -84323739
-18615601 822371940
-23974907 -885657096
904211776 306920909
935395902 435820264
-740901302 -669244737
-93405177 -257790612
-224284519 437322850
56967436 230010482
579195207 864006060
160071674 -915729999
-829841773 -540059565
-952642178 -334172940
934402219 86001513
662701409 -698066129
-428328241 30959840
-298262941 605598423
-935768613 -500578528
-467957941 303227016
297398624 -562265765
159912185 692012386
831474479 35433386
556190493 -243576434
-145250585 248495899
-717462875 861358478
-590127373 507602162
3865938 364390228
478246677 -104257197
-568383214 177455928
-516335855 614806313
778792655 -94087522
-416864325 227301597
403441290 230152307
-292903388 -289945425
293220169 675692605
-111324281 -729453532
599754207 127863055
-256468582 -894523359
996611237 203574427
584690030 -74083959
-341223419 -131361379
139663412 385531457
-652592306 -308287493
553059135 -859117053
-586677076 707581381
-469309235 376782119
-230058044 -270680079
623481113 -96414783
-698102298 153383670
-706121284 535523293
-97005235 371637086
-900248018 -490615742
-429469482 800504973
-768954690 -403547163
812234968 451382278
-443559339 328498951
-868777671 -418328721
-375262281 345267070
-10751620 -486031158
-498590294 317778008
-200711380 -313518670
241771690 -332177833
228519530 158466752
-214585327 192740175
234078850 580577058
11056580 861494688
-102982633 -655726094
-549882205 945823654
351931910 -361421312
-421175189 240362903
459155486 -63836304
649671696 -399113680
-683675092 7617389
-370046652 261569617
-772434854 -223275126
-216942365 144704398
-668291798 273671271
153022992 -931721924
-140529262 3142200
266647113 413890603
-60187385 -38519951
742309844 -83092969
515844437 816711978
-1234007 -76602329
-418921315 -806581242
21929242 581483376
509024574 249598019
-836975645 -573354342
790641374 581304951
623233889 277496934
424424439 582534841
140864881 451667567
-475261509 -273318980
295146747 516638021
-720905152 346684350
618927289 258979341
228130101 -687265163
15689106 -409002569
-125943313 761349024
-246115082 859100267
18773797 662739364
-369200120 -498018403
950828228 -147155102
-467960696 481775254
284959969 -268276707
166932367 -904943834
151821157 165899043
673357704 347335908
-13930976 328925973
126248582 344796835
-370830033 656539104
-523890282 208570798
633332503 -439822030
-228911737 267262094
495639586 446253769
748522578 103152299
-847444 -986332045
-353932018 -334862680
-949176943 728230666
-14437490 672510326
-673004217 886113258
-514442791 -733677093
679694292 -426779060
408117594 880844479
-901299961 -623396964
82054200 883643734
228385844 -232350179
258817439 -294075806
690270043 950858332
355873834 781527414
-58528384 -616330228
459028134 -260867762
-149367189 804776970
-222712511 -411210977
-689586137 -858183434
-818097093 -410276518
-50182877 272832142
647408995 -831461020
10534256 815575556
104113859 -526235673
242254960 -384655941
-251941079 80241992
760303347 -136188163
-881036642 46863619
-62243531 672592447
700204660 -964105070
-801004755 403544948
958667650 138984650
-907516975 377295154
-651750365 217147357
-772850391 -282421288
-777049531 44475755
-47012427 -354297865
559118011 -639575625
-746035125 119231661
845892050 -494466587
-521843827 500818999
-145958178 791999837
44566484 -686020257
-524933219 -838438268
-145439614 -459850265
-34155343 47826562
-877838742 -825144645
68030745 -710791986
-783781884 -375475560
58281147 -205348722
611470997 247520694
370330037 900812779
809312939 -969938900
200099184 -845638503
-778146208 475860263
932134859 551466398
763589348 -74872456
46099659 -866331688
110345917 -397894688
332409393 220648335
-392637529 203621976
960244019 793044364
862237927 715160133
266416581 -378375614
340280608 295416510
707180468 340954732
-518708548 941581069
-389837024 -407826911
177516244 363748817
408947049 -385725414
612360569 436542458
-849799933 -571603973
-264442059 -193186390
775603469 507794558
-672250921 -944055954
-15735205 -230694511
439015911 416661057
232051293 52371864
890304707 -330529842
-550204701 -242012758
-530175273 939607456
402549508 906802822
412929017 110178467
377980474 820427933
14319028 -481863074
-23074084 747734796
-348275371 -887106592
439173134 -930644768
-652877018 -988685195
-395395578 187478640
154648844 532665872
39565181 939574983
155568872 430148736
808717640 144617313
-133462291 577045751
234753371 -508656558
-257398058 -223416764
-459627789 -96317398
-302284667 -787152589
-173731171 570942796
-337231471 -699646716
479688349 -308593469
-55203464 598490503
-339142635 -702671621
-989407925 -698804956
383235310 -150175363
434014 74064269
747832216 -409402306
898601792 -510112303
-187687205 278660725
-912417752 -929754416
-237827582 -797548028
-928625761 -112013113
275758565 954431322
32659740 -403271148
-336952334 897460336
794455124 114071355
127089075 -490681614
816879750 -485889895
983669582 -195170950
78407031 486591182
154709784 778065523
-739516833 -372213176
-813400996 873368796
844981 340520373
148707102 384655699
535558419 -527159157
-756529757 673208637
233968978 854688227
936900016 -22543819
-879136310 864682312
983085517 126562311
798538621 140974949
-478350866 -897892432
-678901595 148956117
220428695 -884858810
345623147 949766823
523958828 -73636643
710927213 -695517598
-798824589 -916105945
159797158 -53169003
238879127 -148957601
-137627325 -472985688
427633579 -470515980
-163835124 290292740
872302681 941415106
807241493 -164644063
930167940 -17916648
-957980856 -605085662
-45645026 856008642
-54696865 513708410
396027105 -880082449
72481820 -48228670
-82846837 281841629
258861462 -61146311
-402714754 -710258138
-80143552 -150888410
-348012964 -536526479
-322478549 -408477358
447610071 -785535516
-771625242 -429714973
-859589839 -458251608
29659175 -142973803
-590399477 566290988
-24586377 -459197219
-276116614 792658229
-809075627 736992525
856109494 -77857972
-642951316 405681923
-227945817 -723969397
15685811 378209209
894366987 -626429987
4747527 -260857763
-939506239 40151655
101248719 608613562
-854063260 -824680493
-211245282 519792866
-414013945 985941389
-701465683 600093068
41867395 39487380
-624570589 390935941
764916914 -277627769
-23493050 314690236
-218173560 495331746
714017684 -505612527
-908027549 -872396908
550483430 -811360754
-528321818 -32210398
824759019 -318592688
221216160 -183865571
79053038 -22045996
-276192539 -899960997
749335700 306098791
895655435 -334135545
394734323 -158502353
622956095 99495519
-117256459 -676855880
-465126500 549537933
-196231005 111386684
500955154 -361325612
250510534 -31990559
-498069361 -1839441
593056851 17429507
608751628 -860135735
-120287331 57751483
652501797 104254723
865494801 529617191
561897913 -871152118
-545592216 365978793
905104207 315123927
-857673785 -380350873
-20842816 -839001915
-660671851 -151728772
-276819987 143034399
-451577367 232901202
-449838215 284349109
-320793571 271167904
296695246 -892108601
-413734323 -776576135
450748187 722023882
-269735286 279280546
104226317 -26354687
-830301571 -555795446
701101639 28272348
-712235208 -378746834
452282726 376828240
86811165 -715693242
896915832 -578723110
28142811 -514635764
-544227948 440704150
630871801 -558756572
-131753715 -812137484
561627410 -989982559
213208145 -416862853
329786537 -75237901
-914061879 -534302368
848164660 263959548
342691514 -427377658
186370534 -635204208
-831594814 845550357
117547667 -107229081
683267059 -164236851
601721249 -463371676
328839038 179697479
-572488007 660098
-177529195 -240391694
-781594613 -419531416
609743339 -491521269
812769978 -425634678
880688823 -331257028
526250435 -51229172
701531072 431153452
-633240654 748476061
93066662 325965287
-445140313 303852585
358129360 -143810197
488816719 550516505
-466367387 176643758
-66666197 59595542
453797523 -199630153
-112494355 -131052829
45812402 910968194
-379270583 -420307903
80313926 -564624921
717433211 34608012
-126888618 -812117401
-897935785 -491415387
476039620 197750907
-667367973 549021527
-883120881 -190102375
783380268 423432320
-813261814 172273301
-94978359 -582710316
610408782 27520526
-221722642 924573568
190319941 -295680454
-780949361 -265444631
14576262 54809468
151011435 -501632709
160588359 -987119961
488719285 462788678
-717690058 537072746
-273495167 -619273657
-84843669 -562450849
-58918411 216309537
-608199297 798803069
-173349053 622173390
-305597618 -121100067
395858225 -664423766
-563177192 881214178
-264288836 -254953360
-429731692 470052386
-121683473 -510347943
-505544711 528655901
-596043474 -364394595
306113152 -439802231
-409571170 723706555
75744472 -250969366
-465574761 -152479443
628378683 562857391
161019043 -493361783
715705101 221745518
-636538027 -12062456
-231689383 423882545
363300011 287927415
-884121924 -447728761
-281184970 -299183704
-497501662 171843885
-645384066 -525890589
-919621618 -460553565
103871438 -462303767
874812339 825006551
-353914161 354411246
-233441039 446501110
-949155925 -235088382
-261251839 -755486478
231826556 278875290
-331807406 -817762454
-434125485 744111693
832768524 316011423
-324844004 -335222911
575689393 -687743558
430822407 -688591458
242485819 464455818
816815893 992443382
190602224 -770283161
627783014 965793538
617802229 -760010878
-347341485 -878730975
263375802 415656012
959656637 -34592741
-951055384 -293332614
-375028175 624405357
472511761 -208978596
549971422 -119887788
815159319 208859627
194301941 883157811
458971005 60940788
-397657294 -732371779
843277720 989984734
179274818 807467243
-733116759 -812535982
-68342241 11137573
488114653 -444671970
588119121 59682323
100630943 -305405467
-557448329 -829024524
-871243201 -753277918
-551883510 -141543514
502804653 -339914036
268543162 -241923254
782975858 539671365
93185267 -317602104
-151283992 -554098104
-115412657 -971756940
585791218 618911370
-882246451 -900718683
-195168007 938058307
748993676 -494159740
154837337 -805381713
-62102719 -680602923
600555280 -842477403
595223766 -621815181
603667791 -369582469
-421111941 427140362
385274866 -258191181
292644534 606377638
188753864 -557789159
492970443 -326329606
539837030 187368614
-568772300 587167091
-409698202 -764947597
-737592369 597407457
17955926 -643773573
820746023 -606815892
-586747766 637971790
565435539 244340506
17038665 831689669
629985148 -408539606
-828246984 43662327
372553599 -486256364
-144402435 -104504488
-354893867 -865791524
-179041922 -531307124
692309481 -776100636
-418131420 -569273603
652137814 -411472274
-51529428 320534260
603524326 503493830
-480701739 -295264181
907757344 923070928
222068495 -124130824
218075363 168552649
526828728 -312170361
-609730410 866864902
-736863752 -649542007
985940886 -652659212
-293957378 -245065484
198498799 -563819093
-970648410 142003381
291940035 290631207
-55395366 -43855968
53510860 -756538016
750087026 323454692
365661473 838061262
507865820 476071540
24604137 344278369
768850237 -308086569
462165335 706487535
476789730 420517136
99676933 910566298
-465422061 633363989
675838147 983598168
-574684649 -502596031
-382917257 912440544
709487413 -531946447
-591712104 -151698609
-206931183 490297884
-259476012 -305596915
-694747234 -409936381
61447224 -766252703
-169989582 -355046896
701714042 -907855211
457790024 205889617
496905969 -614029084
-666872240 995474040
-517686281 784978496
269603215 -655532076
403062724 982327018
-864986960 71297750
-226177257 -680534389
-539652455 539080491
-329466798 -710758701
680644784 348807601
306097718 450117748
-1166651 -497265257
313383800 -193952649
479422744 996870117
756699081 44973352
192727164 -791762963
468946368 -354073281
323124663 -381132529
-778507425 -274782728
-429601512 -227754218
-279425669 532700382
-338060523 446682375
31248284 632672504
338145540 340074911
468722791 743228916
-562004606 78536810
141255328 -433698086
-107924095 86923459
939847657 -678924475
-326536007 429049404
121881096 -716872527
-230780218 -466186394
144771048 415773837
988655817 460883476
-159899155 -519847103
673038642 937689538
-962045524 96504284
143866051 543386132
-94720335 667747038
566022807 -64048191
73488834 -278013139
-71475252 -937086691
-187579764 298878645
-845122324 -434041062
-731280309 -323449163
256003962 -147672062
-11061368 -760719237
-230956216 -453908901
-159745439 537243679
-197089716 -800068302
-627728727 -949980153
-708717610 -402609671
-850539367 330219930
-870827066 -932982032
-179701336 -186513793
399412420 -693793474
535839087 380412520
509965035 770874964
-883792428 -840028796
-35697961 -511073384
327014450 -512068682
779493424 450174510
-288617192 451329395
672799041 -348685378
-252004160 219761100
348668928 390207406
-328435175 -936590493
759988070 -184271021
-273327722 663112421
145309479 -636075363
-35645763 23548787
-837703537 279255969
224750252 -466777924
-902308916 279997757
-902481270 -684160550
-826311894 969838036
520056380 440226832
397916482 -229093616
-202728277 -603730916
83788333 154607843
-24333810 -470933672
925979195 -315427936
-638052704 -446322811
925730719 -389627574
375501855 -276421669
163237245 -754474322
403413158 958155065
-11684287 162600792
-144843877 263462447
727564929 54340526
-256042273 -945426338
46208618 -713260572
404218811 964866429
-647019524 40537133
-181589390 302310382
921701994 -757417969
-909298036 -139124834
-158519206 951693773
930584440 1862525
682249323 797671115
-748499536 -65414561
989984696 -320246208
-812676770 -148484667
465083970 -8958324
924770362 -465733031
-73195015 -898082714
-472409784 705045861
-702645950 -334463480
-829005634 -243433342
680517435 -24869699
699889708 536996660
270310845 626334815
-860661117 -453616562
149668889 -236741544
-635593900 -359587488
714111 356809605
254175716 86770546
577387052 98160200
-544384903 902704871
-812246217 877035305
104420924 -805279359
551873026 -379213449
756116049 -71709187
-931346047 -218287361
164676474 761680752
-758521291 56129713
-445214834 700619938
-344822835 839197281
222478531 144246133
261115223 301753564
-40849834 893908271
152032955 794697408
677113457 -569240416
842774717 -318539596
-61688282 -883059032
-515926421 -467077946
-298239148 -230896643
-435225463 -769760174
-980520579 -369091951
-815615011 90099638
-104136392 -652499111
-30017414 509005754
31950341 -654439309
-266429328 -573878274
-269332064 262105065
-200311697 753264034
748347480 -929159766
200167670 -422235052
799951692 -639140675
225733326 160131960
476656065 256678103
26396297 362985747
930871072 986724711
45307781 376076827
-772265923 178148461
638664544 37982249
-300081080 -444025150
-381919987 714003427
-867529452 -741556826
100900024 560831149
-470422108 -82225793
-297729564 944763214
483543380 -664355666
-475869210 -200641262
878048235 169824977
42110099 -413067327
47118493 692743012
999541846 602970135
-950334315 -676218916
-659409448 -155157959
-543935964 -136610462
89999262 -117777059
-848446331 332037963
7960537 772616470
543667160 -193312428
467480188 202620206
-690917922 305696774
-388827993 675805967
940745873 41441924
544634936 -285334492
-441539156 813046751
-115552027 454069679
-399701594 -848102816
323205747 -817720829
-832756023 -676884511
713655580 -732656635
-873724176 -195636167
-584307601 913678195
-319935590 613980632
477160849 165318653
-76308871 480434018
543909008 -512900135
-502734051 -168538773
-313385716 852353749
915512399 137782957
377631622 -887404191
215209904 283405896
370531954 -396879956
-121378489 -316803449
373040019 442142861
261651202 204367568
-463047276 821167755
-21588940 -369171511
396585224 -663420707
846626213 719968739
160413518 -143962636
-69413043 -830823598
423452760 623117199
418139548 -444946154
391869796 -993138584
-923221125 965802538
-547899322 -317595917
-893975505 803120157
-853239126 -876049553
-303366786 712328683
350765365 923913470
-649750581 -892184542
-649560616 115688361
970699120 624920630
889795506 -404755056
-796418950 23142151
-473583759 84320917
789654036 -457942438
-823806888 296284792
695696938 -910881698
-482146107 -351345332
-508132296 -370331970
-489497813 445158810
-819962434 -532190591
971230860 -703742576
-526777424 -322038641
691181612 -372156851
681799460 261364262
-244075209 -454255859
783349225 102537368
-558702837 421148238
-640465437 969279703
377720168 722319997
486825779 -455468899
-467701184 368727006
-423112043 -377843773
120152061 -992972674
-665029120 65015133
-61141899 146108617
-571187913 -83609372
493468266 -678476256
722610450 51864498
-457039684 807720235
718814432 403778933
-173381360 -567411085
-923150778 461825983
897059942 -641769945
11754760 -417067491
-613481377 -171882268
-821472735 -769161863
-195264311 450217810
-654809759 851881555
903645889 -203376002
-379284953 580219279
-632562419 390574164
81578527 145366627
-299462138 169497696
-501363384 362950876
885729541 -218491981
562172802 615870392
-27466175 596411410
-208501424 423248287
178141797 -744907226
-239561501 -135268113
-538815909 -412498499
-822804592 -343647176
-591993977 -266975903
-500420056 -783614024
687242768 255527408
726573513 545567780
321532169 919256184
-20380276 473331888
392558824 782962277
-500648297 856080611
360038685 -601252154
347465914 105031953
-932734774 353287516
-763959510 24453380
478176342 -914388039
-532904825 485198188
-515141120 677137449
-3914389 309984405
-768041900 414602781
-593577299 464907745
97663357 -744296931
-399858801 -655324966
-734252855 -165262761
-466482970 -135713924
-991386372 -501768002
814860698 -124690468
378053051 51339213
-29727822 596462814
916607972 -792946762
507377963 424011595
492988850 -80960673
718688887 -458309323
-178218869 544998100
-224781640 -839497956
-744753219 664299227
100939827 -418805327
-14702691 -853008442
-389629792 740275690
362089048 508663134
-300689228 726517701
-293327621 -767369915
-303290567 -699291527
-283998253 722689730
954384619 194083083
-290904352 -812875813
-109214894 105755938
467179120 -621046809
806206842 -43410750
27283699 347996599
165244771 -286479470
437983328 826901396
-16723240 593751804
655153559 -755371946
516308808 -371198973
570787129 -501166444
549365571 -728874441
897461761 266363530
-983397530 -866847886
-615849894 302937354
-270797471 498614704
-776639417 -421901740
582267195 -2338645
-241791129 582575807
-420579910 -514841161
-110132706 877968976
-227313500 -60902534
-501846093 -130587616
-74836309 993013223
325443117 -587006393
709252329 647647986
-50889326 821019985
-168252937 -171456693
-137155434 12740590
747643004 73866385
-361578780 187433470
45032946 982521519
-555441048 95132473
563853056 535606054
353021469 -692323488
476041935 -729639404
294135921 -942007574
488155753 -589970780
356831473 -105844165
-140677296 153183987
988725087 -639558524
-389577155 416919593
677376013 397446260
-449254639 962629487
567154608 -554036085
547605992 190899248
-686929060 -227156814
700599324 -832608850
425327797 89519620
-902993499 -771814318
81431570 655546440
-252505146 -368467858
-15799203 -33031120
336621486 -14897367
-422034302 886332839
929549983 -845474624
-545356465 -89537534
-355583882 -481103472
885328222 -568575923
197817208 299166790
80554404 967497220
862105251 -769366385
-213272314 475084892
-231759507 -17308789
848393434 471083745
-531894228 -752792015
831937383 -92266657
144963640 -96457340
489381969 -651076298
-967858879 376376376
-281070495 32653197
-458903366 274476058
-436321573 636403514
231623992 638949494
-370485587 766938662
345394876 340688739
320456230 -675589043
-336505874 -342913386
-715597509 -712124437
542434686 -811964896
-922817592 -25776610
995781113 774403411
917029591 -228082585
24338196 689111664
-410091825 -611749192
-339157475 -111620229
-12321984 -160077282
-992793834 304296498
-129931759 -424809018
933204117 -148477196
-972713998 -533050984
136914403 983580848
633373603 -585120840
-251777091 641218933
-61333577 682771109
580381727 499848361
874833373 802871287
-204563550 889659638
-956957788 -819530733
-394164093 -424688889
882522047 23357374
-533107370 -775078903
732992196 -89460169
104130498 455806242
-135305887 735240273
-501260777 770991430
-103026126 854019440
477256807 -783806413
-888321083 -346671416
-599588391 204134998
905309465 -349704240
233603047 34252875
124305680 804141981
-542311739 -839197558
-64198795 -942471085
548212863 169373244
-152791625 -467827124
-212590686 -203255210
-239136319 189156436
884562542 -770984111
438264769 -320064297
-660648639 391448383
-234706377 492411220
-110877164 -919269467
155854128 -904385980
-290568939 -154144428
-697888767 122791225
181739721 -562565069
665708580 912839504
-206698239 196550135
45344818 375984154
652495687 14440910
226015557 -853656247
-84894712 -874373451
-25764714 160267130
854662085 -148020267
-234562106 133223210
-15060870 595564088
615459613 290606817
228947240 -746334406
167576666 309215686
-208186813 377877459
-123663282 -905072308
-54118449 336287144
667063044 -195005333
167780637 277053689
-550949265 199435687
736932329 -694355165
165500481 -134300179
-284190870 -685522931
-677928561 -503807630
36029857 265015915
-721240981 31286359
-198904332 -377013027
-133835889 -7672043
100669257 -357957704
797521970 -240096649
-708939477 -757737633
-616308221 -459658892
-669468981 711596225
550021248 -284774627
-769737902 163273085
-81429447 -470394647
441512386 672311289
305575710 404573998
922849701 609344652
168799116 -652775626
41158015 -79552475
157073849 -108620362
-741512345 912834069
-324032298 105909366
635090181 -116710462
850643544 961148051
-234853417 -232209918
535770349 736434772
508719763 -626097845
549051059 -623203363
-104574887 959521209
702525365 919673380
675923225 398867962
887893961 919232913
-770055879 696504123
964206534 -539842367
551202693 361851813
368430060 374199759
-416961516 -611718466
894309792 -652269212
-675501823 511573299
261892030 916056929
-294025420 -852417601
848238240 147235925
806355805 -884397425
-430470360 -284727306
735411484 27455217
-542773082 -785355347
-990706097 -409842829
718306389 74676313
-89520961 -265653562
-162016149 52954683
-640669877 -716904760
289522096 -813630082
-2808594 -280080429
878706265 563986000
873824935 238449368
31367338 -589243997
638013226 9405082
-566641554 -651699315
-329418276 492725286
168241102 80927588
227987622 -18414960
-717178356 196462471
289916276 -655654295
-759096491 23620240
-864769046 -552558683
-105622641 259896433
-968018772 391702083
220230140 752752426
-709624074 -337413109
805365316 385823750
168881818 792362243
-13717385 -438729412
915475016 905179605
366319584 410836210
879751006 -562755018
-126020212 64042903
163826068 653630829
210713519 -370815334
653931114 -556079205
-995106464 590073250
-953577791 241828822
-690618421 692019198
859919945 -690661119
-227549221 -899165575
257334693 742630168
-565282747 -214771680
-81744285 66660808
-474408946 -196832773
123398200 801486209
663623983 500660875
5181707 -563997076
322853706 -262954035
-658965771 286437217
-982556751 419199353
-4718569 -723840213
-260727582 760839894
-501007635 -744987258
-139167288 609825610
-537838452 -36290910
521100730 39932203
472269642 670730930
909929392 -745244095
-368354043 -761035347
-552250755 128876781
295785564 447092186
868487093 767844778
89332970 238208944
-589227285 132520649
782408651 526942486
-968242481 -639481694
-572371588 -625840342
-519666102 53688278
374445434 430549541
640193618 209651508
-99305564 -387053069
-750789064 -95403078
184456509 722957537
770981453 -952416766
-393399786 830547204
498472675 -626856256
462911299 181527508
-928003726 -653423862
195944608 607278913
868321925 -360246425
-439306513 -561916700
-6751217 -572658890
-669511992 -366741386
337920736 -575796711
-290505809 -21952608
-20567603 756790932
-826192378 439896701
-239583298 745722697
-989217850 870091871
-530393505 17097286
-587646360 -661215581
-458577140 741944636
550799679 -850072133
-732423877 -398157549
576552788 590809426
713774471 180322964
523302404 408735136
-406111341 -662375540
-992190883 -722224497
-979910134 231654821
412645198 -939313618
-284615193 776916173
253585656 458174200
438710577 -67589427
480190174 -412169551
-407649540 -212760860
-111826669 329827028
62660823 739033910
-180084324 757047197
53983469 -451628503
936148104 -922935017
-522456224 -383854585
758001438 -158812834
-31800913 751236865
899964242 -713582241
-205748314 834419592
251581354 877708462
634795512 684144752
479995853 -394416681
-916220517 -287619339
257618349 -711379426
-64673826 -815767482
-390042182 242610477
330241168 -853291674
-915758427 -470199046
78126387 -916595447
318442538 -108982398
787841414 -116934306
-82005594 -410690801
219273333 -735328181
170609202 -210570883
-578475005 757501878
273298728 -290981088
400784464 -365844413
913185051 -735569574
531261651 -717422605
379997543 577441115
481729738 186411351
646422129 -398415728
921221413 -649159600
466593815 -79492857
837511824 -202307172
382549850 -128382480
369167774 866301399
-429140021 306183438
647329257 -25393346
808290061 405175675
-967161450 -632172885
-125966185 691094009
-59981679 779622920
-357900637 601204450
-741396548 -852113357
-114391007 102702965
601539179 225928362
-295588380 -492921443
483810034 -111569227
-476191826 936620672
-969807919 642382639
779230952 -480911044
-558623558 -701926159
264412608 256369070
-110809182 -571317334
-885456683 -816982487
-735827876 414633149
-617034686 119179696
-205976636 -105540032
-76948355 -140069173
154694926 -257249144
-720979459 259463072
-276275677 -681300115
-420979287 381637329
-639412529 419027951
-882718490 695693791
-240158434 71929644
-216969943 615800168
-128503940 283050495
-192382488 -696956093
-504228631 282936904
548745785 -814232441
81570804 -891880483
887804418 -235392892
278492504 383836731
-318554477 872890028
135359001 936221318
-427901369 -440001544
52119705 -187741625
487696587 -843349979
-212625512 -470638049
446504908 -737967004
912349167 709618115
-408715158 249380273
210764444 -950402272
303336822 737857341
593843364 214781124
-265743091 -736497223
-114969952 -64403638
-478170599 -182255053
310985711 -397482815
467443551 -980791359
-165891020 801423879
-544765288 -212272119
-638303314 420128954
716117513 537547154
862716389 40727432
559561745 867733997
25258885 -314769863
-591837480 -767009932
-444395775 783960624
-311835039 -737143858
-744989490 -413320822
892923876 227059903
-300292653 378339491
-82928605 55274916
129290131 -858918327
-423825426 -418055727
878213361 661756111
-98058074 756267562
440089084 -495308031
-271231043 158710621
-644365788 -926307682
-377961232 -172621332
216612692 -881837697
953718569 257645857
921594627 143143159
647811134 449759539
953742430 -680996544
-207591544 653333477
-381701564 -935725444
-952883840 -229590314
-845417904 510506335
47243121 -557373974
-713685926 334917721
-43790224 461331819
726839974 915683143
531794757 417984658
102896282 -703914851
-451095242 600255196
714486209 702895993
751546558 -182560178
176541511 -902128524
-141380995 -831568869
90821943 857199318
98780015 -18860518
-945198353 -645049133
300142261 691114321
-343639857 -204689185
81921401 924411281
-471803639 249293666
99619229 594282681
-438178600 -615467656
-767678011 245485556
-416650818 9110579
-174356887 -960908013
-423561035 352831595
-771963628 983185241
179975604 -720010723
-828411322 747718934
-231853072 288133036
-85078268 -833238668
-924642100 -508659499
418396944 165955722
-256102976 458968075
-609343072 759408746
294279226 339868626
-520196223 149221447
-588547295 244056162
-368078045 -499041481
-105164787 169826892
-213884934 -292421115
322886126 373113774
-201240030 823965777
986984795 -974116291
643628628 550293120
124741891 755337864
177936917 390763707
-287705858 500567395
141114542 985222783
-255490251 502822658
-476879522 -458208570
397479419 277636191
-911066018 -50295475
41038173 -813412419
-14969291 551773992
-800856134 662394286
253283458 144026704
-606675501 -60791144
-230336894 170106054
161824774 -626484754
-464733742 475158460
292951285 700140531
-452133560 850532528
-283380447 341361260
-977763095 -42884922
-120374770 -77039902
470074253 616165875
-150361140 -362789482
855807106 312719945
316611426 -46004333
-882259673 -22703725
-58819597 -283597880
113639835 -127781145
-785048880 798041179
-399659664 131777465
-431391432 614947303
77483501 -46543148
-24589007 -782602631
650241412 730999386
-221780620 -821147947
604172552 626956186
836488230 226707121
-222759285 -665855316
-583497360 -448653821
214498095 -498915393
-581600265 171322447
-534366932 -924180665
697203953 5646973
893568944 539907910
-808546538 106575814
-37704014 892155060
-465056940 -525127518
-192653582 -257250083
435846939 748942257
203988577 -808465987
912636847 -26273238
-142387321 370555439
192798392 710025020
-787329794 577747433
891314650 -783248122
301527026 598644536
230403260 276660570
864994776 888536847
-123868956 697532913
-865372438 -90802726
-319151657 210064477
-540343227 456773590
328980888 -722986766
258798217 -909123636
565240767 518918616
-365954604 -594803837
755489559 46981076
-632385571 -572349987
195919139 953946881
-668991728 393882530
171756349 -776328239
46861073 435057388
8543753 950769653
206550526 645306143
-309987487 -308159391
-20153716 -789996447
346236055 197768117
496378829 -321227758
-837701251 911221848
-576997325 -168813174
798798575 -778973348
-927174009 996481559
-120411114 759187724
-534787621 15668275
-76917483 -849358361
-356790343 -339759265
17328547 -179329368
-848278853 -580308304
-79723813 -154003954
62945301 -903286519
-965389654 852869232
