1500
-572873900 -572873900
0 -738581368
466811861 -466811861
-800871272 800871272
0 554599116
-533986552 335249055
738581368 -738581368
989541428 781614325
607966807 307066075
-474681218 894808531
636437849 -649809155
738416246 -248524432
-72184302 189774443
641510142 -641510142
-930281449 0
-565173321 206014676
-651462367 0
540952311 871260783
0 -55051493
-686813124 403953948
6087400 6087400
-47594108 0
-510929866 0
675981154 0
60692220 -811773460
-480416726 0
729940631 -729940631
703368338 -703368338
830224089 -830224089
-580617430 -580617430
509052273 266474218
559152506 -559152506
0 -726119034
0 -927348841
0 -409415836
345279270 -345279270
-299307127 299307127
-587804550 587804550
0 436517233
287718374 287718374
0 278067401
-292522034 -305003265
-51073153 51073153
866163345 156896234
-559152506 -559152506
-480416726 -480416726
-764109579 0
-381675748 574790592
0 290444460
406817744 406817744
-295966401 66453930
580617430 -580617430
0 47594108
-38365686 -38365686
-27913672 27913672
507499569 -507499569
132325570 0
27913672 27913672
-278067401 -278067401
217364307 734413627
6901754 685771326
-941186233 -941186233
400521240 -400521240
0 51073153
720192368 720192368
0 -167506069
-653904976 653904976
510929866 0
-830224089 0
670298709 670298709
-339486826 0
686356742 -539061300
-436983341 0
881120987 0
-276792385 0
-182215369 182215369
591491809 -591491809
506861092 0
0 875740139
940610782 940610782
764995464 0
608330993 -884863867
-703368338 0
923310000 -923310000
642418495 -642418495
-888484692 0
-950637707 -950637707
0 -20749375
-875740139 0
-906237790 0
0 -609069101
171236410 -254595323
-374247594 -374247594
67343741 0
252210587 58699596
148974945 -148974945
955197086 -175232183
0 -636464500
-923310000 -923310000
0 -44792911
466811861 466811861
0 199227450
875740139 875740139
91801608 -91801608
438214094 -438214094
861336264 -861336264
629211995 -629211995
-199227450 0
0 572873900
0 91801608
800871272 0
0 982623901
-374247594 0
507499569 507499569
0 214114609
982623901 982623901
618994976 0
-720192368 720192368
0 -764109579
-305804597 305804597
548242487 188168904
68055220 -283762739
329849195 947487300
0 930281449
-483795545 0
328240300 -328240300
-348381179 508061833
-629071076 0
674316106 510627761
0 -863762023
0 772989496
0 -214114609
-843501490 38755409
0 510929866
396862089 0
278067401 0
950637707 0
548682942 -548682942
0 -507499569
47594108 -47594108
-548682942 -548682942
73246905 -217537168
-290444460 -290444460
-77709870 0
-317859709 -317859709
-586192632 -18354743
-167506069 -167506069
606065556 561544708
68366732 68366732
-62201297 850071419
0 -720192368
208132332 208132332
0 67343741
-506861092 0
0 257046886
-290444460 290444460
-875040149 915150270
-800871272 0
159707712 116067403
-618994976 -618994976
345279270 345279270
-588723845 828915474
401252442 61025825
0 -378971984
290444460 290444460
769769573 -97824124
0 -799654116
409415836 0
-629211995 629211995
0 995967217
-169436399 966606722
669693532 -669693532
587804550 0
-20749375 0
0 328240300
495988911 0
0 483634374
0 -349543330
-257046886 0
-862721395 0
-29453305 627986757
-217351215 584829977
199227450 0
580617430 580617430
-305804597 -305804597
-830224089 -830224089
819302802 0
0 -930281449
80922766 -818340047
-738581368 738581368
-406817744 -406817744
0 -551290091
130308303 -130308303
0 653904976
0 -669136826
0 -484930294
495988911 495988911
-604101403 773749101
-862721395 862721395
-819302802 0
572873900 0
-930281449 930281449
0 374247594
909856793 0
429705364 -381002960
-634550473 0
0 -187132655
0 354290910
177265905 177265905
199227450 -199227450
-720192368 0
651462367 -651462367
77709870 77709870
808727471 -850979507
-880933195 453121754
0 940610782
-881120987 -881120987
-357689258 155206647
0 618994976
-483634374 483634374
271682538 200753191
0 396862089
-923310000 923310000
861336264 861336264
-929597788 -929597788
764109579 0
298792145 661134087
-633538331 411558059
0 906237790
0 984823057
0 -47594108
54227557 0
-772989496 0
-548682942 548682942
-764109579 -764109579
0 -400521240
91801608 91801608
0 941186233
776063420 776063420
43947447 319705153
-68366732 0
940610782 0
-669693532 669693532
-984823057 0
798396554 -975763499
-81147831 594224090
-941186233 941186233
657934732 389313053
906237790 0
-856383456 0
-602557276 661240033
339486826 339486826
554564076 -606987407
0 -67343741
-862535707 -862535707
120670482 756192755
-83139603 83139603
-642418495 642418495
378265289 -180916034
0 -415189921
-75692027 -940142519
0 670298709
-415189921 -415189921
-208132332 -208132332
0 -91801608
-554599116 -554599116
0 130308303
0 632563617
678322121 -837711466
436517233 0
0 -800648876
560126979 -692424009
117919666 -944618007
155600459 -452357229
480416726 480416726
632563617 -632563617
132325570 132325570
0 -83139603
-551290091 -551290091
0 -436983341
35796305 728158941
-787289348 787289348
-6087400 -6087400
-751661624 206301598
-414988862 414988862
-339486826 339486826
72181475 -585457058
698513160 675738967
230786013 230786013
-27913672 -27913672
995967217 995967217
799654116 799654116
396862089 396862089
374247594 374247594
305804597 305804597
0 -651117498
-764995464 0
-587804550 0
-304972048 878855773
669693532 669693532
-549685338 594100931
724565012 827657264
387092359 0
0 852205912
-866158452 -323673836
6087400 0
-506861092 -506861092
-755645828 -755645828
-653904976 0
-354290910 354290910
-629211995 0
263049231 263049231
-644262744 644262744
-214114609 -214114609
963078006 696520181
0 -396862089
851310752 -68883120
-131579652 688518635
546273427 -635125071
-720369661 186983026
618994976 -618994976
-324169960 985934434
-806158984 -806158984
152463313 -255220471
-350238267 449808878
0 -830224089
642418495 0
0 669136826
0 -634550473
-696319366 644210324
941186233 -941186233
-863762023 0
436517233 -436517233
-438214094 -438214094
554599116 -554599116
-485651463 -25304423
559152506 0
-800648876 -800648876
-634550473 -634550473
886942439 -322973383
-681825146 -478286802
-772989496 -772989496
-275815814 -789800769
888484692 0
587804550 587804550
0 646516554
-607727284 277640543
-268759613 -164357665
-263049231 -263049231
0 230786013
470965196 -813483021
67343741 67343741
495988911 -495988911
929597788 -929597788
-776063420 0
-646516554 0
629071076 -629071076
77709870 -77709870
-875740139 875740139
-669136826 -669136826
-484930294 -484930294
629211995 0
819302802 -819302802
538789978 603493243
0 -77709870
36598117 -274958601
278067401 -278067401
0 -755645828
726119034 -726119034
807246495 888665013
-830224089 830224089
-39593358 -844203057
720192368 0
551290091 551290091
409415836 -409415836
0 -495988911
-108300130 280842985
0 -632563617
-55051493 -55051493
-459948824 0
-287718374 -287718374
-38365686 38365686
194863418 934662828
927348841 927348841
-618994976 0
0 629071076
-484930294 484930294
798765822 -480922075
-459948824 -459948824
-265996361 7345617
-80075262 -346806173
-609069101 -609069101
-507499569 507499569
0 923310000
133282367 -314075013
641510142 0
480416726 -480416726
317859709 0
572873900 572873900
0 -675981154
20749375 0
445685844 0
-696764435 696764435
328240300 328240300
0 738581368
-107850702 -772325110
20749375 -20749375
55051493 55051493
-303377155 0
551290091 -551290091
-995967217 995967217
150920666 -150920666
0 -6087400
721210053 -321899878
-127020836 -287614491
150920666 150920666
915940242 -55553925
-925490737 904460956
-888484692 888484692
-819302802 819302802
0 -51073153
675981154 675981154
-277547487 -673312549
-199227450 -199227450
-199227450 199227450
-767485179 -476937407
0 0
51073153 0
-317800916 424842314
0 -289822332
-409415836 -409415836
-47594108 47594108
-953011178 953011178
0 953011178
0 819302802
-187132655 0
670298709 0
-178566223 539814093
257046886 0
-328240300 -328240300
863321884 -584127155
891524050 181107187
378971984 378971984
422127569 -422127569
-995967217 -995967217
0 861336264
-862535707 0
0 -347415587
-729940631 -729940631
764282112 544947144
906237790 -906237790
995967217 -995967217
-20749375 -20749375
554599116 0
-177265905 177265905
-299307127 -299307127
-644364017 0
-396862089 0
909856793 909856793
669136826 -669136826
607887922 -785703320
-738581368 0
-317859709 0
0 27913672
580791971 -293956995
-644364017 644364017
-863762023 863762023
-289822332 289822332
213857305 67278015
-863762023 -863762023
-819636634 -888660745
-559152506 0
863762023 0
855708683 -61116077
-148974945 148974945
0 -862535707
0 -554599116
-927348841 927348841
407017078 -806117581
0 445685844
662776954 -698187803
-414988862 0
0 634550473
-651117498 -651117498
0 -459948824
250167428 0
0 -729940631
-287561721 -365192497
0 -387092359
729940631 0
-415189921 415189921
0 -953011178
276792385 0
0 148974945
-406817744 406817744
559152506 559152506
764109579 764109579
-669136826 669136826
299307127 299307127
0 -510929866
-554599116 0
68366732 -68366732
0 -287718374
54227557 -54227557
308147716 -646567002
855845315 342023347
0 551290091
669136826 0
-148307773 -646077073
0 -257046886
-289822332 0
0 20749375
950637707 -950637707
0 -669693532
436517233 436517233
347415587 0
406817744 0
484930294 -484930294
-333360574 885776668
0 347415587
-524602148 -599783087
91801608 0
-928021642 -416043599
-682664377 117845514
303760150 827912465
519913497 196862382
0 6087400
806158984 806158984
415189921 415189921
167506069 0
130308303 130308303
306671332 961677642
335790815 -818654470
-696764435 -696764435
-521952391 -827653352
-438054306 -541947170
0 54227557
0 696764435
0 -559152506
263049231 0
-250167428 0
-587359055 472751094
-263049231 263049231
0 -68366732
214114609 0
0 483795545
417859186 -312597241
0 495988911
609069101 -609069101
-83139603 0
0 665754300
250167428 250167428
-167506069 167506069
44792911 -44792911
-133363885 -455506505
776063420 -776063420
263049231 -263049231
-681383781 -681383781
41003619 180088409
104879457 -743048996
-10616797 -593179424
-417388013 724831342
0 339486826
0 950637707
-685698812 -895969989
208878434 -386224535
930281449 0
-711664775 970944062
0 -555254399
432599530 -432599530
152165150 -464944988
483634374 483634374
566104035 57217510
-919711050 -928645783
-555254399 555254399
483795545 -483795545
0 -432599530
-642418495 0
-44792911 44792911
0 -54227557
0 580617430
-12198895 -663739110
0 629211995
0 38365686
-341582127 -819087114
-554599116 554599116
344312298 527960814
130308303 0
-409415836 409415836
0 409415836
0 -772989496
0 -422127569
370692893 -548812302
644364017 -644364017
632563617 632563617
-771159207 976368296
-950637707 950637707
646516554 -646516554
-651462367 -651462367
278067401 278067401
244157652 -670540769
672933821 -347119737
554599116 554599116
937984828 58315834
-944285855 393417706
646516554 646516554
0 800648876
0 -909856793
644262744 644262744
0 729940631
129730169 548731742
-715038552 -686593545
709539597 718284470
0 317859709
-380731357 288144271
0 432599530
0 -591491809
-875740139 -875740139
406130533 -894391239
-263049231 0
-466811861 0
799654116 -799654116
696764435 696764435
-651117498 651117498
317859709 -317859709
-422127569 -422127569
0 387092359
941186233 0
0 856383456
-670298709 -670298709
38365686 0
-953011178 0
0 -345279270
587011915 916707448
800648876 0
-378971984 0
-169092497 -897457729
-230786013 230786013
0 378971984
51073153 -51073153
137845913 576924720
0 -250167428
-743809276 421465344
345279270 0
845492531 -154609183
0 -263049231
-982623901 0
-303377155 303377155
0 -629211995
-799654116 799654116
735361577 904035391
396862089 -396862089
0 400521240
-688342756 949281441
414988862 414988862
567555759 -154069781
0 -881120987
-150920666 -150920666
-55051493 55051493
-665638955 284436742
629211995 629211995
114896240 -238241124
506861092 -506861092
0 -888484692
-853628301 -535911990
898874472 -147387495
-349391773 -676970527
703368338 703368338
173860570 769719307
929597788 0
-861336264 -861336264
-909856793 909856793
-432599530 432599530
764995464 764995464
0 208132332
262576131 443786729
-55051493 0
0 -208132332
738581368 0
0 -199227450
0 -852205912
862721395 -862721395
634550473 0
-982623901 -982623901
-792978052 -668372033
651117498 0
49988101 -47758219
-591491809 0
-751062706 -295888403
-190636924 -477355302
376705521 587329159
0 287718374
-38365686 0
602575794 -703836289
720192368 -720192368
0 -629071076
-305598638 589039766
-548639590 -881774791
167506069 -167506069
-551290091 0
-646516554 -646516554
276792385 276792385
-940610782 -940610782
-634550473 634550473
0 -436517233
506861092 506861092
-445685844 445685844
0 -445685844
-68366732 -68366732
809084619 0
415189921 0
-940610782 0
-632563617 -632563617
-618994976 618994976
127764790 -486472691
875740139 -875740139
-696764435 0
741551981 311821322
0 -809084619
-694974031 286660602
-995967217 0
0 -764995464
927348841 -927348841
-290444460 0
0 555254399
-54227557 0
-396862089 396862089
0 -703368338
641510142 641510142
-414988862 -414988862
-495988911 0
0 644364017
-185900719 376892556
-484930294 0
-345279270 0
864391946 -426769964
-41271308 -9752715
-51089153 -895362327
618994976 618994976
0 -618994976
0 548682942
-675981154 0
38365686 -38365686
-67343741 67343741
-127024468 -610005826
-840687770 949623611
-289822332 -289822332
0 289822332
0 167506069
0 187132655
0 -929597788
843986125 878158010
670298709 -670298709
-566992714 312979513
-838137217 325976751
310395639 171400113
484930294 0
-27913672 0
-91801608 91801608
459948824 0
0 83139603
390657077 -835944208
459948824 -459948824
-82833660 88774003
0 422127569
915548927 -803429250
-941186233 0
0 764995464
-347415587 0
0 -861336264
0 -339486826
64530847 -770608660
-632563617 0
669136826 669136826
-709384372 853389644
-132325570 132325570
0 726119034
-840928695 108008636
-328240300 0
927348841 0
-580617430 0
-856383456 856383456
-337501890 117648798
-806158984 806158984
207057592 558031413
548682942 0
-51073153 -51073153
0 641510142
0 480416726
-377783514 667206057
0 -438214094
-669693532 0
800648876 -800648876
653904976 653904976
0 755645828
-187132655 -187132655
-809084619 809084619
-642418495 -642418495
51073153 51073153
-791473640 331777377
-339486826 -339486826
555254399 555254399
-747013528 -268824127
400521240 400521240
0 787289348
349543330 0
-597349910 -580109900
644364017 0
-937968033 -402486467
-54403720 715165775
0 68366732
54688582 390781337
-809084619 -809084619
982623901 -982623901
0 -806158984
-77709870 -77709870
-632563617 632563617
0 345279270
378971984 -378971984
-328240300 328240300
0 -923310000
806158984 0
776063420 0
347415587 -347415587
644364017 644364017
-148974945 -148974945
-349543330 -349543330
634550473 -634550473
0 -480416726
-653904976 -653904976
-852205912 -852205912
-480416726 480416726
0 -230786013
0 636464500
787289348 0
182215369 182215369
-665754300 -665754300
0 -483795545
800648876 800648876
400521240 0
0 776063420
0 644262744
665754300 665754300
0 -317859709
-387092359 387092359
-54227557 54227557
-328487767 482238818
0 675981154
214114609 214114609
140186538 -35492053
-755645828 0
237620484 682172580
0 -941186233
-378971984 -378971984
289822332 0
-435298242 255288038
-629211995 -629211995
187132655 187132655
609069101 0
0 414988862
854396346 -135416286
0 651117498
580617430 0
199227450 199227450
95885257 -824825642
-132325570 0
576931301 -455379526
-591491809 591491809
-580617430 580617430
403166409 -117122483
303377155 -303377155
0 150920666
289822332 289822332
-703368338 -703368338
906237790 906237790
551334247 511371571
0 -38365686
289822332 -289822332
459948824 459948824
651117498 651117498
339486826 0
863762023 863762023
819302802 819302802
466811861 0
0 909856793
-906237790 -906237790
0 -696764435
0 -646516554
681383781 0
445685844 445685844
-629071076 629071076
-345279270 345279270
317243885 -87767051
0 -414988862
-51073153 0
0 -950637707
0 830224089
501913517 -714632121
651462367 0
-386080944 -120315379
-909856793 -909856793
651462367 651462367
-665754300 0
-400521240 -400521240
-466811861 466811861
258043910 -751298727
0 -148974945
0 -665754300
-984823057 984823057
0 863762023
587804550 -587804550
0 720192368
-681383781 681383781
-177249086 734229906
-318461840 -164496755
-726119034 -726119034
-984823057 -984823057
-819302802 -819302802
452768839 439633300
706349484 698909264
636464500 -636464500
738345910 905052386
-349543330 349543330
-432599530 0
54227557 54227557
923310000 923310000
-629071076 -629071076
-559152506 559152506
-257046886 257046886
230786013 0
-507499569 0
20749375 20749375
44792911 0
866361305 873200542
299307127 0
123768824 842860709
387092359 387092359
-148974945 0
432599530 0
616372460 -142121637
0 507499569
438887602 -738960616
-226768062 -258926697
-764995464 -764995464
443577899 -477384008
787289348 -787289348
-736256347 594129364
372018385 920240153
303296535 815859467
0 -506861092
0 -681383781
83139603 0
-764109579 764109579
-495988911 -495988911
425568864 537744245
106253483 970575577
-387092359 0
0 -641510142
-20749375 20749375
0 591491809
953011178 0
-572873900 0
38365686 38365686
-729940631 729940631
-264470793 787662108
-636464500 -636464500
-208132332 0
378971984 0
755645828 -755645828
-877264061 996040728
548682942 548682942
953011178 -953011178
0 -995967217
572873900 -572873900
483795545 483795545
0 415189921
220388997 245869702
800871272 800871272
-303377155 -303377155
863762023 -863762023
113930083 -76974473
0 -856383456
-652575342 -944118356
467651945 -19412701
-6087400 6087400
354290910 -354290910
-324655460 -31947731
726119034 0
-276792385 -276792385
-522752812 946078745
-394143110 525792760
-548682942 0
-333672828 668516450
-929597788 929597788
-806158984 0
-908569457 -859085512
457422941 -553535715
681383781 -681383781
995967217 0
0 -483634374
-929597788 0
681383781 681383781
436983341 0
875740139 0
0 929597788
-187132655 187132655
-529800025 -339472579
629071076 0
-646516554 646516554
0 -862721395
287718374 0
929597788 929597788
306345590 306347287
436983341 436983341
-989737441 833616408
-524683636 85215873
-345279270 -345279270
-556565452 -115803747
0 799654116
-591491809 -591491809
-641510142 641510142
0 -276792385
0 -644262744
-532385374 -736071583
-184922734 -866399957
82018474 -480498045
0 250167428
244598077 -146850967
0 263049231
-406817744 0
-772989496 772989496
0 764109579
-221412032 68213253
0 -787289348
-862721395 -862721395
-378971984 378971984
-278067401 278067401
799654116 0
182030060 -858977159
-636464500 636464500
-703368338 703368338
436983341 -436983341
-374247594 374247594
-6087400 0
10725955 492174222
696764435 0
-670244685 988002422
167506069 167506069
387092359 -387092359
801280313 144150286
-250167428 250167428
982623901 0
0 466811861
665754300 -665754300
-965431901 967562278
-77709870 77709870
-681383781 0
856383456 -856383456
-458872727 -848289568
-177265905 -177265905
238261574 -73390846
830224089 0
587665288 39305727
0 -406817744
-177265905 0
484176208 -569146375
629071076 629071076
862535707 -862535707
409415836 409415836
0 -328240300
284839125 219620263
-409415836 0
-445685844 -445685844
-438214094 0
-67343741 -67343741
276792385 -276792385
0 177265905
729940631 729940631
-262464445 -586939527
847694415 784834411
0 44792911
764995464 -764995464
-349543330 0
-927348841 0
405397770 -70718235
764109579 -764109579
0 888484692
848361377 113156589
68366732 0
-852205912 852205912
-422127569 422127569
645482625 625031518
-47594108 -47594108
0 -984823057
809084619 -809084619
-400521240 400521240
-130308303 130308303
-347415587 347415587
674637217 -676394644
0 -670298709
0 -572873900
852205912 0
-670298709 670298709
0 -305804597
-609069101 609069101
257046886 257046886
0 438214094
-212763533 444550101
984823057 -984823057
862535707 0
-888484692 -888484692
-726164957 -744240642
-978248653 12778138
-741503694 307100978
150920666 0
431553117 564987551
0 -875740139
290444460 -290444460
484930294 484930294
-813494556 -534510126
6087400 -6087400
354290910 354290910
480416726 0
-230786013 0
0 -580617430
-278067401 0
278628062 -324699368
314905374 -258278700
-276792385 276792385
-372745993 283034248
-445685844 0
-726119034 0
940610782 -940610782
0 -303377155
644262744 -644262744
51369860 186254822
-682320999 156980877
-349235401 35926419
375672802 -266971950
0 -354290910
177265905 -177265905
-208132332 208132332
-53178733 -676016513
415189921 -415189921
438214094 0
510929866 -510929866
354290910 0
-250167428 -250167428
287718374 -287718374
0 -299307127
-130308303 -130308303
-852205912 0
-863082907 596596718
0 651462367
-171606659 -269879516
-950637707 0
303377155 303377155
-487388376 140295266
290444460 0
-163630666 544390349
-400521240 0
-923310000 0
862721395 862721395
-856383456 -856383456
339486826 -339486826
0 -982623901
0 -177265905
-483634374 0
-799654116 0
0 436983341
347415587 347415587
555254399 -555254399
-800648876 800648876
147357060 -259319360
930281449 -930281449
27913672 -27913672
856383456 856383456
878057685 -566260197
457988983 538312925
-132325570 -132325570
665754300 0
458144018 -259875371
-459948824 459948824
-432599530 -432599530
-91801608 0
-67343741 0
830224089 830224089
317859709 317859709
-436983341 436983341
809084619 809084619
728302996 453116304
182215369 0
148974945 0
414988862 0
-150920666 150920666
-861336264 0
888484692 -888484692
-130308303 0
47594108 0
-644262744 -644262744
27913672 0
634550473 634550473
-45016470 323883614
-208183288 265555694
-764995464 764995464
-669693532 -669693532
187132655 0
-182215369 0
55051493 0
67343741 -67343741
-347415587 -347415587
0 642418495
738581368 738581368
-114915730 643513318
-83139603 -83139603
-953011178 -953011178
-506861092 506861092
422127569 0
0 -278067401
-551290091 551290091
636464500 636464500
-738581368 -738581368
-466811861 -466811861
-636464500 0
-354290910 -354290910
-510929866 510929866
0 77709870
0 609069101
-955965800 -52479415
840462004 74672895
632563617 0
-641510142 0
-881120987 0
-316867158 179842407
41743511 -442686810
0 484930294
-297509696 682759221
-305804597 0
347897311 -71349846
755645828 0
0 -776063420
0 862721395
483795545 0
0 182215369
-787289348 0
669693532 0
-565415525 529725174
159156986 439855483
-56464662 -361448126
483634374 -483634374
-729940631 0
861336264 0
772989496 772989496
-150920666 0
806158984 -806158984
-376074240 11921415
0 506861092
644262744 0
571919464 -563527549
-572873900 572873900
-436517233 -436517233
-485086644 -997206294
969889538 -125265129
-44792911 -44792911
0 132325570
0 -906237790
-664740842 -613474525
387080904 969157675
187132655 -187132655
-45468244 275938027
-909856793 0
474310715 250512626
-675981154 675981154
755641975 -264074975
607701266 -527262971
436601871 -835240523
0 55051493
439089559 356285251
-436632892 -694076157
-906237790 906237790
432599530 432599530
0 276792385
414988862 -414988862
0 -800871272
47594108 47594108
406817744 -406817744
862535707 862535707
132325570 -132325570
709103795 477950980
984823057 0
-360545033 622482881
0 681383781
-186716081 -825448014
438214094 438214094
636464500 0
0 587804550
817978214 -226813544
-415189921 0
-490188500 605219346
953011178 953011178
-214114609 0
787289348 787289348
-91801608 -91801608
-422127569 0
-256143225 -760509673
328240300 0
772996021 391964189
755645828 755645828
-317859709 317859709
888484692 888484692
-862535707 862535707
214114609 -214114609
-530994724 -379427220
-644262744 0
0 -27913672
-105071911 598757642
-761753192 -257755132
0 303377155
642418495 642418495
305804597 -305804597
-587804550 -587804550
0 299307127
0 -374247594
-495988911 495988911
-555254399 0
0 -466811861
-698260019 -412130753
299307127 -299307127
651117498 -651117498
881120987 -881120987
675981154 -675981154
0 669693532
-927348841 -927348841
0 -290444460
-483795545 483795545
303377155 0
524826289 830700227
0 -130308303
83139603 -83139603
250167428 -250167428
0 800871272
-54227557 -54227557
483634374 0
-975382325 -637373952
-436517233 436517233
0 881120987
734418676 -559240429
-70610899 -201079627
-669136826 0
914261691 665865442
44792911 44792911
-809084619 0
0 559152506
551290091 0
0 703368338
-892593313 362656269
0 406817744
336926509 249279802
0 -644364017
-329482715 -546971096
-396862089 -396862089
446766556 -186306881
-866926348 -436373467
0 927348841
-522122217 732450118
953200749 476432894
772989496 -772989496
792690105 230424237
349543330 349543330
83139603 83139603
818245635 904998683
-675981154 -675981154
0 806158984
-182215369 -182215369
-215444945 615464513
-299307127 0
-354290910 0
0 -150920666
881120987 881120987
952037515 23569601
852205912 -852205912
77709870 0
177265905 0
441930962 861850222
-800648876 0
-263469825 502219858
-467746948 -105024656
653904976 -653904976
-44792911 0
845715999 -93877342
230786013 -230786013
208132332 0
782374090 550561379
-90021850 999498739
-193614614 674754197
810506520 266504043
930281449 930281449
-438214094 438214094
-258592064 167218667
-79514002 -105791087
0 459948824
0 -651462367
-799654116 -799654116
-257046886 -257046886
-651462367 651462367
-720192368 -720192368
-641510142 -641510142
-555254399 -555254399
-436983341 -436983341
-881120987 881120987
148974945 148974945
-510929866 -510929866
374247594 -374247594
726119034 726119034
445685844 -445685844
-787289348 -787289348
-41434141 -918203401
374247594 0
909856793 -909856793
-726119034 726119034
257046886 -257046886
-589099478 -998009443
-644364017 -644364017
-665754300 665754300
-857356791 508888554
622567233 759476082
73038286 797447282
921464935 -164571392
-507499569 -507499569
856383456 0
923310000 0
-624711354 -547735494
295628231 -959992931
703368338 0
-975479119 678021771
422127569 422127569
591491809 0
-483634374 -483634374
-755645828 755645828
-214114609 214114609
-940610782 940610782
510929866 510929866
0 -548682942
-505351884 989187641
-167506069 0
772989496 0
0 862535707
-609069101 0
956967835 -414604025
-287718374 287718374
0 305804597
-638456166 624832900
0 349543330
566649982 543477561
0 -182215369
150183503 -483396252
507499569 0
852205912 852205912
-800871272 -800871272
0 -819302802
0 -587804550
696764435 -696764435
-776063420 -776063420
-776063420 776063420
-68366732 68366732
862721395 0
591491809 591491809
-982623901 982623901
-861336264 861336264
-48617240 -288172003
0 -653904976
-930281449 -930281449
646516554 0
-436517233 0
208132332 -208132332
941186233 941186233
-483795545 -483795545
-387092359 -387092359
188686765 890021470
555254399 0
-670298709 0
521258210 516177013
305804597 0
-651117498 0
653904976 0
800871272 -800871272
950637707 950637707
55051493 -55051493
0 809084619
779110821 957071752
0 -132325570
0 -940610782
182215369 -182215369
-287718374 0
349543330 -349543330
-230786013 -230786013
984823057 984823057
0 -642418495
-565455673 592025416
609069101 609069101
