1500
-811120069 0
698571113 0
0 -650942435
0 -688313112
0 -282023661
0 280159491
677695054 0
0 223338403
-629655272 0
0 -322224269
51422705 0
407656063 0
0 -618470724
528572077 0
0 530922112
0 -483164132
0 -47131045
-180574242 0
706443879 0
8236307 0
0 -50761073
-298990432 0
0 -788751745
0 -550412162
-386884906 0
0 -971302059
919664000 0
352822728 0
511207607 0
0 384332891
788492460 0
94349732 0
343682514 0
-248159142 0
0 376786892
0 378618426
0 -24006153
331820514 0
0 -787958114
0 104317847
0 443574262
0 -155498552
-824234838 0
-162800568 0
0 -939140852
180574242 0
435576447 0
-472518462 0
234862034 0
671398330 0
0 -90190237
-216670190 0
-331983315 0
0 -776323316
-449309764 0
0 858528022
-164473754 0
0 -120052951
-8236307 0
283011401 0
0 -539978981
0 539747551
0 -481493095
0 -800155831
0 64468172
0 -222500101
157376558 0
-640636037 0
0 5011845
0 273112747
0 345566459
0 645435744
0 -179774725
-256956541 0
0 -676735264
0 195569581
0 -192905427
95865940 0
140067725 0
-545142906 0
-869791774 0
-589719878 0
614643819 0
0 919176736
297914383 0
-731034789 0
0 -532249802
414545301 0
0 -483918611
0 93277191
0 648169219
743565018 0
0 -183279074
216670190 0
0 404608128
0 -77203721
0 188665680
-948851707 0
0 -434364860
0 472518611
0 69829045
-406519754 0
616767301 0
-492807227 0
433416098 0
-732641096 0
0 939140852
0 -767079371
-824814005 0
0 -342850604
585654206 0
127516255 0
0 168166125
0 553823705
0 -738886368
-811718581 0
0 -345566459
135413387 0
-384626951 0
0 -38858578
-804148595 0
0 -212807462
0 323137009
516643413 0
0 721259081
-415229232 0
548043668 0
0 -327164045
0 78263633
512787094 0
0 582841050
472408893 0
-832207324 0
545142906 0
0 -301530154
-56459133 0
-796690969 0
0 -794290070
0 95127171
-592680201 0
498536733 0
0 -382974456
0 475367103
-335943756 0
781094659 0
701030400 0
0 584189618
0 -419681869
327340122 0
0 87209258
0 -430195533
0 550412162
-51422705 0
199483429 0
-489865406 0
-843132872 0
0 52381832
804148595 0
4028161 0
-48446630 0
0 -403272132
0 879281761
0 -30752260
0 33121189
0 169443694
229990955 0
0 -457528866
51398742 0
0 -374117693
0 120090642
-290601493 0
-614643819 0
0 -376786892
0 87168510
0 -683073815
464618783 0
800671124 0
0 30752260
-784150067 0
0 -104317847
-587590470 0
25598132 0
0 552302546
0 932808819
0 507331356
0 728830882
0 -877833383
0 858337730
251383738 0
-698023825 0
0 -79344247
822822837 0
0 -258016802
-407656063 0
0 -849737450
0 -358704448
-525072349 0
90067972 0
-678379571 0
0 -553823705
0 768711173
-891622804 0
-133175762 0
0 -782454434
-653731150 0
0 -443574262
0 400554825
0 -118578096
229066477 0
631091958 0
0 875701081
0 -959059610
170422185 0
-498536733 0
-422877674 0
0 759202368
73811006 0
653221272 0
0 959059610
603746906 0
525072349 0
-157376558 0
406519754 0
-247741931 0
5589971 0
-626746319 0
228193788 0
0 -728830882
0 -299681095
774896634 0
0 -502437969
-142748703 0
0 795287520
379216928 0
-932975780 0
-1665549 0
0 -770116730
0 270600665
0 -227203217
950286492 0
257162782 0
-623571633 0
-218954615 0
-520659213 0
0 650942435
0 -778597370
-489965218 0
0 -884837869
0 11727082
204760526 0
-519895310 0
0 -105118667
0 120052951
-33536928 0
0 -434978440
0 -768711173
-93344284 0
97496753 0
248159142 0
-957176059 0
306331094 0
0 132185648
-186839824 0
-670503230 0
0 133021918
0 303942560
0 877833383
229816199 0
0 -315143136
-791595165 0
762401329 0
-204760526 0
0 -496121270
-179146434 0
0 979836345
-257162782 0
-445689788 0
0 800155831
0 847382770
0 315143136
0 -362120520
-199483429 0
-81298751 0
681019959 0
0 -714538861
0 -912301185
0 -669444840
0 616277042
0 -453679120
0 -140795390
842736992 0
0 928842143
0 916644662
118670000 0
0 701878386
-523206847 0
0 -280159491
0 -398041930
0 -693647259
-694686765 0
899804406 0
323169394 0
867588677 0
0 -491903040
0 -648169219
920855613 0
0 994353132
799689355 0
0 782454434
0 88461888
0 -161397289
0 -849641865
0 -825429581
-228193788 0
0 850920739
435600071 0
485751574 0
0 539978981
-262510961 0
-899804406 0
0 -590902952
-31044451 0
-793947580 0
0 -270600665
0 42748195
-908460991 0
972852155 0
-781094659 0
-995647142 0
523465560 0
-472408893 0
0 419681869
-18581485 0
0 -384811990
0 804099492
609761911 0
0 358554536
0 532249802
0 327164045
0 317832614
0 105118667
162693399 0
885498370 0
-708018478 0
0 -759202368
587590470 0
-234862034 0
0 -309802450
278942693 0
0 157819637
-40124127 0
623571633 0
0 648597480
0 507599977
-239110309 0
0 -795287520
-105851374 0
0 407494520
0 -818199055
823492918 0
0 999957760
0 -930010277
-428738363 0
0 613788003
0 613869345
33536928 0
603822568 0
0 -197549685
0 -407494520
-228373240 0
138078659 0
0 711880353
843132872 0
-419213897 0
0 589134869
-852728341 0
0 229572254
988216869 0
0 801326249
0 -256923531
-458649105 0
658383812 0
0 -651051455
-14348655 0
0 -538041442
995647142 0
-77825539 0
665902636 0
-431712813 0
0 309802450
777334856 0
0 294609933
221315485 0
0 90190237
-786505406 0
-51398742 0
-174738296 0
-823619848 0
0 979394664
0 -411791797
337578465 0
-999839835 0
0 169566584
0 -715753176
0 -626586236
0 -333435282
0 301530154
0 -421384910
489965218 0
-463075380 0
-244333236 0
-902265034 0
0 -542692590
0 -467328814
0 794290070
0 887756554
0 -550061845
0 288394312
-658383812 0
-533124399 0
492807227 0
0 -208515406
-988327881 0
-590142658 0
235425028 0
508741668 0
0 -337068532
-489888317 0
-781854990 0
60075286 0
332703079 0
0 -323137009
-212396153 0
-602303690 0
0 571672721
0 141196699
-51699297 0
0 -32885308
97808384 0
0 -507331356
906693239 0
442189041 0
-701030400 0
0 573837199
14106384 0
-229066477 0
965409487 0
-839422207 0
0 956369145
260595508 0
0 -738352497
0 -613752520
0 38858578
195095191 0
-277287752 0
0 -711880353
0 472097056
0 197549685
-864360417 0
0 -88461888
0 50761073
735724628 0
359887160 0
686356748 0
-343682514 0
0 -994353132
-798023794 0
0 -624187858
0 336031018
-97496753 0
0 931980659
773959503 0
-653221272 0
0 -906613990
0 483164132
658952499 0
0 481345664
262510961 0
0 313760397
972354008 0
0 601935948
533124399 0
-29351927 0
1665549 0
177872323 0
0 -793666968
-140004883 0
872994733 0
0 663247811
-799689355 0
0 -740384532
874740339 0
0 -842509992
-506471526 0
-615386272 0
0 187156270
791595165 0
0 382974456
-223598366 0
-788492460 0
0 358704448
-560551938 0
0 586461503
-251383738 0
0 502437969
512725315 0
150356150 0
0 220713390
0 586789145
814735645 0
0 -269828156
728577763 0
0 -804099492
0 -87168510
216815085 0
0 -872283040
957176059 0
-814735645 0
0 -606577823
-361952285 0
-827920789 0
386884906 0
0 -233928597
0 333435282
0 -184142051
0 -926555354
0 -478976852
720667811 0
0 -404608128
0 -652681550
0 -317832614
-858880999 0
908460991 0
-33885549 0
0 -141196699
-369523823 0
-704268026 0
-138078659 0
0 -511161268
-751659634 0
0 395837184
589719878 0
0 793666968
0 404667733
869791774 0
-603746906 0
0 -338285842
-932524419 0
948851707 0
621888616 0
0 -442755289
-260595508 0
-226703409 0
0 -396449722
0 -694351638
0 -643410239
52945789 0
-422510658 0
0 982153148
0 644693914
0 -75897643
-972852155 0
520743412 0
0 396929633
824234838 0
0 210383910
864772349 0
0 286232446
88719069 0
-954678857 0
0 -611677688
0 -132185648
0 -396929633
-762401329 0
-556361428 0
0 -295008259
772447278 0
0 299681095
0 787958114
0 478976852
0 740384532
-464618783 0
0 -367694916
0 906613990
31044451 0
805936082 0
361952285 0
-542115939 0
-665902636 0
0 367694916
560113729 0
458649105 0
-874740339 0
936184370 0
218954615 0
0 663851261
0 192905427
0 -999957760
-616767301 0
-14106384 0
0 -77679167
-678805918 0
-282028133 0
-724417152 0
0 506070939
0 183279074
81610566 0
0 -805361296
0 342850604
0 776323316
0 -336031018
0 311934725
0 -559559485
250894160 0
0 937859604
-253837175 0
0 -64453714
0 453679120
0 361455271
84979939 0
0 -52998727
0 918177733
586958712 0
436396671 0
-414545301 0
0 -858337730
0 731692870
0 -425678250
-107271572 0
0 836203518
0 398041930
0 -503546582
0 396449722
0 -731445107
0 151547894
0 -906314701
298990432 0
0 184142051
556361428 0
0 -800117600
0 912301185
0 -87209258
445689788 0
0 688647664
361895685 0
936168794 0
0 206097377
0 -417931932
0 -152684291
0 -564117489
0 -380116926
0 -907940599
-950286492 0
0 -584189618
-323169394 0
0 715753176
0 849641865
0 -416127341
732641096 0
0 -506070939
-477207684 0
0 -144933446
0 -472097056
-600927513 0
-331820514 0
0 -719541321
-565177812 0
0 542692590
0 805361296
0 -95127171
0 239160577
0 47131045
0 862172017
-822822837 0
0 -982153148
0 164015824
415229232 0
-81610566 0
0 -3605586
140004883 0
540152982 0
164252741 0
0 -212839957
-864772349 0
0 -850382961
0 191592268
-548296246 0
-442102119 0
-634742848 0
0 -683013394
506471526 0
666739830 0
0 419208503
0 545383878
0 -133021918
0 218490125
0 -436509012
0 -507599977
0 -847382770
-252756648 0
-666739830 0
-980475060 0
-197799427 0
0 -29604672
0 -285991786
-442189041 0
996823843 0
592680201 0
0 719541321
0 676735264
-531178613 0
239110309 0
0 -33121189
0 -239160577
0 -735333116
0 936601282
-127516255 0
282028133 0
-222871194 0
-792249289 0
0 -539747551
-52945789 0
0 778597370
0 222500101
0 362120520
-369680224 0
0 -781648651
0 -979394664
0 -802898879
0 781648651
384626951 0
0 525610129
811120069 0
-348359918 0
781854990 0
0 442755289
-50749623 0
0 735068082
0 826298446
0 -701878386
0 529448453
0 -836286082
-586932257 0
0 -170823085
523639376 0
-433416098 0
0 -450455934
202510280 0
0 -361321501
0 -512546598
0 503546582
-523639376 0
0 161842287
-250894160 0
0 800117600
0 610367440
0 669444840
0 -678160097
0 -871842093
0 799906728
-728577763 0
-972354008 0
0 212807462
0 -392322416
-839708480 0
0 334029376
0 -161842287
-593720573 0
107271572 0
0 -849583837
-94349732 0
0 803999522
0 986586720
-706443879 0
640636037 0
-90067972 0
0 112311667
914739450 0
0 458734393
0 270345369
0 152684291
0 -826298446
0 -586461503
793947580 0
0 62090294
0 849737450
-118670000 0
-914739450 0
0 -818925071
704268026 0
0 -799906728
-338951662 0
773351132 0
0 238017757
0 436509012
439822059 0
0 488453118
0 -20080338
0 -721259081
-862448466 0
0 -220713390
807406968 0
0 403272132
708018478 0
0 738886368
-590395973 0
0 825429581
0 652681550
-565722656 0
179146434 0
0 -945351771
0 738352497
0 147026
0 -475367103
0 613752520
-137546967 0
-229816199 0
0 374117693
-594784391 0
0 -78263633
0 -446866308
340528640 0
0 611677688
-340528640 0
0 -664693503
-609761911 0
-323198919 0
590142658 0
0 256923531
0 -334029376
-4028161 0
-232191944 0
0 945351771
0 159967354
-691304940 0
0 -602319966
0 179774725
0 626586236
0 -663851261
0 664693503
0 -979836345
666868143 0
0 161397289
542115939 0
-920942538 0
0 16758296
-866251217 0
780773689 0
-84979939 0
-895779437 0
-510913348 0
0 -918177733
727750433 0
101314798 0
0 568222024
-195095191 0
51699297 0
323198919 0
0 395829082
-629636057 0
-512787094 0
0 -488453118
-128364087 0
0 716664597
0 606577823
989380441 0
-698571113 0
761866755 0
0 -596906634
0 29604672
0 476389020
582132984 0
226703409 0
0 -311934725
886492899 0
832207324 0
-435600071 0
-97808384 0
0 -384332891
-410954523 0
0 726650596
0 -546358834
0 -78082085
0 -571672721
7757818 0
0 657635028
0 -313760397
932524419 0
0 906314701
0 511161268
0 651051455
-404559274 0
0 218498479
-772447278 0
385911369 0
852728341 0
-523465560 0
-73811006 0
-113738506 0
751659634 0
0 -11727082
0 32885308
0 52998727
0 -195569581
-528572077 0
629655272 0
685258377 0
0 269828156
866251217 0
422510658 0
0 -517933382
0 -44473578
0 694351638
0 515474637
0 -223338403
0 -580604667
0 -288394312
295967114 0
-485751574 0
798023794 0
212231544 0
895779437 0
0 -404667733
0 392322416
-177872323 0
209433308 0
-685258377 0
-406444210 0
422877674 0
228373240 0
932975780 0
0 -158026919
0 77203721
0 49337906
0 735333116
0 -928842143
369523823 0
-385911369 0
0 340300156
0 850382961
653649001 0
-988216869 0
-599949855 0
-150356150 0
0 596906634
0 871695060
0 -557830221
0 726201624
0 971302059
0 963748745
430577782 0
214463702 0
-25598132 0
-512725315 0
0 -986586720
-610473050 0
-881131828 0
-352116187 0
663966316 0
-145902363 0
531178613 0
0 -400554825
0 -314008516
0 -868988008
-823492918 0
-430577782 0
0 -922945080
162800568 0
-800671124 0
0 380116926
0 -568222024
0 -875701081
0 -616277042
-569785945 0
-658952499 0
0 233928597
348359918 0
-663966316 0
0 -286232446
-76428618 0
-279800279 0
0 564117489
-352822728 0
489865406 0
447134223 0
520659213 0
0 -723344325
0 -93277191
0 -718679218
0 -238017757
0 624187858
0 -62769466
0 622648300
-165189596 0
207368321 0
786505406 0
-671398330 0
-214463702 0
419213897 0
-720667811 0
93344284 0
0 223536274
0 -582841050
-144549630 0
253837175 0
0 144933446
0 384811990
-221315485 0
634742848 0
0 44473578
724417152 0
0 -257010976
0 -16758296
0 170823085
424228965 0
-563547760 0
442102119 0
374637727 0
565177812 0
944866618 0
449309764 0
-332703079 0
0 -963748745
0 -803999522
0 -294609933
0 982634905
0 -218392387
858880999 0
0 450455934
0 -157819637
18581485 0
277287752 0
0 496121270
0 338285842
-88719069 0
-424228965 0
-511207607 0
0 -188033774
0 155498552
0 -472518611
0 -936601282
256956541 0
331983315 0
-516643413 0
0 550061845
862448466 0
0 -52381832
137546967 0
-739695672 0
0 785118881
0 -887638172
0 871842093
0 -419208503
0 -559047725
0 683013394
0 -731692870
0 467328814
-967190019 0
-316179136 0
0 158026919
823196758 0
0 887638172
0 227203217
0 -169566584
560551938 0
-540152982 0
-202510280 0
0 425678250
615386272 0
-359887160 0
0 922945080
-996823843 0
-5589971 0
0 -810776924
48446630 0
0 842509992
0 -724928136
-235425028 0
0 258016802
0 907940599
-800973180 0
0 836286082
0 378123100
-295967114 0
0 -755121444
967190019 0
0 -931980659
77825539 0
0 -168166125
0 843174090
-993030162 0
0 -760025700
739695672 0
-164252741 0
-278942693 0
784150067 0
105851374 0
0 -147026
0 385502354
0 430195533
-477579908 531277162
-603822568 0
-666868143 0
-285892167 0
410954523 0
730692121 0
76428618 0
0 -850920739
0 -644693914
-659358892 0
891622804 0
0 20080338
0 -481345664
0 635526243
594784391 0
353871510 0
0 -151547894
-439822059 0
0 79344247
0 767079371
902265034 0
954678857 0
-662354517 0
629636057 0
0 580604667
-586958712 0
600927513 0
488174486 0
662354517 0
912173659 0
0 590902952
0 580243981
-585654206 0
-621888616 0
0 483918611
197799427 0
823619848 0
0 557830221
0 -378123100
0 -844325373
133175762 0
0 135937672
0 930010277
0 -361455271
-207368321 0
-845027143 0
-823196758 0
5383284 0
-631091958 0
0 -801326249
0 337068532
84633669 0
369680224 0
0 434364860
881131828 0
-919664000 0
0 -270345369
0 618470724
0 -206097377
404559274 0
565722656 0
-973537753 0
0 -716664597
970522884 0
279800279 0
0 818925071
-379216928 0
0 -191592268
0 24006153
-297914383 0
0 -635292795
-761866755 0
920942538 0
-727750433 0
0 -223536274
0 322224269
0 -982634905
0 140795390
0 -62090294
0 -188665680
0 -210383910
-906693239 0
0 62769466
352116187 0
966473373 0
428738363 0
988327881 0
-943356716 0
-488174486 0
0 -862172017
626746319 0
0 -843174090
0 -613869345
164473754 0
590395973 0
0 997071625
0 -49337906
0 810776924
602303690 0
0 -135937672
0 -288664230
839107661 0
-353871510 0
-777334856 0
-368164706 0
593720573 0
796690969 0
0 285991786
0 -11761078
-84633669 0
0 -229572254
-965409487 0
0 688313112
510913348 0
368164706 0
0 361321501
406444210 0
40124127 0
0 556767592
811718581 0
0 288664230
999839835 0
335943756 0
-944866618 0
-936168794 0
610473050 0
0 517933382
0 -610367440
0 188033774
0 -887756554
0 -726201624
0 629551722
316179136 0
824814005 0
0 -530922112
0 844325373
530718730 0
0 -645948482
0 -648597480
-393507644 0
569785945 0
-872994733 0
-436396671 0
629186144 0
0 -552302546
0 755121444
0 -871695060
0 849583837
0 491903040
-867588677 0
0 -164015824
0 -545383878
0 626178043
993030162 0
290601493 0
-966473373 0
691304940 0
0 -629551722
65122452 230488575
0 295008259
-162693399 0
0 602319966
0 -19356070
0 -378618426
56278564 0
0 417931932
0 -120090642
0 -785118881
0 -159967354
0 -663247811
0 434978440
0 -919176736
144549630 0
14348655 0
0 421384910
0 897724763
0 -836203518
-56278564 0
0 -445454009
0 -601935948
56459133 0
0 64453714
0 282023661
0 -858528022
0 -395829082
0 257010976
-839107661 0
827920789 0
-208607527 0
-435576447 0
0 714538861
-780773689 0
-541808896 0
0 -937859604
-807406968 0
-341923664 0
541808896 0
0 -29928709
223598366 0
-805936082 0
0 481493095
0 678160097
0 788751745
0 643410239
694686765 0
0 -525610129
393507644 0
0 693647259
338951662 0
0 -589134869
659358892 0
50749623 0
0 718679218
523206847 0
142748703 0
-229990955 0
0 597549931
-560113729 0
0 -169443694
-374637727 0
0 760025700
0 670332285
0 -218490125
0 -956369145
0 -273112747
-989380441 0
0 -635526243
0 868988008
-170422185 0
-7757818 0
0 77679167
0 -218498479
0 635292795
0 445454009
0 218392387
208607527 0
0 723344325
437215560 0
-87530054 0
0 512546598
29351927 0
670503230 0
-582132984 0
0 118578096
0 -657635028
839422207 0
-735724628 0
0 208515406
0 884837869
973537753 0
0 546358834
0 327591997
0 872283040
-686356748 0
0 -5011845
0 446866308
0 -645435744
81298751 0
0 -735068082
0 -458734393
-730692121 0
-209433308 0
0 411791797
128364087 0
0 457528866
0 -69829045
864360417 0
0 -42748195
0 -726650596
0 818199055
-773959503 0
599949855 0
0 -385502354
-508741668 0
0 75897643
-970522884 0
0 645948482
792249289 0
222871194 0
0 -670332285
678379571 0
0 -586789145
113738506 0
-140067725 0
0 -340300156
285892167 0
477207684 0
-101314798 0
0 538041442
548296246 0
0 -171478467
0 939593475
0 559047725
135494162 0
800973180 0
0 -476389020
-885498370 0
0 -897724763
0 -622648300
-912173659 0
0 -795244223
-743565018 0
-681019959 0
0 559559485
-36605927 0
0 683073815
0 770116730
0 212839957
36605927 0
-936184370 0
0 -358554536
845027143 0
165189596 0
653731150 0
698023825 0
0 -997071625
145902363 0
0 -580243981
-135413387 0
-5383284 0
-327340122 0
232191944 0
0 -515474637
0 -112311667
0 3605586
0 795244223
-920855613 0
-60075286 0
-337578465 0
519895310 0
476169052 0
252756648 0
731034789 0
472518462 0
0 11761078
0 -613788003
87530054 0
0 -688647664
0 802898879
0 917801509
943356716 0
-677695054 0
-774896634 0
-135494162 0
0 -556767592
586932257 0
0 314008516
431712813 0
0 -187156270
0 -626178043
247741931 0
-216815085 0
174738296 0
0 -64468172
-548043668 0
0 -327591997
244333236 0
0 19356070
33885549 0
0 78082085
212396153 0
0 724928136
-447134223 0
839708480 0
-530718730 0
489888317 0
186839824 0
0 -917801509
-886492899 0
-520743412 0
-629186144 0
-653649001 0
0 -303942560
0 -879281761
-842736992 0
0 -573837199
0 -916644662
0 926555354
0 29928709
980475060 0
-212231544 0
-773351132 0
341923664 0
0 -395837184
0 -597549931
0 731445107
0 -932808819
-361895685 0
0 416127341
-95865940 0
0 -939593475
-306331094 0
0 -529448453
-476169052 0
563547760 0
0 171478467
-283011401 0
-437215560 0
678805918 0
463075380 0
