1500
-886229483 594163234
936452401 -317456157
108751768 979394532
772321737 226605601
-274424673 202390251
616615367 -494481099
-824991380 -31205655
-448834230 431393895
-94318129 175219626
-283081929 -444852313
-230712483 -641396667
580068374 -357134616
-927986985 -583046890
613388125 -815518998
55625673 -76246478
25915441 69186917
465671252 683256278
454947252 -420256137
101722073 954768810
-394434339 477990193
99050409 -381586379
-785490278 -885159736
280288248 360806774
459226428 -838415056
-118405946 999358946
263878402 87956520
-243449692 -752495223
-168106130 556858400
-95382024 -57477027
-798547807 884854409
16465324 677059056
-487979615 479999145
-91124804 -527818080
661550472 891270171
45588691 -282502248
-20102745 22001649
-86984171 928599131
-26779455 796365643
934694616 -232495651
781419063 -799239573
-624093689 944807940
-593695793 401456741
297672422 992277840
574782091 -340995071
-470462547 687491429
-380108816 863492113
848137731 -551999119
13672290 -27639556
922626342 927375237
911387786 239519516
729662921 746826635
202241245 -386291837
-576356513 202439264
-278808406 -79195355
598715612 -306099468
28324277 -271315741
880476070 360405567
-514461944 426737689
493543535 841757418
112353345 -70930427
454747851 -185305043
261236362 -469904951
-855792191 381817323
-323988408 -375378875
217908643 -146764932
645694488 -199674911
-387963485 887706869
544816669 48391723
-309765403 451057267
652956956 161349497
730782816 -710137402
569366458 -909955430
-830913560 64587210
26118999 47754737
-366942548 751643210
-741893779 570200229
-883409969 -168079023
59615450 833190645
587499060 160277741
-189940435 -366117886
70712367 -729303312
-386033585 753274217
885538734 -996162192
-70459341 185687523
-168663343 380476497
820359150 -286154536
-195884903 -567770543
347377861 -234143739
651151674 899459470
-397784552 -943500688
214444756 -366354265
-570158738 166808330
888503464 879561947
467110331 635827295
526552830 176138198
-129020300 580284255
-327216979 14043919
-218616691 790262158
876997781 -774711777
-341361596 853216071
263086617 -102811355
-415863176 -477147090
298629325 610929376
343749192 908569717
-967757635 -4262156
-163478851 758501512
-870474606 -868853363
-183099453 -150618033
636915834 148390499
-415722506 394998085
-605481727 888445750
156388708 421484094
872030589 -337620948
-213281018 -381893896
54659382 355435791
-169014436 -217918155
-222280336 -464234243
-314134947 -561065391
-845305134 -837748768
399092477 -936064550
678160140 665038963
578441668 729070608
-459301533 -407747533
-319005990 220432297
30051273 -977922700
757432031 -787309107
416477597 869725540
-335532811 915606140
499577517 -243644639
266488171 242373491
-845065473 -355592158
469296917 437285906
104837044 947156588
591866811 -360270662
447304980 972598000
418128571 483091411
-964290389 564195107
999098216 925764491
356778068 -764609114
935492207 167161012
-203558 21432180
360553282 -685861262
-598556555 -231684729
303345653 44849154
-956836715 821936167
-334863447 241456897
421191471 553437657
865066838 32813854
-576654701 444353638
-365268832 380353150
-286452919 -568102227
193082976 -237914373
-137348481 -249186445
573843117 190776524
186238833 -582103260
691397123 -304533937
797252137 278055912
773716347 -768682806
-559089969 -274736424
440708466 646891041
549236630 -495779308
442074732 -415461420
-672509086 -683059541
-396429536 745433344
703129220 124316159
73995658 276580234
620198319 631525347
-539565320 671987012
883454082 781820478
488075460 -376963032
-157815751 -938389472
-258586181 -692279305
614396264 -21517682
25588150 330864711
88014021 61771667
-473975783 -111486244
346226544 -55548044
-415209611 -51936439
-451627829 -429992091
428009071 449160537
-839934599 116001399
854219798 17580067
-977336491 -174887897
20493991 292046543
682582881 -210517298
-279014967 937309820
411776456 -712354657
-704965207 -235151058
627457976 636680456
-250881420 344021964
-492685702 -345880671
-55756592 237853470
338964632 -486363424
-703895581 923056338
-519571649 -271263853
-258037846 7603212
-274362861 490792300
-309574296 646292061
98506592 65966295
229011801 -590766362
-55939324 379230728
-915491562 -491388987
-124104931 36791273
256421365 870280610
318124534 420780136
-114099755 -443109195
624956063 405603997
-649639036 -313630508
111404808 -246005226
-957940280 393296507
-900663533 -481822488
-528940897 -271284412
141748855 511188575
-374303166 -715380930
-518215728 457298780
-486136982 581239340
154712790 -877705947
63537719 681231050
53992783 -396396951
-409255215 -451557575
-117725431 -633075508
-132005478 -752338844
-525748411 -972272542
-221895232 725257249
-593793456 -230792705
154904557 -931638134
367984738 -359284037
859060382 572830301
-36498008 183532683
-735615386 10572228
524290434 -598000469
237873661 819681465
914070544 -398436899
909789443 -982040441
-673977737 431308690
667229671 -381765309
-474648115 266113771
-533744046 -596049998
845933643 941057817
219506100 -228592149
-909027292 956578471
912205525 -966583379
-72367286 -387751190
-425837307 -424750338
768378038 61508488
-601103457 -757455101
556121453 806761625
224017134 341357841
367629076 -209412678
273932048 -154761974
-584561039 336577371
-751349021 -478338741
-676820767 -889978216
-234769637 224669761
-106820548 825836661
741277557 578337409
-179460184 766725379
859077021 -232220925
-906492539 -820125272
-478759872 309489279
118489389 -411544579
827661454 -457966302
246937406 192983325
582579025 385247519
346283926 615206476
215626894 242935591
339063285 -812172161
237180730 -930553886
523960756 -761283005
132815417 -442878762
432822878 -664001390
-236964622 -699878195
-627732756 -730431476
474392688 91992180
497819954 -536864065
191585303 160777650
963503329 -459199502
-749866540 -12211315
-40880566 922775546
12135152 -11199200
-287667594 278119223
-179106461 -614886209
-43357357 -749289078
-229328104 462615280
-529308987 10606922
-983514368 -384623701
747249337 -327182619
424933233 -667863146
519797382 705391232
-183443342 50410797
770264056 -93695198
-206980159 -665768847
398013255 -838823215
466532428 431828460
-313185939 504050928
169324714 152637710
386726111 -135251872
471216884 547026878
-755027408 802043033
-337353238 -88832860
140077003 347208680
440239671 -953477323
-72241167 -511891331
98305676 466504152
554644532 843209587
301303362 -520761623
-176467556 916275968
-61297262 -859680639
-300850660 47178800
669969943 374782385
-55861745 323225028
551109109 -541567262
708158980 378590860
848244585 997677817
989435121 -868531647
-462560656 -33406680
264182415 -767038125
-383451837 -631230323
-441331257 -351677931
-483434844 -28585702
-741713193 -840179654
825076178 -12051608
-815347238 543997340
-859466389 723432694
-836871329 210311920
285231346 675654987
-503402118 -209792056
232928494 207394614
-187951455 -1772267
533296062 568563210
366696279 -410514286
-493505259 511973693
435937734 -385324814
356486505 781008661
-660954816 -100161468
-188552230 -905168250
-689756389 -216534939
-237242437 632988419
254716600 -918647794
208703218 877296610
-275232310 608007893
-196151913 -539219930
-457617766 352357203
433515936 -185272698
83511509 75168007
-657269786 -954961762
-426002220 680673529
215042876 -563276496
-449818679 -483192687
327964515 -333110036
644065013 485651634
-796849478 178442428
188960424 -353316003
-137815073 411165537
-326170299 -538683711
-12536020 677765159
379058850 -543857163
69318462 433675316
-254023802 359930379
-927943652 -977754613
336160568 761316555
841299913 251392099
-204995958 -458655179
910345984 312263977
436390764 12970780
-468610559 182242855
-264439308 372472359
-34503939 143512511
-109490235 -358233545
363174931 689555944
345356414 133605015
-415063494 -353304687
-742906911 401060086
-163615605 -650974762
245968482 143790631
740639185 816045138
636249068 841560272
751874383 50092158
-106638436 -565071320
377702652 -186926726
862993933 -131816061
767924456 -678380170
-544574664 -88955449
718353837 -160979525
138636924 867350632
214170925 747859086
-760496731 -53784019
-702742208 -499539581
477257122 -440320254
665460775 -889624416
244316705 857259988
410224045 917761080
764206531 881186584
-407673619 271998670
704232272 -427766902
872721809 -958456087
-305550774 -861797115
-287051343 -413872834
127358300 -459323897
912636421 162685971
-501098603 -85104936
428879278 -75774365
-842706644 547054621
-729895277 558716326
924911121 -265767971
-303082227 -931123849
-544208146 34125661
-456594122 603625357
-383983362 98551018
-988471071 -557517109
-931965182 -647611637
609802821 -735100844
-983924635 -396704511
-124468790 -882043221
-396122087 191883817
28170987 -429319780
-970817932 -19513191
696457617 474624613
837583364 -161582640
-1169711 -790925699
307838920 -162678479
-628864965 781697712
417418524 586976964
-420620395 929028857
-772378601 660553471
-915399519 -745090092
245658866 973842917
312945457 813766696
158185168 639738206
-739176234 -625339452
-480522517 -186912455
128049395 -379528018
-379690989 187594646
-686945283 364126317
242680804 -572259682
72503699 576201356
-664065145 721248973
-237429879 246370778
420406147 921432165
-786489808 719453437
584206877 778332420
-510673587 865762265
-295711372 -693358238
-392891353 -84710411
193615562 -622179096
-612167659 691451339
714117569 -638750136
-278434721 765408681
531709791 -456281101
4732761 -767167094
-426727501 -15782491
47887154 -229796109
-811187560 984405037
407203087 509127953
456567855 273291637
-137590394 -344004799
3354243 201998205
248343637 362490327
308511886 -45527268
654712088 692513501
863280634 -465990114
-867471534 104916958
758672811 591852841
404448172 947553276
944349843 228067603
-11679523 -731390019
76340691 -281244833
997383495 120131921
-809540403 897453394
755614996 374754327
-872177999 -17632401
852120150 -180337213
-226821700 -89649280
587251340 -370402739
688100851 -406105163
342309214 -671413322
-614233242 -391780165
563510700 393334134
131025275 90648144
133705153 -219229179
357396006 -560276543
274810298 -415968049
-882765035 71874375
53474427 344918669
-934342464 -306350989
851047946 -629589929
392584282 343192988
78760946 235102503
664282408 760576680
131580025 628195617
642678036 -679471066
76478444 449289435
243079825 276610520
-639665477 80528206
58203390 -907050466
549620596 -831936098
-84153124 -466445799
-277853203 545239365
173141963 307603238
566598908 604503905
-26767371 423602209
384082257 202172331
603869032 430098094
-680428592 -324808455
200192747 345914868
-478375337 535462628
566773055 -106433714
-58978815 -873225266
246399484 -654100873
150410638 421974848
373623782 26522407
-841331908 822400263
-39002359 322132767
701494201 -285976415
-816255907 709291568
-551028736 911791342
-65351050 984830391
-157256347 -293554030
888364627 954770325
713133026 -604068004
413224411 -908200728
-20871996 -507769510
396896174 65885757
-120699530 -363841231
630037889 -393634786
816746473 -72284953
-650665450 417541597
91802288 92640230
265370778 -199442874
-784934807 519200110
-572514705 322974791
719363833 -821482968
-338733638 -313003540
240380427 -955158998
-803813844 327759790
254020104 542650669
-117002655 319434682
-854121706 -292573343
341065496 470367273
53378101 104838297
725877452 747305961
941089612 -295673370
875082019 -945717087
-134952046 -555608438
-734205028 -839618500
-259489085 -488268315
438485851 250576203
186709291 -565098572
274843116 -260408490
-383086888 152908720
194009049 700962189
-576209552 461693068
-353432796 -664690590
881653037 892470906
-582735127 31228398
-122797741 212116052
-106527643 -157760310
815198803 -857761998
534342115 -977650267
739916386 605299968
629085441 500885596
-735023648 559842563
353238183 -373297567
637046340 -379871192
505278162 -475176744
402296738 -140592675
-35559577 725374346
841293005 -480525293
-858390543 -518255499
-327812880 764327184
-822111436 622721786
827471645 -278529944
-708604386 -313327874
464054714 -719219089
-363657294 926721234
-614121846 -315367797
-426456542 -850797137
268051016 -794115086
-900323371 182776525
-608701920 171319914
754692299 -585182406
730799598 -817722442
5693529 445884188
504527601 -453529954
-779320223 -597792038
332539877 -422929395
881104439 291464539
-380913590 272016710
-318661470 -14171771
373399071 -304697794
390467045 618140609
403114232 -162192075
-557238064 -96828297
-301859847 -67202466
884395324 933055668
23621624 189278477
-703406212 552744025
585648449 -523379593
-229134154 549406725
155181338 -732527451
215261393 -313965714
-711507627 -669068666
319908559 550625320
398935356 -554809137
-540984377 53205040
13784095 12516008
-613481489 -229867307
-703295213 -676818076
-391408173 -989282523
-204627325 687495978
-578017960 -871188699
958646106 -209398510
-559743724 -530446217
-395790516 -423484849
-581797404 738767255
50957300 -43435513
527653155 47932330
222962264 423296046
-43940319 85199481
318832559 977300869
541622707 -342956503
661045517 530986764
778415785 732208579
-640578124 649326833
176116491 714116910
262704057 473974418
29963066 -804365453
116918012 795620571
-120125054 -827740804
155949457 163711271
321414710 503051296
429440233 -675402815
386400832 -369544429
-549066777 -706723228
387115194 483823750
-145811657 345888626
-260844785 685072213
233141861 -867443845
220205809 -653486182
302750609 -351127000
952126055 -470077564
455074831 89065002
-884519990 -783107387
-666776528 344514235
-430032416 827189192
720806184 -45872465
264479815 333606448
740231344 -662886295
285496321 545295785
399584114 -256888943
545761469 -178592864
-99475493 840939912
-681003041 183826802
294328034 192728555
111492512 -570606333
-670418592 -228722881
-241854209 -696567970
-907228878 199377727
432844290 -266281177
-337779311 788389302
-503686117 11813578
-783771019 -245033509
-318638961 -298137786
566229860 499632419
924012951 -378891326
528594465 273777363
-871618249 -553473368
751562253 400239281
297417422 -707258360
391753806 -46122874
-73713598 832130818
337962423 -962124437
-258528932 -164170876
405491247 -535999082
-287129411 -734773236
-441747276 -68936285
909894504 -840512274
643390871 -291635731
165174307 881967174
-121236816 951520860
37020523 -487546370
-401584164 597750303
-781224486 371416202
491827975 -508069887
-54525687 -858392774
19870437 839227010
959465500 -910391187
382143848 23272156
505233279 -470719419
-531036999 975105886
860128056 456084658
153773319 -16666813
559991167 884605444
-813876927 91154844
-62391402 -419514284
740228055 517249991
826204023 469081141
599890749 -700069676
847464914 441084847
70001444 -848547509
-394708475 -316699731
-678333047 474307641
614242185 130197243
267272988 176443839
-740385346 638372643
-744105520 604855377
211986379 -40548521
-6850006 -753389519
-412847688 924389954
-421349555 -332212152
178207593 -383408689
651096341 -484343883
270192450 -869124076
657692307 689702704
30527103 -479421648
-270279203 235176675
285735797 92881854
565969651 -191312894
266508215 -958416511
697507119 535712031
129301373 533103379
126570343 -144966858
-793568614 172338541
-877034243 216611869
-191400303 608001278
332683152 -964773371
6708486 403996410
17806370 -812088909
852510759 -180027830
-583636397 786722776
-17031914 -591427683
-416451123 165016972
2538594 256632637
-559363187 -130951386
12400834 -919074674
-470835751 353973880
902445656 690179231
821307216 537104477
-605239629 -110966567
-632694583 846507432
-91772870 339832836
145578547 116842565
-268030247 596691333
866083346 -162552158
-58102721 316139912
847753595 464688005
314713521 -346361030
-672500807 619580590
-401836654 -242555009
-542676377 -222021413
-690219826 -455714932
-516052311 222750793
-138026331 -986739894
259984518 795454435
41258276 -847755839
-129368744 842802421
533589135 -659048039
139436898 -207191147
524030834 176216399
475872791 -149458356
-657038580 496390206
-588599949 78040072
-888018528 171536318
335379050 -901464596
-367328837 -904502859
-747319587 551321536
-349198190 -36630823
771754970 99694491
366030361 985213800
673454494 219746568
-600862995 -355128672
-766776402 -486356445
940754190 -510656320
-154728612 475511088
-787411269 178493170
141955503 5576620
-284149496 601634412
-124598840 204922437
70402207 596901701
201426941 385281418
-536279109 50941015
-273045399 -659901093
-624191342 -990587089
602713763 -274524374
972498137 20989089
-26170269 450431248
183814538 -104706339
561237521 587211996
-244336417 588025386
517506810 -74898646
-712174189 -492143498
-739318621 -20822404
267729099 -313410682
575457820 355918717
-23653771 789538615
603587313 214427627
301337510 -98283905
-271319189 668284797
-257158188 270061758
-523616307 269429278
442243997 -649381907
-74111545 -142891691
892100633 -939313628
-55986218 -28282976
-694749378 73205368
761762912 409153855
107624352 580328058
-151964616 -146861273
323470890 -872159354
-138244078 499675837
731818619 778956339
-526633745 252086340
-838822727 -965511135
285050398 255775169
867047545 -198782403
374398132 -826400713
-47792846 892831416
360099012 524361617
303112422 111342782
537470242 -605318318
400343609 701043199
554017179 344284802
971763354 -172060006
44227657 -630068122
598156269 -716723735
306016873 259410454
-383089843 -212871056
-145991667 355246599
-142074748 300817206
-278209648 -785941440
746905254 267269028
351203884 -343661725
607587698 394950908
246906162 275545044
-915830392 -490576615
435888861 -880261426
585249092 -381994564
-619143393 -635830397
-213172901 392785176
-942542136 31786147
230154106 -463727131
-765757133 -349836948
216393893 255482878
370853572 217889822
790953030 240605215
21427831 -61320937
288556831 -513083431
731789002 209131422
-612419612 -198342911
294835904 632430396
275333602 -254610510
-353149123 348099185
92229376 65987022
-111495132 -233560683
760379274 -825233347
850328647 -478293372
-437147393 -819156961
-358200395 -525020365
884572684 -422559344
571769942 638362237
891924812 76159419
153061179 -681234025
-294483423 76944672
-651609517 -476514394
921943788 -515254049
613886301 -444844373
-483998566 301414717
-622479552 302445390
-872227012 -636677950
-647767169 25018968
-499107472 -3390423
361454456 353349842
-736624321 -554987735
-949974222 -504141479
-959280541 522582937
139642785 -651092992
-335740016 -682782332
543409462 90227029
-794069924 -751054068
-26568012 378924652
-474639631 73881627
-940949597 675884205
369734709 -890661515
-306826688 196184289
-979005896 918959803
137658900 984150250
234725582 -595633388
97471243 796540027
-550864447 -675198234
-606615838 -37908748
120629681 246850508
481906170 -14490644
287136692 454266157
579585218 -406241721
-928432724 -701296187
461801948 -131083447
752943351 975414894
900813865 -899003523
633078277 -776078767
-275521782 -74079528
-767434363 -327063734
684237281 225448593
466886723 -143447470
463124025 116495980
-667033976 885271688
110938325 587685423
121309392 653715835
320512646 -299653193
400472416 66832476
-567309697 -195657739
518029503 -430354870
204252010 -871157699
-563263072 675219597
-990675009 283864489
184389600 -909583413
-290417254 -919291129
-474859758 492741556
-739510224 237017213
968026284 -472302384
771546356 -882960100
-25815008 -124375641
383954181 655506733
299118812 444840933
791586037 593950576
210411559 900832045
712569303 863128350
779335327 798090138
-334569893 76761720
-646256175 355675407
151880220 445883172
-301528524 852777664
-5408273 978628126
969404812 30008672
-431027421 295518923
72553708 -47201875
-855534038 -844716169
-676154971 981453559
-521610576 -304025550
260246298 -870500898
358532692 787286158
-740536578 -651979766
53625660 150946348
884604636 489649430
-608541226 -118163085
636451534 469973618
-715851051 -484290744
833382146 32148724
872572884 743403718
-102426238 835235275
129514441 -492725529
-590146119 -603267296
200801154 195739531
-568187572 153459391
-744389482 441748836
-315501385 -567933821
885393179 -559173974
-891951180 -10705017
-507111881 -398784407
710253538 109726599
772801664 -739088858
-410793780 552539727
924477349 357937142
-41845941 837254749
-170490036 265755655
795328236 -806935526
-9901156 845232415
-837541321 -621340902
-854310965 673885981
429050548 -819263748
8378089 645420265
-293021382 963273242
-176610515 939355279
318844233 -552742689
-671943688 664270656
-818296761 -747695798
-12062734 300912182
366713600 667592314
-324884981 973299927
357407469 745288484
1894076 355616639
142585686 379274424
656266481 59879114
252041729 442619471
87968466 -753358203
687703605 -512042198
596317744 -548042465
899388600 -928877274
374537185 -716895087
-387891609 -135281934
-390087070 -315814129
965958320 589277311
-300525470 280942625
53111233 -683271286
-388544437 -777704123
-43320654 727540121
415481595 -130944317
109290645 242017531
144245202 -262238272
265891465 575556532
992350079 -458095002
181121907 964439302
-394601645 -132810956
602560923 -90695167
58146617 -536375264
510463659 -37116193
-155937225 -359317925
-46925629 289562608
411320197 -88917821
-912596511 -684356102
544609117 -211448654
16715986 -482744404
358381336 317451871
680610089 -916582441
46036207 748535226
-489026639 -606937868
956566829 -436732964
108410705 -909378500
543625701 -405585260
-588407673 623612548
-749510674 633824819
-830769664 -782109320
-236432115 654558107
-354142342 -541251403
-816862797 472751812
-626482771 -858787463
64277357 487073989
-716976593 445959597
-63986360 -354906128
-363542925 -134638554
972605163 922701003
-93319915 -504949008
-885058697 665171870
-837626909 -334924272
778951349 843914189
726500881 -674403827
785784167 -306432486
904584467 -395462586
-89434840 -163677858
-492118950 -821407077
-314197940 116078117
32442154 -308438110
74171579 -431878848
-374686282 -180079162
55446854 196185205
-527139869 -396069434
776465285 -263799065
-580794567 544353268
-756901302 343385732
833020939 59839613
328657066 -381224150
-243202140 578355719
206482468 114068056
-809096625 -54418897
-130209064 765223860
266845440 504717445
577009352 516218641
-104279391 861481831
-38714572 -893805480
180870252 -756635649
362792915 -543571951
948576009 -706789311
350502748 -197033388
630163931 -953652635
324126557 -423604578
420932303 -167671059
-380026893 29527637
528345702 802915622
-1040559 -352560974
602675020 -196567810
940917397 -611332810
-320329481 644007043
18974750 758740556
37722255 67149847
-327885794 460363357
258790748 -125169441
-974545687 132923659
-83999036 -24890591
986654029 988770181
614410703 228000171
-526440058 -532672889
-991936758 817819948
-163514627 -143792957
767428246 697288689
912015522 93077572
-604057262 -489201299
-548002307 -253999355
657314132 -762448300
-845487437 -93407704
535767104 -550720748
286415981 -229331329
11142571 -990421339
111498088 -159066744
437329878 -671541059
708608229 -202268957
-242736921 -166724348
67716799 -491482133
-673601027 -589564392
-374398923 399007853
-147155221 -145039069
-276820199 629394723
908409206 324142283
-848674161 -867367040
266988629 -592301502
-423896029 20402359
-102140347 -584751617
-627433008 237349483
640603761 188789156
-243057110 -752519193
790810106 -706444047
771247150 99068818
-223782521 -194468638
-760749744 805923022
285190692 -23685534
866460083 -451115843
560549022 740563683
104972151 -127714094
582097062 -833125857
-225476239 -100611022
-223547879 921460006
-897895448 456945117
45858072 -500399387
602390907 -232765161
-742659473 277499489
-912180228 121772405
852997291 -731317107
858029923 301981275
469724840 -294197724
-593649022 -352884341
-527352947 -40608127
103192100 330865664
-730626514 -153352152
-52592103 142931176
392111739 417841837
-870130065 -351680157
493358700 -137800424
731015125 -431433946
-530733853 -401959738
-734808439 -65635826
-298872077 -204912199
310744384 445870314
33519947 -394318250
656759365 595475451
496646843 -335001141
293921096 -580316018
352586175 -610343971
-3941182 -501432488
165385397 -776359910
-229476256 312262570
-361259234 281503552
492085096 -789027881
1646897 -204767508
237652409 -103425355
-397329689 -233996249
-899399398 164147548
771970235 -702587670
-268117453 -113047717
34099287 -262973835
-697009045 -422439125
-553013350 554629601
-121331165 -291771297
930617415 199300614
-180616547 -633798980
499311559 790755801
85523288 -938076197
701156313 542060315
-818474952 -111580943
962050802 994532222
762208208 -858650872
-361975780 67178196
452309828 232484746
584022872 -355808543
128700842 649428341
-882754900 -759244049
-170426948 44150040
-136650757 -818806285
838908301 -600933969
770874389 757576929
578388171 -524246188
-966869688 -57171404
63714632 -965824049
450097983 -259660106
856667641 -24052071
-697553753 -334102074
-37389255 -379540613
-320746217 -300350560
-177912354 -311462622
48965591 -401770012
-192591771 -724156518
-550182284 -907109398
-231972008 344348336
455889291 -451247306
260114594 -541115223
-524550995 -744376077
-643607744 967373458
167023018 150336014
416016046 -269213499
985423122 26277662
-457010727 -442900500
-814921806 530520343
-874179652 -635553364
-224640345 -888398793
178389034 -382304557
-511361622 -116813116
546013376 -656972167
-368868155 -30340003
-324901377 -500325601
-876807266 -73850335
733066428 294695524
92865597 -183649639
-865106760 356563787
313331230 -79678784
-123786328 -706055082
-689535348 -719022089
95090857 270224402
362092230 -744386786
-668187800 953407097
-775243445 -169278524
121645032 659695430
148534808 -3329526
-64265705 -387091725
307259774 -204500316
631555070 -829359022
154342898 856050916
497535782 71935207
-265626779 -584483293
254755293 -388619951
897767589 -800956257
423805665 -802347584
-226962697 -446598626
-15817810 347455362
18972874 359808151
-713300193 -308281547
-806645666 769852636
-144734572 -775502380
253144781 -109463590
-676693987 -951621077
-598011728 342670860
-202581022 -455639167
294496041 746922552
509775979 -572313149
249734865 -814699471
818087084 -639801186
-768887538 101452566
-36493779 72735190
-679159108 -85759575
-940125830 -830896861
-439777218 -342497006
513876916 157685391
897935185 980383857
-143518811 679396562
589715322 428599949
408783921 413407301
751697013 -850858853
-712948214 -277778162
-901973124 -829098002
-905765553 800214380
-79961721 455218421
438335337 723164912
-790847616 356240680
530851248 -257038055
427855659 -659245066
-640437889 152842044
-637294966 804350624
504403257 -304513192
-610494364 -622034884
-164618081 261977833
-7639982 -912401751
601228024 633709444
692773794 -507158546
-769106601 -193945123
-176541567 91308137
-66002739 -376169422
-941957286 446597274
179078628 407461724
132145094 -22863968
104972141 -645950056
-372032118 -864246821
-336301670 -852472618
419919458 -718966984
600715073 857835624
-215216058 417088402
-143839729 -874594080
-731847896 935110252
678985388 198223872
-222031348 -813166457
72954361 88307651
346958993 458180806
658481709 -476422086
-414337204 579838927
-25081743 301273302
-516146250 49640567
-822423143 -603965205
-233740625 334966465
357935502 -422159687
117702687 226931656
322118615 -867655885
-299882161 -607463850
-784054690 -711383368
390704 -91579159
-74463299 856334980
261026307 -419227174
-945435515 -820479018
406758360 -364067275
315302042 519401293
-633923612 580929638
-719604126 -54491829
743229654 -542141099
7937280 -158863743
378426335 -468360624
-85470092 -52527886
-626384025 99594185
91851657 53565002
-986783413 252465084
-361494844 -950047248
53714994 -134368953
630878828 271928536
31487066 -183136817
-491971344 -611183688
19318521 -848470943
-585930764 -599051941
765489527 687069460
686548899 526392233
-135943497 -548772307
-346337651 -108359866
763812621 49566857
-920624368 508299344
-451901289 -338064507
214938084 238282249
849649083 -443431123
-686651619 375976984
788625967 90873904
-668136365 -365765600
825340692 474311383
-291983334 710493198
-721665620 -301960838
771391785 -977408641
-326868356 380297976
-984676062 746649035
734572609 -502474434
-205664048 872696758
570784420 -428090581
400818075 269735453
-336522863 -259390089
218934252 -405456359
-166662290 -246010728
19691255 103329780
427223374 -903816684
431410759 267551959
403906209 414724078
-571933317 -618140523
-55335575 -335191423
123375757 156593119
839498808 843731112
421344732 -41926345
-292133708 -77556720
-116518095 -456509264
775900794 43731919
721832541 -247967168
152681382 -562489666
-828457646 566308723
848180982 -245241861
991696199 971961217
-98639346 -438934912
33589426 -733753671
-568360255 45949984
-27689066 140502694
-748672197 -308610815
-446361039 129959305
-586955480 -150309118
122910507 522123173
877641677 61356733
-220705018 880152365
-593917485 -378361925
-556709683 -430352349
-680939920 -339322060
27720253 91967605
-209655795 -107673698
-737608006 946811131
-324664636 -145308664
509202361 -47589243
594799123 -46679570
90535387 -807910157
447485671 -409347272
-560484633 266858604
565865452 741008141
-802571214 -566880866
469447594 846384752
-490273439 -776572583
663962886 906444411
-347984117 417197535
607216823 850920468
-268419958 -424988013
-695044131 79260890
-526487512 391948546
-49319673 -219467456
563460289 221346483
-80617832 855341485
64663582 70835428
41692756 -261434117
713153189 -771427453
-143429535 -857872316
373353726 101588849
524619224 496483700
-900333280 528172635
317255517 72403437
-535617850 -616106774
12163185 158968216
-562012445 -21762923
21888109 -75228278
-417526863 -500997411
894676587 812989182
325349344 609702889
209699411 -351388553
254064731 -787278274
128465171 47860814
468615070 41708927
-461651033 450073388
-729439809 -303542182
556374403 349981704
-69842072 144734916
-700307907 -166619746
-291758629 772268401
721881006 137371141
149506077 965306937
-173181863 -989466807
-164402095 -660522344
772008118 -654387446
644952370 -658235692
432976939 213077174
736532366 -251833193
-225051977 105510426
-128851929 -128863903
945927994 87132200
81208908 299666846
598756311 -910592715
271490348 -663460999
437672912 510858598
394806529 -926346252
111775851 -364721592
-322867464 -951840774
168427694 793249471
842368334 956205116
246854144 207970401
882481165 734802147
149789182 230098639
582438554 -798751768
476169037 252054052
45345068 -789848119
336347732 302973724
388342266 -353806883
-204468330 188290248
412862079 743956026
562204125 994219966
-46466928 994157137
-303763669 -884773636
-406505640 605702188
-104952100 -539329677
-778607806 -336283883
-379167497 667479406
-182823363 114675683
187807469 -624423075
-350575206 661275612
-872171254 -730751863
-229170054 794298607
-631815170 260481017
-274805985 217393392
179718462 -657446983
704459814 -928110074
-579213718 -409005899
240896189 118328361
-247131641 122455325
241259362 493701016
220318224 -567471197
973070459 -404238653
-118450586 763071175
-265772102 300129518
-14971998 327702374
334093027 -178261292
-896320109 -666600410
609182613 -347098961
-146718320 -996199
276833846 739793464
66062687 -200051554
151888798 -375645194
-46787910 -104840593
-797862883 -803251309
256018973 964492553
-41569211 -882172367
329892110 -241435895
-770694727 746929757
391976311 680136483
-838337350 -550177178
451892482 238257011
295798367 191824614
493542606 -207610081
615486572 917372311
398397713 -49119349
-20093698 -502679745
-951672970 -128750704
-81367533 879545647
