1500
-924858342 924858342
-527373841 -484745692
-337947053 164899200
-101399287 101399287
-669384123 669384123
-232099030 0
121020812 -275449691
-733281218 -733281218
0 144993756
-408446259 603945396
0 490417130
668901696 418707997
-613035567 -263947398
-822062277 -801980078
274258326 -274258326
920890904 920890904
140777309 630022043
0 772416984
-232099030 -232099030
508779025 -508779025
-706325685 706325685
232099030 232099030
-938912642 938912642
0 317664674
291293255 -143075116
411022835 655668069
508007169 508007169
224964626 -463316997
-968293104 -968293104
0 -280631620
-924858342 -924858342
0 -924858342
687563126 -300302903
-728488185 -728488185
-893985082 893985082
-880274321 -880274321
-810414301 -810414301
515063725 515063725
-439984509 439984509
383195757 63938405
972655575 -972655575
712450407 125575083
0 448973639
-70089005 70089005
-950516491 -268059683
0 -256403434
948646457 -948646457
0 -542666729
-328334666 -625587826
724540458 0
-359435503 -359435503
-777459472 -39569296
-555449206 -555449206
-274258326 0
221006362 0
-70089005 0
555449206 555449206
569560305 0
562135218 -562135218
-83983905 642606966
547052913 547052913
445388771 606599391
-508007169 0
-509961179 571663033
-834934798 0
-221936787 -221936787
258492381 258492381
12184320 0
-19060523 -123514501
-680279269 -680279269
804718748 804718748
221936787 -221936787
274258326 0
769273622 -239133989
0 968293104
-552317946 414003744
443385961 443385961
-303778600 742906815
-309468989 0
908300382 -922756208
74993459 -159694308
758338476 -758338476
0 -722792184
-923033148 923033148
514022064 -514022064
803821325 803821325
-309468989 309468989
-673689390 673689390
0 -51677795
-106726204 -106726204
673689390 0
-365624847 365624847
705127271 0
-237083452 -170144620
198163004 -198163004
503459540 0
-508779025 508779025
-721841009 -721841009
-12184320 0
468766520 -481644097
-221936787 221936787
381136277 0
849658451 -849658451
309468989 0
317664674 0
551301032 -551301032
0 -673689390
0 658223291
822524147 -517290759
959100954 -988031145
-134345243 0
0 -652267796
-951169373 951169373
744187972 -387760370
-932555901 0
0 -728488185
621793010 621793010
-706325685 0
-737166380 -199996605
348456605 914677814
364792974 -398401153
0 -964782215
722792184 722792184
0 -680279269
256403434 256403434
-609317699 -734176538
-854218356 512686050
990036334 0
-547052913 -547052913
675251263 0
321814236 0
-513593193 0
0 -880274321
0 -49937547
-373063757 -533900440
524478979 -877144827
0 202455432
265318861 0
667652480 402156635
221936787 221936787
0 -189085272
540879050 -540879050
-169311585 169311585
-635127597 0
-899783523 -899783523
0 581445050
0 -837284472
-680279269 0
-221006362 0
-106726204 106726204
549841294 -973548009
-474947549 0
-169311585 0
-690403033 0
-551301032 -551301032
706325685 0
0 -69021522
-280631620 0
-621793010 0
-675251263 675251263
0 551301032
-274258326 274258326
-202455432 202455432
175175602 579035849
-256403434 0
948646457 0
20194162 20194162
0 -443385961
-57509965 57509965
680279269 0
353884402 353884402
0 -365624847
-758338476 758338476
625647268 -195544430
43327860 43327860
-365483924 297619557
-178990930 178990930
412395286 485558471
0 109998296
57509965 -57509965
-309468989 -309468989
832374 832374
0 899783523
-349447369 242549228
101399287 0
0 -439984509
0 226959596
257841039 257841039
359435503 -359435503
675251263 675251263
-926223850 335471369
513593193 -513593193
376808602 -406912049
0 -562135218
932555901 932555901
-305018603 0
588793647 -168546944
-443385961 -443385961
0 880373614
0 -781133109
-84702170 -869445947
-849658451 -849658451
872999725 771169446
-801613961 -801613961
781133109 0
-665755336 0
359435503 0
880274321 880274321
904648127 -339795907
90158304 -104912537
-837284472 -837284472
51677795 51677795
0 -880373614
-935362138 335500888
-565494490 -565494490
-218677424 218677424
-804718748 804718748
480774896 772792872
198163004 198163004
0 51677795
683713298 588340597
706907338 706907338
0 -558572132
-706907338 0
-271674278 -271674278
-34151576 -34151576
-774585935 -774585935
0 669384123
-341294703 132311147
-676649855 676649855
-641393419 641393419
255739852 255739852
0 -721841009
472104776 -636596022
553570838 553570838
-724540458 724540458
762849121 -762849121
326270168 -227579726
611657259 781484062
-964078337 0
-706514909 -556640925
143955855 -114380332
-79515729 188480611
-161968109 0
-305018603 -305018603
232099030 -232099030
-665755336 -665755336
-161968109 161968109
0 256403434
448973639 0
-259603338 90830971
0 -705127271
0 969886637
964078337 -964078337
941876475 359313467
-485566737 0
565494490 0
486221984 0
721841009 -721841009
255739852 0
-365624847 -365624847
-547052913 0
128496970 -465075882
947977549 -947977549
-676649855 -676649855
202455432 202455432
72947448 0
590250795 -216622066
-144993756 -144993756
693877937 343023835
849658451 849658451
-200161402 200161402
-9187284 382749583
706907338 0
88425821 -88425821
0 997613917
-964078337 -964078337
722245048 439799450
-485566737 -485566737
-621793010 621793010
-805519469 -805519469
-774585935 0
-880274321 0
-159077327 -159077327
-625349127 0
-658223291 -658223291
-731131881 755756614
-189085272 189085272
106726204 0
116093727 614418386
-273782932 273782932
-837284472 0
159077327 -159077327
964805341 310894317
-635127597 -635127597
-997613917 0
0 178990930
268908188 111382768
-968293104 0
-705127271 0
-15740633 -15740633
273782932 0
-972757979 -669838543
257841039 0
373772937 -373772937
0 221936787
-785037893 785037893
127067792 992319655
34151576 0
0 923033148
-265318861 -265318861
-674909874 674909874
0 959008222
15740633 15740633
-553570838 0
-542666729 -542666729
722792184 -722792184
-514022064 0
381136277 -381136277
916195335 750189644
0 674909874
-832374 0
480859832 751775445
0 -200161402
0 -513593193
271674278 -271674278
-25603428 854218150
0 481270637
0 555449206
0 -603786911
-359435503 359435503
997613917 -997613917
728488185 -728488185
-198163004 198163004
0 -690403033
-972655575 -972655575
0 503459540
0 274258326
-920890904 0
63297943 -589200318
964078337 0
69021522 69021522
617675372 680791942
-109998296 0
178990930 -178990930
-64628955 533594488
0 -658223291
0 -555449206
-575224798 0
-558572132 -558572132
88425821 0
-481270637 481270637
569560305 569560305
0 -669384123
-834934798 834934798
500496057 -481421259
-423728091 -759240073
-69021522 -69021522
-971115224 -753406117
-169768138 444538782
658223291 -658223291
-562135218 0
652267796 0
-317664674 0
-920890904 -920890904
0 -305018603
652267796 652267796
-997613917 -997613917
658223291 658223291
-356165092 -195927877
0 257841039
694979794 244673995
-69021522 69021522
542666729 542666729
-134345243 134345243
555821717 0
772416984 772416984
1284065 956107294
-647084954 -822656023
810414301 810414301
365624847 -365624847
317664674 317664674
-565494490 565494490
305018603 305018603
198163004 0
540879050 540879050
161968109 161968109
581445050 581445050
-362489508 -645457135
556601537 -985210922
-562135218 -562135218
-553570838 553570838
-669384123 0
-273782932 0
990036334 990036334
309468989 -309468989
932936070 131413226
443385961 0
-997613917 997613917
625137146 931023477
-889052688 152188146
-486221984 486221984
-948646457 -948646457
0 70089005
-977296661 -202926026
373772937 0
0 540879050
196066222 36333922
-280631620 -280631620
-317664674 317664674
0 258492381
-706325685 -706325685
486889251 486889251
-772416984 -772416984
-515063725 0
280631620 0
-486889251 486889251
-178990930 -178990930
161968109 -161968109
0 -625349127
834934798 0
-555821717 555821717
-381136277 0
-673689390 -673689390
676649855 -676649855
-353884402 353884402
0 -706325685
69021522 -69021522
0 553570838
813519160 -602651472
-509312885 111479229
-866936847 783172443
988687701 -275344959
109998296 -109998296
-94650461 -684377711
0 -34151576
305018603 -305018603
0 920890904
558572132 558572132
-144993756 0
513593193 513593193
134345243 134345243
-996332219 -226486526
565494490 -565494490
0 -88425821
547052913 -547052913
-832374 -832374
-652267796 652267796
-572924408 557570977
804718748 -804718748
161968109 0
0 565494490
-159077327 0
435248368 972617929
-101399287 -101399287
-542666729 542666729
-221936787 0
-658223291 0
0 198163004
684089557 -634437681
200161402 200161402
-899783523 899783523
-450220050 0
474947549 0
679195420 182903006
-674909874 0
306913849 -362031749
803821325 0
-852282986 629245017
34151576 34151576
-558572132 558572132
109998296 0
676649855 676649855
0 -198163004
569560305 -569560305
0 -486221984
-169311585 -169311585
0 676649855
665755336 -665755336
226959596 0
503459540 503459540
31422417 54740165
959008222 -959008222
-258492381 -258492381
0 948646457
486221984 486221984
321814236 321814236
-803821325 803821325
-920890904 920890904
621793010 0
0 893985082
0 271674278
-256403434 256403434
0 837284472
273782932 -273782932
-280631620 280631620
0 -947977549
505534656 -481550733
0 762849121
271674278 271674278
837284472 -837284472
-265318861 265318861
260223898 632171984
-665755336 665755336
-625349127 625349127
-785037893 -785037893
0 -359435503
365624847 0
0 -762849121
20194162 -20194162
721841009 0
810414301 -810414301
673689390 673689390
178990930 178990930
-58863313 618571471
0 555821717
558186529 5437470
-569560305 -569560305
785498090 998253051
0 706907338
972655575 972655575
70089005 -70089005
416676590 0
-689768710 689768710
0 -373772937
930048746 -551757465
0 -951169373
880274321 0
-887143258 318569901
639153618 44297272
258492381 -258492381
231185886 118711100
-51677795 51677795
-681333441 30641749
257710786 299361102
-551301032 551301032
-938912642 0
0 -932555901
508007169 0
-833993054 538449122
-255739852 -255739852
0 69021522
-49937547 49937547
558572132 0
0 -972655575
-749176992 -217190073
969886637 -969886637
0 -317664674
-490417130 0
0 -575224798
924858342 0
106726204 -106726204
-485434487 436184954
-72441769 375963766
-733281218 0
486221984 -486221984
474947549 474947549
189085272 0
-443385961 0
706907338 -706907338
416676590 -416676590
237736136 -754480683
661090843 -684464342
0 -169311585
0 569560305
-416676590 416676590
0 804718748
0 72947448
711433936 575384398
-849658451 849658451
0 515063725
728488185 728488185
-676924687 -663244809
-508007169 508007169
485566737 0
508007169 -508007169
-603786911 0
945084671 900971633
903123255 -888877687
159077327 159077327
-681416007 -681416007
600777710 -7461169
968293104 0
-382251333 -989871116
0 200161402
313042301 -531519384
729997157 112273388
0 218677424
899783523 899783523
0 -273782932
0 486221984
0 439984509
21514635 393998598
320851670 -580786686
603786911 0
-43327860 43327860
856272932 -514383350
0 722792184
-134345243 -134345243
781051251 480336152
0 -503459540
562135218 562135218
920890904 0
222533284 825942969
555941942 -833839507
-779211132 534212403
-321814236 321814236
33967903 297340896
-821403784 -450416226
0 680279269
621743614 611735704
555821717 -555821717
-365624847 0
0 -274258326
706853626 782453402
0 265318861
-540879050 540879050
-321814236 0
459002562 -276240590
-503459540 503459540
924858342 -924858342
388938538 -332230611
101399287 -101399287
-555449206 0
-423030259 -827414680
48187612 417621525
-688020007 -768699435
-762849121 762849121
555449206 -555449206
0 652267796
-52819794 -639418334
-959008222 -959008222
0 972655575
-486889251 0
-426272974 -251502603
0 -448973639
669384123 669384123
-271674278 0
-547052913 547052913
938912642 0
547052913 0
607557775 761867697
-555062038 940285884
0 -221006362
169311585 0
-252608875 -302549791
689768710 0
0 -565494490
724540458 -724540458
923033148 -923033148
-70089005 -70089005
0 -481270637
900326454 -70574986
309468989 309468989
718386524 -881026674
226959596 -226959596
-682473961 691828790
775252012 487510042
880373614 -880373614
-439984509 -439984509
0 34151576
680279269 -680279269
-810414301 810414301
0 562135218
-373772937 -373772937
-514022064 514022064
-688983768 -698001896
-641393419 0
-782998507 880229269
665755336 665755336
-257841039 -257841039
134345243 -134345243
681416007 681416007
0 -772416984
722792184 0
-143055937 -542692453
-320809272 -357063702
-899783523 0
146322562 263498411
-781133109 0
-551301032 0
60722326 -966839717
0 -785037893
-448973639 -448973639
0 280631620
-317664674 -317664674
950214135 0
481270637 0
69733195 -640090440
12184320 12184320
169311585 -169311585
-595515540 -144437400
-722792184 -722792184
-167036820 374977633
277297489 234010062
0 -486889251
0 -555821717
-568489061 -454337058
-881269350 -608027224
704507692 619300088
-490417130 -490417130
625349127 -625349127
0 558572132
-474947549 -474947549
-20194162 20194162
200161402 -200161402
0 -218677424
221936787 0
706325685 -706325685
218677424 218677424
0 -569560305
-733281218 733281218
0 947977549
-785037893 0
-57625879 640836217
183178691 975512446
490417130 0
0 603786911
-106637593 691782304
221006362 -221006362
867914948 -661698342
689768710 -689768710
-257841039 0
101399287 101399287
0 -893985082
972655575 0
280631620 280631620
-485566737 485566737
-486889251 -486889251
400083753 -879596245
-826732674 -249951911
0 -758338476
-232099030 232099030
0 832374
-972655575 0
0 508007169
-575224798 -575224798
0 803821325
-569560305 569560305
-189085272 0
-15740633 0
834934798 834934798
-15740633 15740633
109998296 109998296
-258492381 0
70089005 70089005
-196909750 961374992
-202455432 -202455432
901880582 892532314
0 -724540458
744899437 920886058
485566737 -485566737
-581445050 -581445050
762849121 762849121
0 -353884402
0 681416007
553570838 -553570838
964782215 964782215
760587644 -356542207
551301032 0
560354666 340935958
-450220050 -450220050
0 801613961
-12184320 12184320
226959596 226959596
0 486889251
-159077327 159077327
74969211 292859851
838454474 263000430
-951169373 -951169373
-918159210 650241613
551301032 551301032
990036334 -990036334
0 -635127597
0 -938912642
0 -553570838
-959008222 0
0 -706907338
598734840 507236929
0 641393419
490417130 -490417130
432007745 526437688
0 -20194162
893985082 0
923033148 923033148
-226959596 -226959596
-131646810 52771496
0 189085272
-256403434 -256403434
-742230715 -812600124
486889251 -486889251
0 134345243
49937547 0
-20194162 0
690403033 0
8048389 340551868
-565494490 0
565494490 565494490
147243676 -227057666
278254567 -920875015
218677424 0
938912642 -938912642
-608020337 50696844
-441354074 -70422814
0 690403033
-690403033 -690403033
-950214135 -950214135
-947977549 0
-515063725 -515063725
-721841009 0
-473554747 -244565209
681416007 -681416007
-600064874 992318913
256403434 0
-409402890 -309266673
943087031 -163495493
-656542234 -651978330
732479744 -755888489
944154429 413086120
951169373 -951169373
0 -681416007
-101399287 0
635127597 0
-880274321 880274321
-49894639 -240059678
439984509 0
0 -689768710
381136277 381136277
-728488185 0
0 232099030
690403033 -690403033
221006362 221006362
-964782215 -964782215
-70237436 584271765
353884402 -353884402
446190121 847176231
-200161402 0
0 -774585935
57509965 57509965
791870480 106291723
951169373 0
710279719 460006885
689768710 689768710
-762849121 0
0 -641393419
0 -834934798
-728488185 728488185
958268919 -259595557
678880039 -896691904
-123074480 -206941862
-964379523 364887488
673689390 -673689390
448973639 448973639
-868220997 861517534
-443385961 443385961
-999560546 -206256428
721841009 721841009
733281218 0
0 621793010
-51677795 -51677795
514022064 0
-730103464 -686413648
51677795 0
542666729 -542666729
-43327860 -43327860
-727322347 415186991
-625349127 -625349127
-652267796 -652267796
-837284472 837284472
377630706 122037719
-257841039 257841039
70089005 0
-83012229 -278783039
-780274175 359469882
-305018603 305018603
0 733281218
-51677795 0
0 159077327
728488185 0
-990036334 0
-159157955 532789009
72947448 72947448
0 -12184320
-597245674 370208011
-801613961 801613961
-555821717 -555821717
-983902396 723566259
0 -43327860
-581445050 0
-373772937 373772937
641393419 0
-969886637 969886637
-189085272 -189085272
-109998296 109998296
-486221984 0
69021522 0
284889014 90388133
810414301 0
-703735300 -673694318
-226959596 0
0 169311585
634911315 -493185606
450220050 450220050
-722792184 0
553570838 0
0 -804718748
443385961 -443385961
768530697 -902529156
540879050 0
0 -540879050
-265318861 0
-680279269 680279269
-321814236 -321814236
0 -258492381
-532102572 357088684
-16573983 717669050
-774585935 774585935
-438739591 253443
980774876 -244991201
785037893 785037893
968293104 968293104
674909874 -674909874
-690403033 690403033
0 43327860
0 513593193
821360049 195648847
-648950632 390923399
-607767539 465263510
959008222 959008222
801613961 -801613961
-803821325 -803821325
-675251263 -675251263
-750876110 297016198
0 880274321
-515063725 515063725
0 443385961
15740633 0
507489290 -227623178
-258492381 258492381
0 785037893
232099030 0
0 -964078337
450220050 -450220050
781133109 781133109
-964782215 964782215
-204812653 -666865614
0 -810414301
-801613961 0
733281218 733281218
-486144010 -856226341
-198163004 -198163004
0 -675251263
-669384123 -669384123
-72947448 72947448
0 -832374
200161402 0
-100907606 56749883
257841039 -257841039
-226959596 226959596
0 161968109
15740633 -15740633
-762849121 -762849121
0 255739852
-134474374 15573031
-804718748 0
646940737 214969935
-57509965 0
-198163004 0
-359435503 0
0 781133109
231728893 -500204180
969886637 0
-767689826 374067090
893985082 893985082
0 625349127
-543021079 -518248365
0 724540458
-880373614 880373614
-658223291 658223291
-689768710 0
551987587 -559185815
359435503 359435503
-565318412 942783995
-540879050 -540879050
795310830 852129326
0 635127597
-494616783 -283784362
-514022064 -514022064
-810414301 0
-804718748 -804718748
-353884402 -353884402
0 -178990930
-888458343 491036206
214657701 -463472901
930211446 902346477
-947977549 947977549
0 834934798
0 689768710
575224798 0
-898198458 84830791
675251263 -675251263
-513593193 -513593193
0 20194162
-131132880 -348406671
-503459540 -503459540
-964078337 964078337
365624847 365624847
581445050 0
0 810414301
-772416984 772416984
543029278 0
317664674 -317664674
439983062 562202512
0 -621793010
0 -109998296
88425821 88425821
448973639 -448973639
-860524909 -154956470
-49937547 -49937547
-481270637 -481270637
668164574 -88797460
0 -70089005
0 950214135
353884402 0
785037893 -785037893
145091920 -791986180
681416007 0
305018603 0
-758338476 0
-325806064 -718489433
-932555901 -932555901
-508007169 -508007169
539976703 336460779
976720871 77887366
880373614 880373614
297621140 357939185
0 -959008222
0 575224798
-34151576 34151576
745597502 816905781
0 -221936787
503459540 -503459540
0 -265318861
-416676590 -416676590
-705127271 705127271
581445050 -581445050
674909874 674909874
899783523 0
-109998296 -109998296
251922925 -623282188
832374 -832374
256403434 -256403434
-825476910 -896852398
0 88425821
209723424 751943525
-951169373 0
-948646457 948646457
0 964782215
-602276466 123603826
829691845 -957593720
-381136277 -381136277
0 -551301032
879972480 298048485
34151576 -34151576
0 359435503
-244057955 -989737303
-44690976 124231337
-555441938 611166544
0 542666729
0 -134345243
-885924221 98724240
506592412 751954742
-893985082 0
603786911 -603786911
-681416007 0
969886637 969886637
555449206 0
558572132 -558572132
890968471 677763893
-55945466 740629212
0 -416676590
-540879050 0
706325685 706325685
486889251 0
-61914204 -752326541
774585935 774585935
478199861 887044141
-561278187 184243124
-834934798 -834934798
669384123 -669384123
0 -514022064
-924858342 0
0 106726204
-217080103 469875455
559033265 109872197
508779025 508779025
-18001894 880836731
0 932555901
321814236 -321814236
-481270637 0
542666729 0
0 -202455432
106726204 106726204
216833571 -300912774
0 321814236
-599505209 179040708
641393419 641393419
481270637 -481270637
0 365624847
507123552 595223665
284935558 -840990817
652267796 -652267796
144993756 144993756
0 -72947448
543029278 -543029278
-724540458 0
964078337 964078337
950214135 -950214135
-541234538 -873198446
618727504 -656388647
932555901 -932555901
-922912868 -91040416
0 938912642
0 -665755336
-338892503 773616427
-271674278 271674278
-880373614 -880373614
508779025 0
72947448 -72947448
0 805519469
-652267796 0
0 -733281218
450220050 0
-178990930 0
-273782932 -273782932
774585935 -774585935
0 -547052913
-990036334 990036334
-705127271 -705127271
0 543029278
-722792184 722792184
562135218 0
20194162 0
0 951169373
299201028 802050067
-932555901 932555901
-543029278 -543029278
762849121 0
-69021522 0
-373772937 0
-428329573 787982792
-673689390 0
0 -321814236
-187147438 -984172150
0 -485566737
758338476 0
0 381136277
-543029278 0
74419226 608270708
785037893 0
837284472 837284472
-20194162 -20194162
880373614 0
-781133109 781133109
481270637 481270637
-450220050 450220050
-880373614 0
52542400 610816998
964782215 0
-158421908 -54175978
0 474947549
-486221984 -486221984
189085272 -189085272
0 -920890904
-200161402 -200161402
0 -581445050
804718748 0
949136673 -233762313
938912642 938912642
-968293104 968293104
-803821325 0
-575224798 575224798
-555821717 0
0 -57509965
893985082 -893985082
-832374 832374
646176448 11275813
0 -803821325
0 514022064
0 990036334
0 -232099030
-161968109 -161968109
0 -969886637
-12184320 -12184320
951169373 951169373
-351249338 465536622
-849658451 0
121188912 163301316
-182134955 86483306
-274258326 -274258326
-519382165 137727639
772416984 -772416984
-476112747 -243884565
-543029278 543029278
210705861 -777039047
-218677424 -218677424
950672508 -943666698
-44006871 -347669340
0 774585935
-74342575 -19620552
255739852 -255739852
0 416676590
-513593193 513593193
265388078 -276286681
895004981 877429829
0 -309468989
0 728488185
635127597 -635127597
848423382 954387285
-448973639 0
-781988945 581685066
0 -805519469
-603786911 603786911
0 -226959596
49937547 -49937547
513593193 0
968293104 -968293104
305045701 -416135775
801613961 0
0 721841009
-325763754 -81290814
849658451 0
57509965 0
-569560305 0
0 -508779025
-604032983 -766990613
-621793010 -621793010
0 849658451
680279269 680279269
0 12184320
0 508779025
-689768710 -689768710
-221006362 -221006362
251924289 -126028972
629857663 730083986
708771913 -491706653
-159313520 492840573
59396097 -269453150
-555449206 555449206
0 -381136277
0 -144993756
-508779025 -508779025
899783523 -899783523
-676649855 0
424236340 927888502
144993756 0
947977549 0
0 -450220050
-72947448 -72947448
-857882321 -888541998
0 450220050
0 -508007169
801613961 801613961
273782932 273782932
950214135 950214135
0 547052913
-969886637 0
515063725 -515063725
-972655575 972655575
178990930 0
50321339 -237377597
-77178922 752096480
-923033148 -923033148
-805519469 0
-706907338 706907338
-901841109 206312189
-303572950 -893726774
0 -676649855
-255739852 0
-923033148 0
-353884402 0
-34151576 0
0 -899783523
555821717 555821717
-402381696 602394123
204545536 595097039
0 373772937
-948646457 0
-49937547 0
-408583479 323965479
439984509 -439984509
43327860 -43327860
-168823059 367987817
0 49937547
0 -101399287
724540458 724540458
0 705127271
-43327860 0
805519469 0
932555901 0
170315372 -427202781
0 675251263
-542666729 0
-969886637 -969886637
0 -515063725
920890904 -920890904
-598893113 362102634
0 706325685
-416676590 0
-144993756 144993756
-856864719 -99223165
0 -490417130
43327860 0
-950214135 0
439984509 439984509
948646457 948646457
564309925 -438220345
323598307 333152523
512984241 389069505
280631620 -280631620
837284472 0
-914539283 -916239528
805519469 -805519469
0 57509965
49937547 49937547
0 -161968109
0 -674909874
490417130 490417130
-57509965 -57509965
-851815877 -547173409
-880383076 -636050595
-528793595 -330738142
130654304 124501813
447310604 -573919549
0 485566737
106708102 839809545
0 673689390
824183015 -125672423
635127597 635127597
0 0
641393419 -641393419
543029278 543029278
780399390 -758318645
306716638 665985419
-964782215 0
-106726204 0
-439984509 0
-77511555 -545254959
923033148 0
-221006362 221006362
937482443 587674989
0 924858342
-635127597 635127597
-938912642 -938912642
-681416007 681416007
805519469 805519469
-57223548 -999718383
910208620 104023899
515063725 0
603786911 603786911
-675251263 0
774585935 0
262187644 -398658500
706313957 916968474
0 -106726204
669384123 0
832374 0
0 309468989
474947549 -474947549
-508779025 0
-950214135 950214135
-442846973 -88842729
-721841009 721841009
258492381 0
997613917 0
-758338476 -758338476
0 273782932
-503459540 0
0 -923033148
690403033 690403033
-4915755 51444620
-138971980 -20799346
-381136277 381136277
0 -257841039
-641393419 -641393419
-674909874 -674909874
373772937 373772937
0 -948646457
-474947549 474947549
159077327 0
-947977549 -947977549
0 -801613961
621793010 -621793010
-88425821 0
-40365833 913728763
772416984 0
0 -15740633
501281929 -892299426
352335730 436443769
271674278 0
-88425821 -88425821
0 -968293104
0 -849658451
983557619 -418516291
321160335 417061994
-72947448 0
-952178918 58808768
0 221006362
0 -997613917
947977549 947977549
-399425519 -31242139
-754143805 -66645554
-88425821 88425821
924858342 924858342
-781133109 -781133109
705127271 -705127271
-724540458 -724540458
514022064 514022064
265318861 -265318861
144993756 -144993756
676649855 0
0 -474947549
-562135218 562135218
658223291 0
684939031 -664755739
0 15740633
-602123022 184395264
-255739852 255739852
964782215 -964782215
-138693244 913883587
733281218 -733281218
758338476 758338476
575224798 575224798
803821325 -803821325
-553570838 -553570838
-558572132 0
959008222 0
781133109 -781133109
0 -543029278
674909874 0
-490417130 490417130
705127271 705127271
202455432 -202455432
-959008222 959008222
796284328 578144434
-603786911 -603786911
-73578902 320321067
0 964078337
169311585 169311585
-102668422 -442764986
997613917 997613917
265318861 265318861
-621271457 845858488
880274321 -880274321
134345243 0
-861395103 -887947682
834934798 -834934798
-202455432 0
189085272 189085272
12184320 -12184320
769251153 -633806514
665755336 0
-706907338 -706907338
0 101399287
202455432 0
-893985082 -893985082
485566737 485566737
0 -255739852
918721735 -501475324
0 -950214135
416676590 416676590
575224798 -575224798
-990036334 -990036334
831857140 521263770
0 353884402
-581445050 581445050
0 -159077327
0 305018603
0 -271674278
-360921708 585763968
-772416984 0
-448973639 448973639
274258326 274258326
51677795 -51677795
0 758338476
-893238719 158983222
0 665755336
625349127 0
-385461945 -835521084
949972585 675446989
279473457 29468137
568798956 -19827329
0 -990036334
537711303 -337375708
974931308 530894214
681895123 370561318
-218677424 0
625349127 625349127
-805519469 805519469
218677424 -218677424
