1500
0 -670373811
603172026 0
0 -824366301
0 682284041
0 243329451
0 -964949105
204532166 0
0 492888832
0 -672188583
149247602 0
-579395851 0
0 241524076
635319971 0
0 -844939440
0 726997427
-856858511 0
0 596632365
-963509914 0
0 -274587567
0 880476360
0 974548241
0 207273605
0 211577
768567182 0
821550617 0
-421524634 0
0 912121865
483323852 0
-341207477 0
-617549316 0
0 -426343195
0 -522101
-840248315 0
-800680572 0
-385443626 0
0 928241215
-724602122 0
0 6305937
0 277046899
0 -974082636
536066730 0
-536080846 0
0 -474319361
0 129937177
-620812410 0
0 88467280
0 274626370
0 -126238890
0 -324853863
263422316 0
-843465768 0
0 -928352418
0 -281616279
460642886 0
99893917 0
0 69808641
712018910 0
-892801279 0
-368379550 0
492853238 0
0 -493818097
-80321699 0
690464100 0
883029019 0
342562622 0
0 824780791
0 -924162439
8066721 0
0 -766905534
-111797867 0
50360033 0
0 -926271952
633751132 0
0 918052529
-529329139 80623967
0 -805966472
-188903984 0
680199504 0
0 351117303
0 380193236
-929808536 0
0 -317810806
0 262436125
401011367 0
449799542 0
636544426 0
949173488 0
351012875 0
498801780 0
-56044336 0
0 -700677107
651883898 0
0 796155658
0 -541262673
710571496 0
0 -380193236
-125281026 0
296182604 0
320703491 0
-587253468 0
0 -198981142
872906330 0
0 670373811
0 -203541624
947472698 0
-897223945 0
527743171 0
727171305 0
-671984234 0
-112607 0
0 960312991
-949173488 0
-305571747 0
0 287336823
0 -73181870
0 -284369379
0 -175802219
0 51187057
0 -445485969
-928733693 0
0 -34458583
0 -675782536
-993971893 0
-913017589 0
0 155465577
-401011367 0
0 717687510
0 194961102
909764803 0
0 -13506324
0 -741225021
999136299 0
0 -50468218
0 621702583
0 974082636
-14724062 0
-223980863 0
29336851 0
0 553280530
987742950 0
391830749 0
-274608375 0
-64292175 0
886015740 0
0 574543340
-540013728 0
0 -67636538
0 190539966
0 557649208
0 -332957358
451492347 0
0 -973169093
0 444434097
0 -245261003
0 790790406
-635589595 0
790032093 0
0 781654871
-460664144 0
0 136265281
290171341 0
888255170 0
0 522398562
483084159 0
0 668210476
0 944070197
537802373 0
0 41572994
0 -634908491
0 -666703160
0 -472924751
0 -46333356
482271641 0
0 524013589
-934070253 0
0 248140995
0 236598706
0 711010337
0 -75969243
-710571496 0
0 -236598706
934070253 0
201271550 0
-351012875 0
-992382442 0
0 973169093
972848805 0
387538930 0
0 -121379553
-268792886 0
-643788447 0
0 769965285
620812410 0
897223945 0
713447943 -337114845
0 15394624
0 397410259
-517692126 0
-761100290 0
735462907 0
0 79008095
-562078747 0
0 -427948212
0 522825043
0 -677285276
0 -630246085
268792886 0
0 -466541027
0 351179472
202833386 0
0 -824780791
0 618618452
-664377443 0
0 700677107
-163598988 0
0 580577989
342186338 0
0 801403038
787387799 0
356275310 0
-727171305 0
-744010229 0
295841134 0
0 87517953
0 443866070
0 -212759911
0 127349933
0 369524804
-960519152 0
-390829158 0
0 249576556
-359654797 0
-492853238 0
231723674 0
-93757965 0
-459017943 0
0 398538215
0 -747373887
0 -254145777
-99893917 0
-243330070 0
0 -556438083
0 489452375
0 564088055
455659700 0
0 -686161224
-26349247 0
-42496727 0
0 310233544
-519905781 0
112607 0
0 253285776
287411748 0
0 -331619566
-462970361 0
0 -194764929
0 -968715845
290993109 0
212218387 0
-366213341 0
0 186121278
-617309684 0
0 -397099581
-892567149 0
0 -351179472
0 -466999517
0 175800164
-342562622 0
-528014889 0
643788447 0
0 -397410259
0 -902753449
517692126 0
360795401 0
-735209866 0
470550562 0
946468057 0
0 421743529
-796923259 0
569677632 0
449744164 0
0 -551830278
988680011 0
0 556438083
-651883898 0
0 986576538
0 646811065
0 -443866070
0 -986576538
-437897817 0
867819452 0
921205636 0
0 -524013589
-790032093 0
203695567 0
0 714957522
0 754622750
-629257126 0
-727412527 0
0 52226761
939193092 0
-128481445 0
78579260 0
0 844939440
0 -886023226
0 549645468
0 984924120
0 -315816508
-325940920 0
460664144 0
0 -498671706
744010229 0
0 275125320
0 539299490
-988680011 0
-584457511 0
0 -641717024
0 -225052711
0 485894467
0 557121925
0 640205909
960519152 0
-353045965 0
0 413592434
0 588437957
0 -774253294
-723950023 0
383655470 0
0 -194771609
948484833 0
0 474319361
-680199504 0
-603824198 0
0 426343195
0 33107024
-50194772 0
0 970761507
434454345 0
855601197 0
-92250349 0
0 -88467280
0 397224602
-990494108 0
-799265013 0
410748557 0
990494108 0
0 -413592434
722909739 0
0 493818097
0 -432934048
-466539639 0
-8066721 0
0 -403244350
0 -190331793
-725833864 0
-8783848 0
0 931100195
0 -580046008
0 39037619
-224460455 0
896172450 0
0 443051705
0 -2611586
386338858 0
0 452346956
0 -149147893
0 585794959
0 -179016825
492625828 0
0 100210027
562078747 0
-785244178 0
-995663536 0
0 604643210
0 872773617
0 344906296
0 484367159
-768567182 0
0 -211577
0 551830278
0 827470947
0 780867240
0 80413064
374548289 0
0 -935713998
664377443 0
520610343 0
0 -275125320
536080846 0
0 472924751
0 -395046720
0 -796155658
982932935 0
0 198998219
0 769859085
-831901603 0
830448030 0
0 47995097
0 -113317411
0 468274609
-451492347 0
-443647501 0
-127800529 0
0 -39037619
0 964949105
0 -496331334
0 331241362
0 73970581
0 121379553
0 317810806
791233998 0
0 -682284041
0 234834607
0 -538908279
-840724166 0
831901603 0
0 -574543340
0 -997372786
-963558901 0
0 170856213
0 410836046
608054086 0
-583601568 0
-50360033 0
-714771267 0
0 -826296668
0 -147331182
349255983 0
0 690515208
0 324853863
339459443 0
-648860901 0
0 -235080769
80321699 0
160314456 0
0 -321221368
0 -424426331
466539639 0
28888363 0
0 -995774823
832133739 0
0 733457517
-91875620 0
671984234 0
0 -416560791
-155290509 0
0 -793234273
0 -235381576
0 -182599775
615636817 0
0 -128262768
0 -136265281
0 982698395
0 -761211581
-462540494 0
747234540 0
0 -522398562
0 -241524076
0 -44332007
-416718890 0
0 -190539966
46300748 0
0 180969724
-28528131 0
0 246679443
-160314456 0
0 678198044
0 369974753
843465768 0
0 67636538
50194772 0
0 89602855
0 116404764
0 174297063
-618855551 0
0 -465840757
0 -580577989
576290316 0
198805860 0
68713596 0
-374548289 0
0 -87517953
0 -100379850
0 466541027
0 729937088
-550481511 0
-323469549 0
0 968715845
-294124652 0
-502929236 0
0 -717687510
0 605380538
0 -47290910
-579255659 0
782457671 0
0 95200462
540013728 0
892801279 0
0 50468218
864096427 0
0 -789076442
0 -175800164
-482271641 0
0 -741143726
0 -827792839
-287411748 0
163598988 0
583601568 0
0 -170856213
0 -924192578
0 524588082
0 -714957522
0 -918052529
-749354723 0
-945633049 0
0 522101
0 -118922868
471246116 0
-831791076 0
-32551398 0
548883968 0
427989748 0
0 73696796
0 456149223
0 -397224602
-483323852 0
-859036135 0
318088041 0
0 -652917981
677765388 0
840724166 0
0 -253471790
0 153543792
0 -756321675
-886159867 0
0 738801291
-137899351 0
-939193092 0
-999136299 0
851889854 0
0 -557121925
0 -234834607
0 901539680
376588959 0
-961560938 0
-427989748 0
385443626 0
-326438213 0
0 170575108
0 -772050292
0 901330633
0 34458583
0 886803627
-46300748 0
0 914837609
749354723 0
39313112 0
0 -64794597
0 274587567
239479985 0
368379550 0
0 -508279966
0 -492888832
374335476 0
0 630527868
-359875249 0
-349709265 0
0 741280934
773069886 0
0 576427422
0 263538037
100851685 0
-640142755 0
0 194771609
0 126238890
-370437642 0
115106928 0
-360795401 0
0 -984924120
-858595700 0
0 -73970581
0 526276118
0 -6305937
0 198317639
-40318697 0
0 254145777
390829158 0
0 935713998
0 827792839
0 -532622442
-339459443 0
349709265 0
801325955 0
-747234540 0
837626329 0
0 225052711
0 634908491
-814833556 0
436727603 0
353045965 0
0 -277046899
0 928352418
-576290316 0
617074759 0
0 397929033
-886015740 0
0 672907211
-147949589 0
0 -484367159
0 -944070197
-39313112 0
0 -769859085
0 -602150270
0 -800049713
-49074215 0
0 149147893
-902623227 0
808437227 0
-386338858 0
0 -51187057
0 716714081
218457301 0
0 -233973139
0 116802289
0 -928241215
294124652 0
892567149 0
127800529 0
-598987263 0
0 -990671156
0 182599775
0 -827470947
0 611272215
0 -377299159
0 331619566
0 99744966
0 -938517631
45235967 0
0 689056090
310110800 0
929808536 0
0 -605380538
0 811103162
629527396 0
0 -268454333
0 -716714081
0 -447647211
0 926271952
-741347002 0
0 -886803627
0 913048096
0 190331793
0 44332007
0 -692068987
0 -576427422
618855551 0
0 825094251
-789355877 0
0 814595712
0 -850652789
782598382 0
-862525718 0
0 -825094251
0 -872773617
956690167 0
-812111972 0
-837626329 0
0 924162439
0 476786246
0 937304782
0 -913048096
0 -485894467
-666282600 0
-94126977 0
-156593646 0
0 -806029241
-28888363 0
0 -828942584
0 424150167
0 321221368
0 209607844
0 -707134489
650490847 0
0 -104712598
0 -12380553
963509914 0
-290993109 0
0 850285415
0 564414735
724602122 0
0 -194961102
723950023 0
0 -99744966
676630943 0
-458826360 0
0 395810867
617309684 0
0 -570728148
-888793716 0
122460133 0
0 -866988783
265886326 0
973178593 0
120652120 0
-576606707 0
0 24245232
0 -725639291
-548883968 0
631037322 0
0 -835569232
70983379 0
862143663 0
0 -628080157
-851889854 0
897613524 0
0 793234273
-856829795 0
0 -738801291
-896172450 0
0 -287336823
0 113317411
831791076 0
0 44787574
0 -198317639
0 403244350
64292175 0
393671953 0
0 -632652097
0 872234878
0 506550154
0 -249576556
0 -424150167
0 -769965285
361233835 0
450041667 0
0 705326470
-643389806 0
-460642886 0
0 -80413064
-676630943 0
0 866988783
0 -489452375
-972848805 0
132716152 0
0 806029241
-603172026 0
125281026 0
928733693 0
0 686161224
-202833386 0
0 -47306839
0 -243329451
0 -726997427
0 805966472
-116624301 0
362826843 0
0 -351117303
0 -967323598
0 -539299490
814833556 0
0 541262673
0 -10529614
-6833323 0
0 -356783678
-437128027 0
-902188332 0
-993598682 0
0 181678043
0 -552153891
0 679131136
0 294258058
454040187 0
-449799542 0
550384501 0
0 967323598
0 808283533
-199539149 0
-159028075 0
0 766905534
0 -811103162
0 -640205909
-201271550 0
0 666703160
-712106082 0
-434454345 0
0 -435021062
366213341 0
0 -813658899
525618185 0
0 147331182
0 -694000936
-760448185 0
0 284369379
42496727 0
0 -89602855
-951560363 0
0 912187078
0 -33107024
0 128262768
-436727603 0
-798148412 0
727412527 0
116624301 0
-738321872 0
-361233835 0
0 924192578
305571747 0
840248315 0
-947472698 0
-574330497 0
0 -960312991
0 -711010337
-362826843 0
0 496331334
0 986646768
264378117 0
471443729 0
0 -344906296
0 655536501
473811932 0
-883029019 0
0 -850285415
-492625828 0
0 -759964899
-512898351 0
0 -524588082
0 -227518656
0 46333356
364853143 0
330998917 0
0 -226277823
993598682 0
0 -382113460
459017943 0
-296182604 0
332662054 0
0 -44787574
199539149 0
0 -15394624
0 -765742611
92405888 0
0 850652789
0 886023226
856829795 0
-263422316 0
-536066730 0
-520610343 0
0 -285801501
-712018910 0
0 -174297063
147949589 0
-648171939 0
-950502831 0
0 461578526
0 -421743529
0 -366085487
913017589 0
0 -429784989
-264378117 0
-527598072 0
-735462907 0
0 435021062
6833323 0
-333483090 0
-78579260 0
0 118922868
0 47290910
0 -912187078
437897817 0
-926584503 0
0 -754622750
0 -100210027
223980863 0
-499323246 0
680750303 0
0 532622442
-970038284 0
128481445 0
0 113476806
-391830749 0
0 -274626370
0 863380701
643389806 0
-675837295 0
28528131 0
0 -564088055
0 -198998219
-973178593 0
-527439287 0
856858511 0
425357963 0
-162057156 0
579395851 0
608933456 0
0 -128401667
0 -723867749
0 280440033
0 -246679443
-830448030 0
-178365448 0
0 -867327866
437128027 0
0 23346735
0 -672907211
0 445485969
0 -529606097
0 529606097
0 285801501
-470550562 0
0 230883347
-946468057 0
648171939 0
0 -901539680
325940920 0
0 -569885291
-631037322 0
-387538930 0
-322700235 0
584457511 0
-471443729 0
0 -41572994
359875249 0
951560363 0
741347002 0
0 -456149223
579255659 0
117858444 0
0 -208131339
0 -740793703
0 538908279
0 727716055
714771267 0
-629527396 0
0 813658899
550481511 0
0 -570162154
0 -255695917
648860901 0
0 628080157
0 194764929
0 861521835
-45274254 0
0 677285276
0 245261003
0 707134489
970038284 0
0 253471790
0 -914837609
0 652917981
-855601197 0
0 -230883347
0 512484578
827534190 0
0 -170575108
0 -873434656
0 169531554
0 873434656
0 395046720
0 -116802289
0 -839785832
800680572 0
-629899800 0
224460455 0
0 -621702583
109480907 0
810848185 0
932577401 0
0 -596632365
0 -679131136
290910688 0
0 -859326992
-203695567 0
995663536 0
0 412971836
0 -270530340
-909764803 0
156593646 0
-193926679 0
0 -95200462
0 -24245232
0 412631382
-650490847 0
-987742950 0
-791233998 0
0 -974548241
-263674960 0
-956690167 0
0 -970761507
326438213 0
-780495157 0
274608375 0
0 348326762
-979098249 0
0 179016825
0 366085487
0 -918813148
-117858444 0
640142755 0
416718890 0
157213182 0
188903984 0
0 824366301
992382442 0
0 -986646768
502929236 0
-115106928 0
0 -611272215
-421074323 0
789232043 0
0 990157824
-773069886 0
0 687830624
0 556665672
0 -235250000
162057156 0
0 938517631
0 215649251
322700235 0
0 -248140995
0 2611586
0 273570172
0 -163522251
0 709785800
-782598382 0
0 -243807999
-921205636 0
0 -113476806
961560938 0
0 -153995840
-239479985 0
0 -739862803
0 -705326470
735209866 0
178365448 0
0 -937304782
0 -369974753
0 739862803
-656511120 0
-349255983 0
-109661583 0
0 466999517
173813170 0
-897613524 0
-569677632 0
0 -397929033
0 498671706
0 641717024
0 345698758
0 102579735
0 -912121865
993971893 0
106414296 0
859036135 0
159028075 0
0 200050603
0 -476786246
0 75969243
-633751132 0
0 -512484578
519905781 0
40318697 0
-300416996 0
0 -733457517
0 -129937177
0 424426331
0 -273570172
921254438 0
0 235028870
0 -262436125
528014889 0
-852212176 0
0 864974437
-473811932 0
675837295 0
0 -481074234
0 -369524804
-810867995 0
0 -556665672
-455659700 0
-204532166 0
323469549 0
0 -164301682
333483090 0
926584503 0
0 -331241362
0 789076442
883562395 0
274711660 0
-295841134 0
0 73181870
0 768870680
527439287 0
-173813170 0
0 -861521835
0 879608108
0 552153891
0 -781654871
94126977 0
0 -982698395
838135052 0
0 835569232
0 -452346956
0 -263538037
0 531187034
193926679 0
0 966433199
0 -506550154
950502831 0
14724062 0
0 687455782
0 740793703
0 -549645468
0 377299159
617549316 0
359654797 0
751400646 0
0 -282464567
263674960 0
0 282464567
-109480907 0
0 -280440033
35322883 0
0 569885291
-608054086 0
0 -212192055
0 -655536501
0 656844053
458826360 0
680384357 0
0 -979636947
93757965 0
-872906330 0
243330070 0
0 -891606253
0 -215649251
0 -23346735
0 397099581
0 -200050603
0 281500571
-342186338 0
0 12380553
-411056345 0
918589555 0
-265886326 0
-391880464 0
0 -585794959
-948484833 0
0 -729937088
656511120 0
-807580002 0
0 289670685
0 356783678
0 696135295
-106414296 0
0 -102579735
-282988696 0
0 164301682
-789232043 0
0 -553280530
0 465840757
0 153995840
-827534190 0
0 -421907975
-918589555 0
0 -169531554
0 918813148
0 674856763
0 522171608
0 233973139
137899351 0
0 -384101381
0 36548851
0 -351294908
0 -790790406
810867995 0
902188332 0
0 217570076
0 -564414735
-157213182 0
0 -410836046
0 -468274609
785244178 0
0 -901330633
0 -36548851
0 -966433199
738321872 0
0 711495619
0 -679039617
0 580046008
0 -879608108
0 -696135295
0 198981142
-864096427 0
0 -184376474
-932577401 0
0 761211581
0 -217570076
-122460133 0
0 686657955
902623227 0
693386147 0
0 602150270
-330998917 0
0 -381804140
761100290 0
-722909739 0
0 163522251
-454505769 0
635589595 0
0 -969300484
0 -808283533
-208244423 0
0 -310233544
0 -127349933
0 432934048
0 997372786
0 382113460
512898351 0
0 -443051705
0 447647211
-751400646 0
0 -412971836
-680384357 0
626797461 0
-393671953 0
0 429784989
466684980 0
0 -294258058
979098249 0
-888255170 0
0 481074234
0 -864974437
0 -73696796
0 -186121278
-982932935 0
858595700 0
780495157 0
-527743171 0
0 212759911
789355877 0
0 -235028870
798148412 0
-617074759 0
0 -461578526
0 -153543792
462970361 0
799265013 0
0 -345698758
0 -646811065
0 774253294
-47531257 0
89276569 0
0 100379850
0 235250000
200893213 0
812111972 0
574330497 0
418413228 0
0 -690515208
-149247602 0
-615636817 0
0 243807999
-867819452 0
0 416560791
443647501 0
0 -303782189
0 235080769
-29336851 0
0 -52226761
0 -395810867
886159867 0
527598072 0
0 104712598
-466684980 0
812027354 0
-92405888 0
0 -281500571
0 772050292
0 632652097
0 -686657955
0 -180969724
0 -780867240
0 -207273605
0 828942584
629899800 0
0 384101381
-838135052 0
725833864 0
0 839785832
0 -872234878
0 -531187034
629257126 0
499323246 0
0 -526276118
-383655470 0
0 332957358
0 -687455782
8783848 0
-874297398 0
45274254 0
0 276354651
421074323 0
-787387799 0
0 -209607844
-782457671 0
462540494 0
0 270530340
0 -801403038
0 675782536
-693386147 0
32551398 0
-290171341 0
-231723674 0
133370448 0
-410748557 0
0 -768870680
-801325955 0
-636544426 0
0 421907975
0 -826652015
-356275310 0
-680750303 0
-821550617 0
370437642 0
0 303782189
0 -79008095
-921254438 0
0 227518656
587253468 0
-471246116 0
391880464 0
454505769 0
0 -71082414
-450041667 0
0 725639291
92250349 0
0 995774823
-678772451 0
862525718 0
0 778632713
0 694000936
109661583 0
0 -47995097
0 10529614
0 -604643210
0 679039617
0 -357401427
0 -711495619
0 756321675
0 175802219
0 630246085
0 13506324
-200893213 0
-550384501 0
0 -727716055
-454040187 0
282988696 0
49074215 0
0 -687830624
0 -522171608
0 268454333
888793716 0
0 351294908
0 867327866
0 765742611
-418413228 0
0 741225021
-218457301 0
-364853143 0
-320703491 0
807580002 0
-832133739 0
852212176 0
56044336 0
0 -668210476
0 -656844053
0 381804140
0 979636947
-120652120 0
-132716152 0
0 508279966
0 -276354651
598987263 0
172501058 0
0 692068987
0 -630527868
-449744164 0
0 226277823
0 -778632713
0 990671156
-537802373 0
-425357963 0
-45235967 0
0 -444434097
0 -116404764
0 -709785800
0 427948212
0 357401427
47531257 0
421524634 0
0 759964899
-810848185 0
0 902753449
-862143663 0
-498801780 0
0 -618618452
-608933456 0
0 747373887
0 -181678043
0 570728148
-690464100 0
0 672188583
-808437227 0
576606707 0
963558901 0
0 891606253
0 -689056090
0 800049713
300416996 0
0 47306839
-133370448 0
111797867 0
411056345 0
-100851685 0
0 203541624
0 -522825043
0 -253285776
0 -398538215
0 859326992
-290910688 0
-525618185 0
0 -412631382
796923259 0
0 -880476360
0 -557649208
-274711660 0
0 -155465577
0 235381576
666282600 0
-483084159 0
712106082 0
0 -674856763
91875620 0
0 281616279
0 -741280934
-883562395 0
-68713596 0
-35322883 0
-332662054 0
0 969300484
760448185 0
341207477 0
155290509 0
0 570162154
0 71082414
0 -348326762
-212218387 0
-786309997 0
-401525259 0
0 -588437957
-374335476 0
874297398 0
0 -931100195
-677765388 0
208244423 0
0 -814595712
-626797461 0
-635319971 0
0 741143726
-310110800 0
-812027354 0
0 212192055
0 208131339
0 -990157824
0 128401667
-70983379 0
-89276569 0
0 315816508
0 826652015
0 323924368
0 -863380701
0 64794597
0 -678198044
603824198 0
401525259 0
0 826296668
-172501058 0
0 -289670685
786309997 0
678772451 0
26349247 0
-318088041 0
-376588959 0
0 -69808641
0 723867749
0 184376474
945633049 0
-198805860 0
0 -323924368
0 255695917
