1500
810954019 600041440
211074096 678883176
95763626 26944329
422514962 400317826
250067999 -2357671
45006836 109479486
-816628153 -974759366
422776173 -275854469
501219170 61789015
-649461175 514752318
272483337 381047470
-155313981 -847024150
-773061177 932771779
218552659 -208572315
-575519908 149094896
327646238 507864751
285277631 159967592
-334583786 -769137747
-777912860 -425541006
-213802661 -461169432
-882988010 123735972
437174238 -116302461
-597631887 -103878995
141612670 -736760367
-507661271 193704926
382472539 291344271
681368731 -371261358
-763399252 53011258
-543650621 -238237695
364863821 686655943
-970478057 -777498506
-263388086 906687259
569326752 604943687
739266674 -878801562
-708519276 215529638
-25961423 -75323409
638766693 619815146
-988963479 78633805
642720149 -778662539
-761734286 291781992
-726778121 321745358
-483320253 436623054
989068452 -329887411
866521000 -363316500
-318744437 947960326
-314174351 485477535
368108194 -645841584
643709979 -543168786
723991414 -651530015
-155354476 502466789
352176149 47990501
704602983 -288954635
484080298 519290555
957003371 -420765674
-938276394 -361709856
-209153936 -908473617
-938028465 -246408248
-466302545 -693202321
935144711 126968951
-959514693 568231331
361307320 -278015375
300996788 97933492
691234186 -682761405
-158488324 69874511
-786177379 445912633
50105700 503152375
-60250426 -35574950
317095596 927914431
595093478 -16005844
-166469030 721435346
-120500852 -71149900
603287525 841000607
688210726 525151289
-482138182 -293810810
-341168592 -947330104
874367262 -552725054
-628123145 -444140531
-51112893 910035858
485907180 -936955007
-361691841 859959863
749866022 -179634905
415156724 27287335
495100367 -360104200
450849668 269058011
-633257750 52872416
-437826658 -250983715
535047724 84248938
355539664 -289976657
559917530 259836024
228450872 -109205681
-226815265 -417848683
298699102 471020766
50598353 -625469667
-308559830 714675881
-68534472 -86620251
6976402 -776318957
467767483 993836187
90327003 101871542
799099899 184303060
519984702 65329100
-592432439 215508501
-25289271 -148934887
898462815 635992790
-68972035 111989371
587853536 -608409347
-269439695 -836618952
-606629563 691479304
-198165137 730485893
-121616153 609669692
-389708675 246726131
-531733110 66363283
-34664768 -493230177
-663040231 156663589
956574963 -134998634
549730653 -951676420
156988773 81532481
-244199079 -178678187
-214170957 -850151287
391116220 -484264910
434165062 -264465580
-151951862 101652028
-697139515 827015553
751290286 594518701
572531153 -925605003
-112389330 -531084675
-547084514 707557476
-701804355 900885197
-678642208 93233358
13119999 166222013
-569885741 230182120
861194108 -690670396
-97827789 -930051492
-630356180 46195413
-151012485 -386125219
341293768 -286089311
21835361 -881940859
31066505 447283826
-302932155 -151813004
-373230319 -490693980
-829292225 -169931252
540969126 602813419
-129591267 -55377354
-767465605 -660908524
-784384096 714311999
514035915 -196326093
561988634 -362113824
750746508 -481732926
353513442 21441835
-146856231 456867784
-30100396 389980016
-961130180 265260919
-109006002 -509673176
-179275588 -806973022
729677913 -390142345
-710116966 160517451
-974447546 690354673
714046710 266984950
-303832530 968268399
859949324 -34925991
918755495 -545673784
-840368530 -971940000
-893176445 292042936
-96162203 -327226132
294218015 979470729
557686593 -192643842
-209507909 -617888232
-254187682 781787407
-415601382 570553202
-394925885 678159696
989517230 -672345350
497061280 154200200
74578491 370400145
204978519 -802755488
-85495688 827947222
745624011 527803754
-663609704 -257125191
-625814678 -273017752
-32195788 -361174388
-65750210 578095276
-241516171 908452897
563152819 -134743898
-277404258 -432217948
-199076015 -714168104
28065223 -682893511
488116928 -157921965
560711520 -676265035
909916566 -784102809
208051000 552411936
100147808 -674263925
733989511 435259362
-367488301 629573432
910861266 477255473
-328131816 649084390
350274904 329219570
191265602 -154426132
-943322244 737997298
-46974978 177160938
-30694755 279828766
-121300675 -517316675
-893021904 -346777894
83596805 190950458
544119312 450383469
-339710741 70820852
-244678080 -297473186
537773470 -24294372
994201353 120585787
214211645 -939436686
76210100 652776638
316447937 -551294597
-380917047 990382158
513810690 101148023
-145636578 220048767
355311928 -725410765
608915347 -594187865
-403476195 260558153
-519082803 15507319
-842124941 -260759779
109653400 -614188177
591945225 637050249
399452156 -703517138
-736705008 918454806
-840097074 47918721
-31569240 -612188024
529269637 185810632
182365878 -528177923
24948645 416462774
-591698779 -411321304
120125107 396579151
213372344 492149792
142115113 661707910
-708050044 262838494
113280983 534700864
-397854083 -125071159
-186434631 -77538370
816273505 98087726
-863410081 -862909296
-540219566 223140015
69797833 -928399489
-317813533 -199255517
508232207 791478356
457196410 734268032
452355821 -591222516
-23773044 -554698107
-947826396 -337996541
-520723708 -839627059
504189550 -908575892
725521631 218546742
-161871750 387342289
-515834937 497293985
968415434 -849346131
-282701154 153054895
-983668173 -818178418
-12723187 -591359477
246069625 488411586
189742674 412758999
-841451657 -911422199
-775080080 -409130557
565722163 406271490
826978939 -583478630
-582452301 15836965
-688025593 -484233829
-979334614 -190341747
84601405 -982635159
-237472700 583841060
-696383440 -480418929
634619905 -119265975
-818922181 418500163
-366717783 -854350508
247091212 -693092613
-70367401 764388911
93094777 -230395796
-258025384 -729721652
-852661723 560732032
949690309 15637071
956572308 -832181631
-190733420 588508952
-171330413 -667049910
-493190841 -159203511
904979791 -193362912
828664257 -905837355
-274298027 -840992412
83309707 420896040
-759080323 -656758858
-759395117 193053520
-833946709 362631823
556215874 -2954529
215483906 107266189
170189170 -797214238
718143862 -975912270
-27294557 442850560
657365812 160071315
-798199647 823611061
-696749503 -388730698
616588696 -301688988
480661406 537464289
-812328917 206576163
623924213 859101456
403475508 -328317661
-347452423 -109821288
168718310 -134760578
103775956 -979736893
-248297181 204137622
525893797 28318807
-302115266 -583367626
-215007128 -701461356
405464866 -927666533
-362776663 -919711292
-49753430 706915320
-277470906 472852251
-779976732 34320354
904217692 -522158711
482125501 543214059
-985777060 208482873
129250868 -721605173
223637509 -371313140
-80173161 -910189542
608344269 869509799
340383404 646348394
574459251 -487512774
101376722 -393529102
7360159 -71192472
-667949198 -224991027
272101162 39945196
963120243 -454797794
717871027 692495822
-994956918 -100501574
632636804 145900889
-48809285 -5591786
527794113 -660610336
195304193 429208733
-528015034 -978698180
132080933 401819300
-94719274 -137071675
148113625 828773678
370054698 -328141646
716125344 616045895
-140269445 271433878
-282588245 -39055714
-418958909 578305586
884417019 518248629
380623249 524764789
146327837 -655006511
-206329988 211446549
221835847 -427032682
351607682 63218645
416456184 136699828
-234806703 638897731
-635325936 338385412
-575329893 -449361310
-565519713 969157883
931615895 774522327
222185492 -593638635
-729539939 509676568
266591736 -194840385
-461762028 -130782518
129138546 -557404905
548838351 448919300
236334530 317653591
-869923702 292269450
-66562769 -432723873
61814115 290568234
-592185689 -61738440
-344822234 456344796
-680096124 614893136
464512842 -41374139
241038198 688909277
-480532368 -325486968
648252241 226084393
395808494 758115896
199936454 -370078934
-375278240 75904464
-471384940 859363282
471038189 214685122
861546637 -466519461
30345929 -718168717
-387658577 -557481907
84005158 -98948392
-103159342 -906291490
561222354 -254262325
-62138104 -338241267
126117261 652753261
-742478525 228112262
98617733 191405433
588298555 6713019
-495912129 289543036
-49112958 -107404533
90035318 -898840234
-103526435 -890427693
-408327575 -953873323
-807567067 561723251
-303355743 -961031607
650464717 -886122160
-534290287 453698215
14900044 -273091937
54983315 881138377
341946749 824035700
-362057896 553325816
-353343318 -516402755
298246331 -734286064
5798771 538416726
-965444922 223435146
-65622702 -779808352
105689220 103779295
467115708 -598560428
-85421404 331152331
-524319272 238365982
-468671035 -502650793
563840744 -897472164
352127428 326533539
-327226062 493852601
434178163 -169612634
-224855424 -635566621
396275983 346913997
-201468094 578874732
32959390 -228052960
-552418782 724226753
127228489 -165579551
-897535973 -514201892
853639263 483088790
-930980299 853813090
-178927640 -394708904
-62130388 -727391163
-672868427 -139304044
670959680 -401113024
544658673 -586955259
-847195696 -495781118
-554422972 553429365
4720662 58707667
-23732685 88476811
642151166 -968607174
-551830133 -721158142
728693739 -25603098
-481245898 869334282
299274676 525753227
-234287762 431823387
-576348864 53258640
-594462498 79528545
664274542 654190817
-969639766 991876280
954036511 178519854
598080970 -193975235
68050824 838861257
530853368 -913387925
703955712 751074638
956356903 158755911
-50818959 270109914
202932137 524778692
-2301436 -131357771
473533612 43722981
672988170 -85445297
585563325 -81877006
806097331 322519291
122184171 -398530998
110555258 -556492833
-7777332 -570225264
-79546474 -580977661
-22360136 -444663117
789734768 902199548
-185577524 171025687
-953575627 784791559
995837375 -431698349
639686898 337358356
40128731 10223359
-340048062 307446568
-788828839 -445417675
-756525308 -717943302
-39869151 590931082
363807743 -622349750
-307840977 829220023
-770704482 -484728327
-383569534 -645162992
-512597754 -84243755
-965253100 -98509817
97402584 -683953716
-702107850 259990817
911606730 -955189432
-216454955 -153475890
688348877 835269284
-686431688 -301272701
798598561 -550491598
636176002 951788645
85457230 233395701
-23474562 -828271053
-194193122 809190962
163990555 -708106460
-893650690 -395377789
864489252 515173931
162950185 -559659892
-859718096 907993283
-23049891 686130168
-972685932 289321880
-649636991 -652762539
419838157 613875013
-233074200 -59062654
180376801 780425022
306564136 -721383239
127796329 -275287522
492532561 -232365469
-190938389 839681257
-543161775 57180639
485874692 223684008
525966811 -334402526
999246200 267063300
-235403876 267652877
341172301 186594259
483743649 46429538
443958833 238390160
580859557 -503748132
229827411 301061281
425332070 404528962
571999126 55846838
459868710 681210458
-111382832 -815578798
963082270 354651165
-117598943 -58572303
716257220 596524030
-134585537 -169842957
-462898936 -810090884
746526403 -54382419
553077423 -28904000
695092394 -92829613
-395374963 700419787
26560841 -629738979
-693345001 -359780429
-665559655 -797173443
973025339 -26490248
-186922217 138031103
-135854922 699387868
950565638 -916332293
926893371 192974503
931814303 546513355
916643585 252451213
-192277985 598909662
-289208082 -163374233
146151906 -697594266
733219661 429376316
-625977056 -532525043
243662465 -562944377
329334857 -606897794
349884228 301836256
-543582308 384217708
-366234065 -356512679
-785593131 -865391547
-497986726 -594261305
599453240 792435940
-778469738 -238269845
-483905903 770305816
-847974344 835744637
348009393 703707384
414704984 562460452
10725103 -467547493
94336276 -419468461
259620701 -811560705
567690901 -248070140
-840829663 508129549
-196150055 -777774540
359158976 249352156
122674261 83290190
-771766425 -427901797
-481900896 133049082
-714697559 626744180
-988213701 -48930182
533933048 -666066924
466883642 304620294
-224576038 197200195
-745509565 -516692134
-301820498 781543077
909042155 49891262
-580759009 -510057751
190454016 -848798332
-671692427 -226402362
-902671816 554974116
-142739293 -672272393
32171119 -686760718
258797194 238446081
-777892519 897435575
-259306153 -443659517
657367255 -30274389
59552574 472630105
-69837452 260465296
278024664 89373032
213673807 340410436
286712744 -21643070
533540678 355654144
324817675 -36582242
843552524 -191252391
-71495755 790114681
-365198364 -170073826
-88273179 -508608828
825440882 -824187550
806951016 -656635322
411425399 -91681958
-230742468 -537214361
802804328 -984423458
386472730 -867819200
368598373 -967060574
821421032 -10476707
-107912452 654635244
-511467317 -148757825
23799779 -739947209
846016788 796022801
-721315474 -655378977
38105050 326388319
360468570 578023208
-678857803 -291307641
144529363 171879340
-166059624 -189642770
331069399 342450393
436876626 -390197057
781653542 -21795206
-306451520 -112953389
490009522 -631318955
-302884790 330076456
-665359335 -522209573
-161887559 71928950
904638705 -343766428
-725220531 -281201646
-671756927 -226217742
68260966 -416759413
171188429 -35028577
-850086043 606887735
-236809177 817731284
232028255 765592638
256891211 262970163
371088193 299428054
704655802 -875433631
859395660 -520054615
908100619 931612842
912273406 -602419748
-610177847 -366856575
-875697597 -534468214
679712373 24522886
-279897296 657343646
-54938235 -994393018
974471914 474894069
-557498677 106535671
822850798 -183363916
-788769378 -442229058
-308202814 -216577145
825073013 -982297231
775058229 493163013
511576538 -97387081
-597429641 -167628305
589715419 632059984
584795518 -657652957
-202115435 -512162396
-663436647 -218280317
136050581 19972598
-298761270 -289584434
-344554665 -2106044
-170584296 -473665052
-945505036 -135448074
-278402426 -935711624
-818715847 726105386
63484293 353715968
963423415 550830521
897073367 -117842982
-260986414 279789730
-4569259 408508272
727838078 -833196497
782244416 -989879309
212616784 898237337
145960316 451373242
-247315769 76848264
-327880673 -729553266
871861107 239049866
-30551374 -920867057
-59993262 91696068
300549904 -745650035
-31489331 570261046
489986770 -27416951
-665816294 -144229197
259829951 466883959
697915119 -654538324
-148511491 -735445256
217599763 275766136
-601050978 416708191
376375376 -537887684
665372809 826987405
-848709359 731334966
323625159 919855931
598578866 282214983
168515646 -44291947
836375782 -172031675
-452826255 291598763
8899249 128851376
740788014 134996480
-715144925 -532503922
700742195 120386158
806963041 388741854
621306098 -606398105
712956370 -555151991
873762046 544530269
700548987 614706413
383941530 -269401609
-501281311 -176991448
-801701362 -471611195
-469543168 -671623583
809698205 34051476
679589834 -368628995
248652617 305957746
-295747124 437899067
-163758786 -390137270
532208716 420916525
-912480921 -59698378
-625503001 -693789111
-458532073 -281092313
-505930254 -967381048
594979785 660329601
-126826457 -301386166
292622681 919776843
-434461958 461280200
258076143 -405141158
750809623 -540516621
225966626 159127965
261230018 33170279
-507165129 751410587
943029346 -977906403
98852437 -238386198
-130596813 -798680450
-748611374 721252731
-87223008 -508327590
-957750843 -460472068
-922422699 162989771
-963403918 -812429137
391332806 -572814638
-150201310 685766202
-803576436 -208580672
604618510 780413326
80676801 -879726892
-810307221 -667580737
-507131651 607204475
99224001 -7584774
255333839 -145333335
240128067 -651437660
787603915 111718122
476091113 891096612
134216510 -878456746
239988899 -326544034
114376118 -717781611
-397690305 213135547
-607983397 -283030077
603546593 351651086
-677669912 -74402526
208684672 767465121
230158330 887168877
-781818171 -752903320
20372761 820614116
-31661436 663337362
-284924270 46814165
381732131 119307841
-159857631 82123706
-240544 672805664
-517114892 576947334
91860736 -208745604
-5393551 83791260
29102475 -733788522
460449910 544453218
921637123 50210702
-506171867 292959361
-598617909 -265157263
-110907892 906105056
259565336 -872448075
-251494408 346794858
261946831 356922927
700493630 537974160
-710636301 803360512
-758751589 -607679441
-371779346 -33057684
265567225 523244901
-966406929 670134656
696910142 10268446
233010601 -949294770
-879836449 673308703
-209939773 -5068531
-203800752 944923827
746097365 -281397300
973240119 431618642
-81808398 978395319
-439652852 -686479402
731150700 364208991
117155113 633563862
321263882 401434822
-77098056 95010965
-406206679 642593632
84620518 -791459524
-360721057 484295838
719776288 -902774006
-228890845 -383468887
-319025255 787086101
-670029798 -411633829
411527276 -431341467
596912404 -593057908
952997481 -882725333
-767581653 -476899072
169620953 -614228866
557267225 -440333192
664961278 -949896165
-811735839 602195279
647119370 810601383
189394461 671071170
554393094 -85570720
-278362696 -632600504
-410613337 457574290
-493628364 -356758756
989793366 622142261
-776414082 61836415
794453440 -587179555
-335530018 159975414
-76578962 270127180
-675500156 -227629077
-706150632 -734287423
-542499639 -703118418
-346400732 -483871430
670153930 19719910
-814638916 367619456
-35489927 -57207522
-156305902 303298294
212202147 163257184
592741820 -595354129
-198852906 794765019
-210434706 712128802
690814643 -216999944
-663538201 651514840
-632895238 -922289593
944421238 4461666
-102740862 621933182
-872926800 -439417826
-956462510 -7602450
838838465 437246446
-389548052 748865431
278876670 -39253992
917697497 679726976
-187578779 -305042440
-968490232 -27074662
435468852 -14714407
-15050198 194990008
565191159 -529596934
-176669956 -551485388
-978920055 -292471757
827386465 418763298
691721248 965385522
-557021830 -357268311
-821226674 915148580
-643124188 888413844
827860749 -668363054
-641299088 601392911
-402546010 -582304492
-557406575 435542047
-464187577 230384279
324113861 536744946
-29986510 -544432726
157541161 -711124827
-623859656 -381021299
-61248566 -193667622
882598554 678385151
-538042613 519637767
280030151 -708617963
-803339796 -203041140
452438714 -481560308
-296537083 325392393
-289355750 -396164525
-280744771 -598615235
180376715 224038633
-204434038 -32497236
-64391576 -722348776
489679449 457808538
528765460 876407032
-418315536 138728328
185475541 -517104064
185424954 -454827419
-328011424 -745368998
582817799 -498201578
110083783 372391513
-660905548 -683106996
504933952 -204016899
453165686 -520787525
-232871315 -672804874
307886861 -723338359
-980088568 879874149
780781435 867217786
832814579 512923124
-976381444 -688098175
275418966 -912205129
577662583 -513117596
360644918 -342304940
331386329 -211682977
167678042 -723257683
-94193368 541746716
385216421 396615827
896426730 803693927
308967183 519252668
-732528675 544626551
178732932 145569103
-905367762 -367614636
675779979 -950269777
-730207110 689723053
765741970 -4618535
-799960842 600942840
-734979847 -333776672
-779804887 -504266380
-339499341 -303882406
39053159 -91743570
-392105686 -402189411
-275813480 -504048722
321139335 66496443
325730627 -142124399
334867408 8748534
725076924 -389175492
-769090704 -257126960
635082425 834132933
-847270773 -56640295
239787026 -967497881
-521981907 264993126
671503492 -518227810
-94580031 599613374
-562616851 -418975896
47834070 -40606753
-460484056 268338910
12215385 -559964193
856941235 -540320049
-36957221 -645307661
-89463820 -197354452
423733077 -944887642
716606728 52303302
690592149 -796928221
-857863625 -585696194
392247969 319434444
-281003785 -201349932
530304288 691690484
957305658 -594283390
908035354 -988993528
-746989117 -338688401
600217606 -559836310
-947572135 93608389
594551510 119953838
-156255599 99726217
-687135970 -739164921
-626208213 129592530
-415855698 -954965392
823819420 729553567
345393632 -148217711
-31072366 898528552
634211364 -690388493
735613543 -43843730
-738160524 915202170
984478915 463534713
371059630 -34636960
-29779515 723313552
788012927 61592413
81899915 533082619
-423920854 -391601258
661527883 361888126
29342789 44602414
472669060 635307182
-533628113 -987427665
836405225 -581027444
-457858901 489907804
-824521028 660042899
-756958884 710640186
-659307771 -177498085
105061709 -875710453
-195349867 66957863
645295266 -457433414
-522313970 172257886
669734816 17497068
237108491 306134089
-399032194 600633087
-845299963 95854306
-244842993 733842872
95870207 -434532821
108858347 597330129
15769903 249674443
659184808 -713902094
-233871879 234786146
577294447 372571449
-206283584 -748873955
597426140 11062925
-118062464 513478655
-330815589 -208794505
-422622693 -553419422
309043873 -35978153
-67541802 337347807
-318128911 32651488
95781504 -20254397
-100144163 120428244
363617898 600502178
-560063760 -465611471
112281456 -196874628
-190842253 -447239321
-527891595 361177953
537473405 -282775261
-887788274 69010729
-197982997 -718859939
745405376 779277214
1633118 877752469
-204094997 142064436
-440840172 626288594
-993945632 395198080
-44378153 836432718
-909306937 -51715280
417055016 142233202
836375438 856110184
202656637 197658946
-359520652 -832372459
-99672712 704180612
805449180 240621350
-648625608 264629608
-407048518 383370124
-888886147 -667492530
692827486 51090349
-244693176 352319241
617330551 91007580
730898486 700663563
300997856 297894729
-208750347 -369381350
769440109 248322073
-183016945 -217730549
-227348333 -692456632
232803984 -495809957
-897603964 582027860
-407965093 -59090638
291073812 -132763219
-77933095 -27970818
178178895 194082719
851313821 -102521819
-266256339 1454064
70980753 -672261657
-274721125 -640654768
-210696018 -360822028
845451708 995593849
166571386 897687723
-468256154 -98139652
914588539 120046329
277856986 -264447865
-378890208 -592262784
392001910 -86306218
-587012842 -935268692
-85266084 439349376
-71816953 -767028198
-957953110 879341001
-352056216 469164562
134765533 -731151403
897012770 -720625401
825981779 -388897400
-432983157 -219991845
-674456628 425940348
-401518104 87027270
272168856 252001406
544365513 549101818
592838785 33192893
-576523780 -723510108
-143948185 854447464
-82062321 591567124
-676676844 -798012374
-67325568 -294225344
147804184 965952527
806428481 -108335400
-983444799 -62335164
177390223 532024430
496995280 -966591058
107080266 -724756209
474931213 363404985
-650406565 -865503084
920663099 -653178679
619639824 -348389772
-895572769 -260361206
-440574914 719944802
-132368141 14316376
482308391 -53849812
-986501547 402642165
-96915124 82118258
417107407 -746063665
-731471457 -203525279
504770989 -971096789
708135560 -162857718
-967317008 543270388
-485098847 795932601
251247344 -458538139
976095257 -616705644
-617336715 -206147470
-66416749 -574003176
-748369679 334268184
978228369 49030097
644936527 -5185824
945433813 847881704
-766659058 835994637
-690891080 -337177615
-820236634 555561626
399032418 -504652704
558883166 -779232644
178606850 592174051
584143145 987153967
599144496 -748125185
-645498063 123708317
-13595576 -542316936
847713335 -529286740
-995949194 -443228390
860308844 482810957
13977976 -440994213
445707302 -993935578
449119453 -106598981
-43190004 -799220004
658383794 785218322
-257145135 -158937760
8750367 -421447752
132729002 -649918114
-75100655 342883101
9277256 356670181
99959504 -44506610
774936331 551434727
558118531 242840558
393803020 739497159
646833131 -468415293
-836912670 -268767929
-127041825 214529344
-419235613 -58521359
-962618735 -908631730
390936881 -928220219
358228809 892178839
979924667 -408503315
88329116 -946981444
-560809098 -795736420
-105249758 236701841
679360256 -651162062
-893661735 130399587
107683839 67028331
-87791877 -201636297
90013672 218958972
765482953 -312501437
-212450543 -746609030
-14743323 972646506
797083803 443424014
503382778 -504767634
319222923 -424487557
459484961 -339814859
-171191148 -752776684
-888674533 -329670236
-596355052 588962658
-299610309 737629519
-769133575 865800012
-36508206 392743125
-38227084 -601199446
653575039 -420083823
856444169 402794402
-660843062 424025386
131079203 679474378
-369747450 508886343
832598271 240346714
228817864 615893677
-107907930 532866529
-742331947 143584395
494028095 501487968
34737935 970488505
-385998469 -31785616
-285935892 -637158893
-433050518 210762816
726151362 -723644698
611080979 417126257
362944519 738970598
-34036228 -758734028
559999275 -657757748
-509621955 -307074540
-190131749 -403749299
456425183 789885829
-25794353 320832811
901699336 538116022
910621499 599711066
-479511815 -136822181
692111657 -762887359
237618194 -684441148
162252886 223341444
-74543288 216139293
960621348 223889579
-386593800 228811122
146087513 815459506
595475612 -427388916
-142192726 524728566
242723282 532048843
91054588 -647507532
163449838 194942521
178649951 759361366
-529758055 164813801
-55117119 -573048131
-441494005 61867986
-818908272 877933588
-63233729 729443953
784003820 -172612436
-158075571 -85786005
-837001806 -131347401
-207909738 875394388
377004583 -830832880
-3737422 286705100
339065299 -539789979
-893150210 20292700
35998464 646824316
-140331701 -559771361
944411953 464573931
49274796 990682753
426040595 -477644527
288290563 314118593
160057902 -951655333
-911531977 -667592169
153803961 200071477
-55691416 -407789399
902297934 215022480
679187642 -563601963
314520094 601135995
983884442 -667693913
-627091041 279811348
-354106075 535380907
-441636743 83408074
298646623 -281930986
-183599505 -403167406
452971993 -481723995
-276184616 225837801
-651969967 689995945
40057132 -753148285
-408425944 -77474676
338802485 -512651335
-293378325 608987083
-84175276 -474291671
331293454 -126194051
-596780704 -211250118
218697540 -577881403
239764049 74265194
-49342215 -311929863
-202381941 -245177814
-325314545 625605544
957055219 677371599
-237070264 523788765
613269754 987275300
-836641877 23748261
-639680692 193756064
-646290023 -79022451
-74382749 368575422
-447459733 501734233
-40923616 -924985833
-493218163 254864360
63013379 720933578
-539973488 512373963
138176246 -695879630
849701056 581705014
135241797 -308287186
-227451889 362373977
-421237052 699022847
-203623573 880036155
-141191717 -369112366
391682327 133260871
357973470 -325742692
729304969 -454599525
382359601 384792273
-278210492 -399235517
550091654 474897377
884895693 288896910
-254734546 -296764173
-971328402 -609021000
88923265 787150484
-549329596 -456859191
-97124164 868716107
-510484828 503676368
-330361546 290948566
-960974872 367093824
-265930164 -549859515
-587359526 587002813
112869795 1828793
-430324190 -779639511
241187421 447883114
-286981486 856257316
413474835 -490864157
552477003 -914954597
697706014 -767655179
711972572 -893813770
-758836578 423689593
463013341 615995836
-14646631 -661769894
-978645898 848239922
-496511381 749212051
175178435 -930089811
-954443187 -7320034
701364030 -190749582
-201813072 -45438176
186659563 -606218542
-25351629 -411278990
162466459 273771642
-961908912 -43287638
-357333927 419093887
-519875566 334337120
435257382 199418591
-274402086 -107438727
14868184 -150342820
-746260461 501469746
495231417 359272396
-161467732 713789581
-9993716 -942427585
-195115413 -87448946
-528951416 -316118265
-986105119 -942144280
-957898073 -849924063
-706522932 141156554
988189515 -622714761
-96977549 -707889776
933342638 -536452472
-563464510 427783312
249842041 -724610115
673841987 756655633
-696774258 542375255
171102569 75275857
-64549395 -996366285
785663520 -239844295
98445765 718645357
-846679862 -522636423
-107700781 787162144
642086112 -423217101
-708723919 -461588111
312469652 -438710230
-76839030 -861477490
608113816 -594402206
384453187 -293163782
179519330 465495485
-842145858 1959190
-440936629 487344889
-21832325 602750061
967610864 -548746086
-737233250 664194605
-490023776 193203870
-282294321 -645213157
-83112618 673861349
-562905534 294978450
45571355 283722332
-501177992 722746774
240544819 -427848796
688554072 410582124
725484349 411634561
-194715213 502914966
224431968 -539749320
-790915889 733317476
-357413437 -864388326
131171910 -690919878
649724395 -226330514
104115234 362589264
-456523766 15373749
864861711 331860805
329015570 -466832531
226267789 525539952
149562619 -662322493
530046262 -156497189
658733131 198522186
832064147 213958429
-562897132 -275139541
535049583 -484652961
692558353 557592569
815369694 -613649629
-639329233 -741115518
979517328 -409585972
-122629937 30352558
824557646 726892949
644378387 766555503
-473689183 -117989513
146301699 248498988
864779741 25938340
-206767315 -930560543
596217487 -47683307
-235692470 429681641
33863408 -650471797
-475631207 -600042212
-492242889 498793347
-261384657 399022873
297546739 -8002922
648680580 -433764324
111592703 20018508
-27887648 729965205
137980229 310382101
-883161939 751354768
-403871347 237593725
137902037 -208838459
-295255273 -456548253
622480387 -608397327
865867890 -187016341
-29752980 607375307
578002521 299514759
399789285 -445214577
-775106241 -987716638
-277673029 -592453303
247878656 317477248
-64819066 743110845
877096243 -171629298
-833365822 343427337
-745067145 129246675
764913071 -44958649
537138516 555615520
-48046020 126651798
805325778 -752581691
-46948268 -749378907
-106269364 -713494814
-388074402 -67202592
-794905614 -144998974
269111911 -774214905
-874608181 667185431
-421392036 -721644056
-908930273 579242973
-523168202 -427176608
-112177732 264136837
117442593 -251222992
-147508546 -502484579
613199305 645246754
-851992933 819345694
521906145 687395900
-337940963 563265547
-295550066 -45655078
-933611992 679272655
-292801070 -446908796
-316096882 -199015052
-442187760 286635206
13859842 -137711040
116429827 894816900
342197105 -524502644
373813003 -211255178
-946042984 -335069891
-291167788 78293211
103846408 -564806196
-153446898 -644869594
552442738 265514886
594714133 -881545192
-620279812 -573486434
655184525 283146815
233618801 -491279229
-65803390 252657150
-338202519 -97274446
376042785 523413377
834147322 -625808486
-20348395 -612259974
-693240886 232992074
622936506 467709998
240220000 159212682
-268750724 506063414
-469503622 -910890313
7366690 823896055
272805802 -871553354
39102821 -636959280
-536980895 401991867
-984022721 656050942
-370548733 65339736
176241371 -638340921
728348238 -609541778
-717924546 -42603343
-337685965 896176091
196767728 680529745
-238268202 -520059434
-191246296 -586075110
875214806 -723850937
304675178 103930367
139268206 -756480886
-9364846 -948194308
370314560 271590588
777599715 843999593
83098467 -621742182
243165425 -232523161
-581472420 237730561
367113076 -532460345
-66660500 520776748
178903044 -47967629
672619384 206044322
260590417 -311589161
-664938168 399769883
-296843722 -944490287
-349671841 -900068995
246286506 882348438
-675184500 -164495941
-489115044 590966760
354498173 -404650676
799771471 -425973942
-591185152 -19232842
-780148613 338608217
-482888791 44990044
-371149809 1747647
-34691522 -545680404
442981294 650294227
-458699806 -978823303
335206856 -496970671
-697190039 462392150
535930897 650608288
80955525 -928788150
413938522 527729273
259430069 820963872
555132423 587927835
93519772 -638273397
867990419 132790342
-259104258 575725094
776630709 39415173
632899815 -650846793
-478484405 640374493
-551999598 522623633
-520163508 380018261
437298331 69561133
907916121 -496005176
307607922 400142954
603641675 -536012356
-247562557 120513685
-34291707 793418087
