1500
0 7375291
66510655 66510655
-861328659 -861328659
178607360 178607360
-990210049 -676299274
969896274 0
-781720532 781720532
-713059628 841988309
-589995890 -589995890
861328659 -861328659
0 557375393
851054945 0
169847833 -169847833
0 -625362021
-318278529 0
-749002600 -749002600
0 -406012354
-557375393 557375393
480756064 -480756064
812336307 0
0 -161415830
95892446 926464880
-231713684 0
0 707863727
97818005 -97818005
0 860538059
0 -871462210
0 217302742
-301984252 -612346868
-527677916 -225630135
585084938 0
703512584 -703512584
561259573 -561259573
635704720 -635704720
-660636107 -480081180
-100265919 100265919
-805080323 805080323
106586383 0
-561259573 0
-384370248 -384370248
3993002 0
0 -258491769
711825587 711825587
992248831 992248831
66510655 -66510655
0 305145589
355858029 -530512652
-769298829 -769298829
-423795069 -192316097
56693963 -56693963
796666652 796666652
0 903843186
-1166982 -1166982
-13392454 0
-149718706 -462018048
0 30421507
589995890 589995890
-68142185 516524937
-736479059 736479059
118262000 -118262000
889334199 889334199
617228504 0
0 589995890
959953918 -449546215
610617768 -610617768
85701322 495654807
541064314 541064314
-30421507 0
112604430 0
0 253365196
714512809 716737283
-681442534 -681442534
33492258 715659769
-376074066 479039923
-152117795 -446208383
203321051 340132177
515493471 -515493471
0 -514022400
-112604430 0
-863492478 0
-22232655 -22232655
107825092 -107825092
-452188578 452188578
-884134467 -884134467
-698719387 698719387
533857318 -828619518
521017544 0
-889567120 186937844
0 335129020
457584644 0
757374582 0
-309110576 309110576
0 352119220
0 118927204
18495033 18495033
-124258181 0
754075362 -754075362
-589995890 589995890
-13392454 13392454
818152624 -818152624
159993210 134483124
-3993002 -3993002
-808737361 808737361
772634889 134208450
698719387 698719387
301385310 0
808737361 808737361
885080668 554174940
166113367 586110567
-969896274 0
318278529 0
903843186 0
685303137 0
0 818152624
635704720 635704720
20308269 -20308269
366237755 0
989347949 -824533238
-561259573 -561259573
863492478 0
589201911 -722796572
482086932 0
-839821701 345877978
0 698719387
-754075362 754075362
-161415830 161415830
851054945 -851054945
561259573 0
-903843186 903843186
0 452188578
-380136781 -906932424
-20308269 0
-928387323 332137223
-855607552 -114492337
190833459 739991957
-604001494 0
801220351 0
161415830 0
-403992563 403992563
20013385 -513236846
351547828 215030844
301385310 -301385310
-819054053 -819054053
-282711085 -375222455
-478157606 265689290
224054553 -735785049
0 -516254199
484915129 0
-526700686 -748841878
452188578 452188578
0 477431982
100265919 -100265919
-601045091 -188075173
0 -124258181
27309562 446325418
-499826447 177324850
322036692 691935162
585084938 -585084938
0 969896274
-56427310 0
812056053 -724327819
-579312851 -579312851
383639542 -142344992
0 812336307
-164321520 717626324
-175043120 175043120
893876575 385464069
-698952549 -541067551
0 56693963
579312851 -579312851
889334199 0
0 270107734
0 -687511357
118927204 118927204
-781720532 0
0 -318278529
1166982 -1166982
737011168 737011168
483453417 502239905
-220130376 -495415561
610449437 -610449437
-380099325 984649080
885793327 0
0 406012354
217302742 -217302742
-224904720 -726118094
547597639 -547597639
793195480 725476861
-889334199 -889334199
680689907 -588598813
-1166982 1166982
-919328206 -919328206
453036144 315071856
-851054945 851054945
863492478 -863492478
117565118 -828418657
0 -175043120
742901176 140691640
0 794143303
-307013002 287857294
701614237 -996580663
632544958 871223939
305145589 305145589
589995890 0
-318278529 318278529
97818005 97818005
97818005 0
435642996 -41999927
0 100265919
703512584 0
-106586383 106586383
14219987 -138553721
3993002 3993002
-258491769 -258491769
0 579312851
-56427310 56427310
-673114760 44923743
-608290984 608290984
624931917 -938830910
-3993002 0
884134467 884134467
757374582 757374582
434836911 34478588
765625206 586762248
736479059 -736479059
-183253233 -895476023
-514022400 514022400
107825092 0
857589412 0
-714609880 0
531800170 611954391
-225918905 -285689816
-703512584 703512584
695280614 -490162491
-270107734 -270107734
231713684 -231713684
-981327478 -849748497
0 -20308269
303405322 -303405322
0 -749002600
91583460 0
-477431982 -477431982
-597078847 597078847
-514151793 -935779216
794143303 0
-737011168 0
-482086932 -482086932
56427310 56427310
-301385310 0
859161499 0
0 -452188578
409501644 -888797787
-49468775 488759740
309110576 309110576
0 -805080323
-834166266 834166266
-711825587 711825587
-345688705 472701098
0 -781720532
-541064314 0
-832651038 -832651038
-801507108 -824200831
56693963 0
0 56427310
-624255863 0
-247175855 -234987065
566091616 -566091616
-192259727 -829247328
-885793327 -885793327
-290692389 485476716
-861328659 0
-794143303 -794143303
-7375291 7375291
459653372 -82025361
-97818005 0
-361440120 490177211
731333699 199165806
-752909231 -287875516
-253365196 -253365196
-301385310 301385310
-312835785 312835785
-818152624 0
-170533836 597732904
-312835785 0
-937021527 -653991109
384370248 0
0 726774976
594221933 -200871127
585084938 585084938
-547597639 547597639
306908801 232583354
597078847 0
-759369741 -995576474
903843186 903843186
693867316 -26334639
-13318499 -78634579
484915129 484915129
-394178898 360194057
818152624 0
-736479059 -736479059
397404035 272770552
379823997 379823997
889960932 889960932
482086932 -482086932
305145589 0
902654394 490203092
0 459035808
39477559 442340498
685303137 -685303137
-863492478 863492478
-466172538 0
-3993002 3993002
-556960067 768765546
625362021 625362021
7375291 0
0 -312835785
0 624255863
594595612 605669245
-129091974 -275534781
-305145589 305145589
-600429911 149301465
-107825092 -107825092
919328206 0
-56427310 -56427310
515493471 0
-808737361 0
318278529 318278529
-757374582 757374582
-369478461 -60614065
-147731501 125537269
0 515493471
-617228504 617228504
89255363 154569866
0 863492478
-118262000 118262000
-685303137 0
700654474 960812296
300645484 83442765
-124404359 643206824
516254199 516254199
-757374582 0
0 -837937682
0 318278529
0 28433854
837937682 -837937682
920689172 -399652053
-238446622 -679424498
-624255863 -624255863
521017544 -521017544
-367508200 654357440
-588043277 546659204
-889960932 0
-853302723 -542144067
570130044 392915360
12252551 985976575
391560811 -391560811
-541064314 -541064314
20308269 0
325713926 -627030829
0 -980289638
597078847 -597078847
-18495033 0
-178607360 0
-484915129 0
118927204 -118927204
-366237755 -366237755
-900389341 900389341
-376136520 723298597
161415830 -161415830
-469010639 929662337
320468878 -282612599
410461451 0
-794143303 0
112604430 112604430
-203501402 -677692151
-500198866 -671455544
-749980200 0
477431982 -477431982
669983275 -20794462
318278529 -318278529
-703512584 -703512584
-703512584 0
-91583460 0
-889960932 889960932
-379823997 0
0 -900389341
507756321 507756321
-22232655 0
980289638 980289638
0 -749980200
-253365196 0
480756064 0
675750514 812448581
0 -579312851
-832928707 367062310
401718284 -959456935
0 805080323
-27468944 826377567
0 736479059
579312851 579312851
-696362121 -591656692
-978206623 596588291
0 258491769
805080323 805080323
-952566986 -14564508
0 -801220351
-859161499 -859161499
-482086932 482086932
0 493235867
860538059 -860538059
-924429497 -924429497
0 112604430
0 541064314
-794143303 794143303
-900389341 0
738299851 -510958536
-600004127 -841483350
-812336307 0
933591254 337360932
-585084938 -585084938
217302742 0
0 -919328206
857589412 -857589412
0 -757374582
-406012354 0
989340473 -421452469
0 -480756064
-626500296 -175891008
0 834166266
980289638 0
-336104806 -336104806
526424720 -926139213
258491769 258491769
0 998918171
-610617768 -610617768
885793327 885793327
0 457584644
-625362021 -625362021
-608290984 0
0 161415830
-429137300 -461989767
-22232655 22232655
30421507 0
-980289638 -980289638
0 -270107734
-698719387 0
0 -112604430
0 384370248
299786202 -418185502
992248831 -992248831
-579312851 579312851
749980200 749980200
-322361169 480560532
-589995890 0
480756064 480756064
406012354 0
-483541345 877118623
819054053 0
-749002600 749002600
-366237755 0
834166266 -834166266
0 832651038
-923366353 -824469606
429217689 903824777
0 -56427310
13392454 0
837937682 837937682
-521017544 -521017544
13392454 13392454
-446600871 -417920020
-303405322 -303405322
-106586383 0
-860538059 -860538059
0 796666652
0 769298829
-715755730 0
-860538059 0
714609880 -714609880
-857589412 0
-445325666 -16157791
-707863727 707863727
0 -561259573
-507756321 507756321
275773105 53357157
-733858121 -355592175
22232655 -22232655
0 312835785
604001494 -604001494
521017544 521017544
-270107734 0
-652772044 652772044
0 -714609880
-653654705 0
312835785 0
0 -711825587
482086932 482086932
781720532 781720532
-969896274 969896274
-805080323 -805080323
-610617768 0
0 -403992563
-7375291 -7375291
592022917 -592022917
0 681442534
-585084938 0
0 -998918171
0 -834166266
-48312569 770688367
-379823997 379823997
-477431982 477431982
226831873 3959583
-635704720 -635704720
0 -507756321
726774976 726774976
-336104806 336104806
-520796300 -929197167
554622990 580392905
217302742 217302742
-57645803 200814615
-257662668 675080028
-596882455 -539637582
818152624 818152624
861328659 861328659
-515493471 0
1166982 1166982
641842734 -861421218
-229041479 229041479
-384370248 384370248
-932541263 -34659134
-507756321 0
-561259573 561259573
0 627164697
448959232 -427877462
-520438681 723677031
0 403992563
962980623 0
736479059 736479059
-666496697 269870199
0 -566091616
-749980200 -749980200
270107734 -270107734
-261400384 495594486
493235867 493235867
-515493471 515493471
-336104806 0
180858031 812761305
63806938 165502386
0 -703512584
0 -859161499
0 -592022917
175043120 -175043120
-126635102 358013363
988567616 608317298
659593513 888966595
-406012354 -406012354
849346831 -933416534
28433854 0
514022400 0
781720532 0
-459035808 459035808
267891664 0
668078340 -979562019
714609880 714609880
-973105160 -973105160
687511357 0
624255863 624255863
860538059 860538059
0 -707863727
-267891664 0
541757942 456113474
0 118262000
16535678 -581151275
973105160 0
0 -715755730
805080323 0
608290984 -608290984
0 -15289578
-889334199 889334199
328450775 -110331162
0 -608290984
-484915129 -484915129
0 -231713684
919328206 919328206
627205043 -283622354
-258491769 0
-53989254 656069218
-459035808 0
-859161499 859161499
-13392454 -13392454
438853050 -295380750
707863727 -707863727
-514022400 -514022400
383610897 0
-153611388 595563643
392599317 -35085120
827215811 -140201778
-457584644 0
-66510655 66510655
-749002600 0
0 -794143303
687511357 687511357
0 -541064314
112604430 -112604430
0 -352119220
-260584073 -82665625
-687511357 -687511357
-652772044 0
-851054945 -851054945
-433312281 -198044050
-406012354 406012354
0 714609880
-566091616 -566091616
900389341 -900389341
-514048503 961811075
379823997 0
-652772044 -652772044
-819054053 0
-295422263 574659145
962980623 -962980623
-403992563 -403992563
-384370248 0
653946494 -212463197
352119220 352119220
29973510 211686242
-627164697 0
653654705 -653654705
-741418547 -742494024
253365196 0
391560811 0
726774976 -726774976
167749907 -427960020
-72097258 0
969896274 -969896274
805858542 198690148
-585084938 585084938
72097258 0
514022400 -514022400
-516254199 0
-172357404 992452140
505293903 788073604
-288693082 990152017
-832651038 832651038
-627164697 627164697
267891664 267891664
0 924429497
-610449437 610449437
-459035808 -459035808
130927703 419049194
-15289578 15289578
110606836 -326989680
-352119220 -352119220
0 -457584644
-310288746 290051942
-818152624 818152624
366237755 -366237755
603845400 236451191
0 715755730
486518167 81283912
-723628315 -18658314
175043120 175043120
-736369217 -411922495
-318278529 -318278529
451032281 939602521
0 -726774976
-863492478 -863492478
100265919 0
920949437 556637740
20308269 20308269
0 -253365196
0 -860538059
0 610449437
-335129020 -335129020
0 816436649
0 -685303137
169847833 0
336104806 -336104806
805080323 -805080323
-30421507 -30421507
787796389 -462764468
30421507 -30421507
-229041479 -229041479
589995890 -589995890
-572970446 171320816
-500331629 841820549
258491769 0
0 -336104806
-389484638 -256788709
608290984 608290984
0 -303405322
-624255863 624255863
-819054053 819054053
0 303405322
-352119220 352119220
169847833 169847833
0 703512584
0 -937754026
0 781720532
796666652 -796666652
-604001494 604001494
-998918171 -998918171
742061628 762716042
889960932 0
0 -769298829
0 859161499
178607360 0
-312835785 -312835785
-124258181 -124258181
-726774976 726774976
-207056978 19630656
563440518 -243970992
-980289638 0
-518436070 -671724888
258491769 -258491769
-998918171 0
459035808 459035808
0 -585084938
653654705 653654705
-391560811 391560811
0 175043120
298664775 927931254
749980200 0
0 66510655
-52471702 468088041
614509160 -241359093
493235867 0
937754026 -937754026
-72097258 -72097258
333784002 -676002720
-817166250 -19728984
610617768 610617768
-579312851 0
384370248 384370248
890720910 -678688966
0 -736479059
863492478 863492478
28433854 28433854
837937682 0
561259573 561259573
863537284 150783028
900389341 900389341
0 -13392454
369611352 -822268540
-341064619 -853653994
56427310 0
18335659 513989229
0 1166982
130126316 447426441
-816436649 0
-281197725 16326896
592022917 592022917
-641619997 -48989147
754075362 0
-253740930 317051876
871462210 0
0 561259573
175043120 0
-962980623 0
0 -973105160
627164697 0
-566091616 0
773380056 325258580
-20308269 -20308269
-267891664 267891664
0 -863492478
118927204 0
100265919 100265919
-309110576 -309110576
22232655 0
-300791262 -105989428
-749980200 749980200
0 -391560811
0 652772044
0 653654705
610617768 0
857882268 652319194
0 3993002
547597639 547597639
-285706374 -325451736
72097258 -72097258
-112604430 -112604430
0 -3993002
0 -169847833
762861595 -694338397
169469152 -431698710
118262000 0
-466172538 466172538
-335129020 335129020
0 15289578
459035808 0
0 13392454
-493235867 0
889960932 -889960932
0 -22232655
737011168 0
-805080323 0
0 -335129020
0 711825587
-737011168 -737011168
379693578 436306418
-768150531 2193391
107825092 107825092
0 -107825092
557375393 -557375393
681442534 -681442534
832651038 -832651038
-154446529 -892866686
-836818783 664599791
812336307 812336307
-889960932 -889960932
-616814135 271892307
627164697 627164697
194335760 -955976317
-906541537 107726651
0 884134467
229041479 -229041479
-973105160 973105160
0 -7375291
-723246959 -692388831
-312583927 -18699767
-592142680 -592142680
624250605 375464880
929086658 -297801643
-541064314 541064314
253365196 253365196
-67001239 -655607083
-836840933 564609604
546459297 215116047
-651944050 54647646
118262000 118262000
7375291 7375291
0 -857589412
0 -592142680
0 -30421507
889334199 -889334199
990630679 -191234648
0 900389341
807056491 983495091
-91583460 -91583460
989681808 -579724603
834166266 834166266
-604001494 -604001494
-169847833 0
-679306817 499617071
559595093 -963414802
720870837 970998467
653654705 0
515493471 515493471
0 617228504
-625362021 625362021
0 -106586383
-627164697 -627164697
-322496765 91364852
0 604001494
898664178 -515728806
0 -91583460
633627450 -154048227
-202114146 -866029826
0 885793327
-410461451 0
857589412 857589412
391560811 391560811
832651038 0
0 625362021
919328206 -919328206
897462121 -85946097
270894207 -555371144
-812336307 812336307
0 -557375393
-790988348 -6452317
-707863727 0
111157562 -293359311
0 -737011168
0 -309110576
-726774976 -726774976
0 -383610897
604001494 604001494
116581350 441748591
-998918171 998918171
-743004623 212010335
28433854 -28433854
743050135 681049096
-903493000 -749269337
-924429497 0
781720532 -781720532
-383610897 -383610897
-924429497 924429497
466172538 0
335129020 -335129020
-391560811 -391560811
410461451 410461451
624255863 0
-597078847 0
-270256243 169015698
-964842600 913874430
0 18495033
-726774976 0
-714609880 714609880
257550219 -490846689
-635704720 635704720
3993002 -3993002
749002600 -749002600
-231713684 -231713684
0 635704720
-547597639 0
312835785 312835785
466172538 466172538
-234197617 822253830
-640587760 -255378295
0 -816436649
229041479 0
359900196 429124371
-698719387 -698719387
-885426286 -686326776
22232655 22232655
-836186325 517797037
0 585084938
885793327 -885793327
303405322 0
-776087143 -153003658
635704720 0
-509954481 -753738358
-169847833 -169847833
-328976914 -965609935
456962402 -20078385
336104806 0
-617228504 -617228504
457584644 -457584644
917162480 -371005077
801220351 -801220351
-851054945 0
929606324 -200098503
223542716 -469634538
25683770 794719128
-885793327 0
924429497 -924429497
687511357 -687511357
-107825092 0
516254199 -516254199
336104806 336104806
0 837937682
-161415830 -161415830
229041479 229041479
0 -466172538
-391560811 0
769298829 0
0 -66510655
-28433854 28433854
-889334199 0
0 -72097258
92024118 104393340
726786349 -13870334
936550054 207343299
0 749002600
-834166266 0
808737361 0
516254199 0
56427310 -56427310
459035808 -459035808
-754075362 0
0 -366237755
754075362 754075362
0 -484915129
-861328659 861328659
107056631 460940308
-953770257 838684589
608290984 0
-124258181 124258181
0 -962980623
-366237755 366237755
638414213 -66545222
0 480756064
124258181 -124258181
270107734 270107734
514022400 514022400
179932913 726817936
0 -521017544
-653654705 -653654705
617228504 -617228504
998918171 -998918171
0 106586383
91583460 -91583460
816436649 0
0 466172538
-570750010 240617115
-635704720 0
-937754026 937754026
980289638 -980289638
0 -229041479
0 410461451
749002600 749002600
186927204 -803901190
0 -379823997
0 851054945
498556839 -384659574
769298829 769298829
998918171 0
-175043120 -175043120
-410461451 -410461451
-940246072 940246072
-169847833 169847833
0 -18495033
-992248831 -992248831
676436209 59217783
-515493471 -515493471
-588333771 -855861904
742914798 -100376694
-425985412 -851516800
-884134467 0
403992563 403992563
0 169847833
-625362021 0
-56693963 -56693963
-482086932 0
168747194 -628260905
-383610897 383610897
808737361 -808737361
0 336104806
592142680 -592142680
-610449437 0
-928159219 920874926
-480756064 0
0 889334199
-186666384 -364860666
231713684 231713684
-118927204 -118927204
937754026 0
222853536 379144595
-175043120 0
-54390204 -488103607
0 980289638
0 -796666652
0 0
723528041 69999471
-781720532 -781720532
301385310 301385310
-857589412 857589412
457584644 457584644
0 861328659
-844938997 -804863745
900389341 0
859161499 859161499
0 -754075362
-112604430 112604430
-757374582 -757374582
741217640 -56263223
0 -992248831
236944473 120239648
-270107734 270107734
-955934756 884120567
-521330864 -264027303
0 -305145589
-980289638 980289638
0 309110576
707863727 0
592142680 592142680
461598121 -599173173
652772044 -652772044
0 737011168
-493235867 493235867
0 685303137
794143303 794143303
-507756321 -507756321
-871462210 -871462210
-900389341 -900389341
0 -589995890
796666652 0
0 107825092
309110576 -309110576
-653654705 653654705
714609880 0
-837937682 837937682
452188578 0
-714149119 -192535359
611768317 785618937
453762924 958787019
155087353 -776868833
851054945 851054945
-711825587 -711825587
-685303137 685303137
871462210 -871462210
95497928 420122590
304661632 -346510740
-592142680 592142680
57504620 496801301
406012354 -406012354
794143303 -794143303
566091616 566091616
969896274 969896274
-267891664 -267891664
410461451 -410461451
61259155 675045207
0 -861328659
711825587 0
72097258 72097258
-940246072 0
243762911 -860505256
-557375393 -557375393
0 229041479
625362021 -625362021
312835785 -312835785
715755730 0
557375393 0
0 -819054053
806816180 540420968
-403992563 0
541064314 -541064314
0 379823997
-592022917 -592022917
-457584644 -457584644
-870824575 204750375
-15289578 -15289578
-599820677 -694858181
739294078 120262490
-940246072 -940246072
-225190576 -853291299
0 97818005
106586383 106586383
-305145589 0
-504508728 -846134140
-155633503 302718470
-919328206 0
0 -515493471
924429497 0
0 -889334199
-687511357 687511357
-871462210 0
-885793327 885793327
-860538059 860538059
-352119220 0
-884134467 884134467
801220351 801220351
-801220351 801220351
-969896274 -969896274
812336307 -812336307
-28433854 0
-516254199 516254199
737011168 -737011168
91583460 91583460
0 -28433854
-145211238 331775601
0 749980200
-617228504 0
627164697 -627164697
-567337839 -379943095
698719387 0
-962980623 -962980623
0 857589412
0 -627164697
0 -624255863
940246072 0
0 178607360
568974726 -235854614
-610449437 -610449437
533674858 260820087
281231317 639407027
-554055038 924295793
371177324 865580410
-362524384 53569739
-521017544 0
-834166266 -834166266
-796666652 796666652
484915129 -484915129
0 962980623
18495033 -18495033
0 -969896274
-903843186 0
-796666652 0
157228240 268929968
335129020 0
210022683 -315944274
860538059 0
0 -1166982
-282200388 -14720019
-992248831 992248831
0 889960932
-118262000 0
973105160 -973105160
305145589 -305145589
303405322 303405322
0 -56693963
0 22232655
863826460 283939720
-118927204 118927204
-769298829 769298829
-711825587 0
0 940246072
498798826 -997758125
715755730 -715755730
0 -178607360
-12693125 -876244694
834166266 0
992248831 0
384370248 -384370248
0 992248831
270107734 0
711825587 -711825587
924429497 924429497
0 -832651038
452188578 -452188578
-962980623 962980623
335129020 335129020
-714609880 -714609880
-801220351 0
383610897 -383610897
566091616 0
0 -653654705
204431121 -214790286
0 -547597639
-769298829 0
869149767 -187677626
0 72097258
267891664 -267891664
-480756064 -480756064
-7375291 0
0 -818152624
15289578 0
-557375393 0
-231713684 231713684
0 592022917
507756321 -507756321
-457863482 -681271366
0 124258181
-253365196 253365196
597078847 597078847
222384642 388781101
-182049439 859370927
-746713431 -208433123
757374582 -757374582
0 391560811
-178607360 178607360
-341157915 512685627
-937754026 0
-217302742 -217302742
-812336307 -812336307
-736479059 0
686353743 -157791760
383610897 383610897
-728277891 556009064
403992563 0
0 20308269
0 597078847
-229041479 0
466501673 -584130670
610449437 0
0 -459035808
-514022400 0
-707863727 -707863727
-493235867 -493235867
0 547597639
625362021 0
884134467 -884134467
769298829 -769298829
0 -681442534
-547597639 -547597639
819054053 -819054053
-859161499 0
-813717872 23906485
644576387 -584778524
-617316214 871819488
0 973105160
-818152624 -818152624
0 -889960932
0 -97818005
-379823997 -379823997
0 366237755
493235867 -493235867
-871462210 871462210
-677738483 -811399127
816436649 816436649
231713684 0
-310485499 -409876818
861328659 0
0 -924429497
18495033 0
-18495033 18495033
-217302742 217302742
-816436649 -816436649
0 687511357
0 -885793327
-937829743 -397059653
604001494 0
0 -301385310
-857589412 -857589412
-919328206 919328206
0 -698719387
0 871462210
749980200 -749980200
-937754026 -937754026
0 -267891664
541064314 0
0 482086932
-808737361 -808737361
652772044 0
406012354 406012354
-592022917 0
-816436649 816436649
-91583460 91583460
832651038 832651038
861849557 -719282943
871462210 871462210
579312851 0
0 -610617768
295118047 -566297829
-673103096 907489875
0 383610897
-178607360 -178607360
-837937682 0
507756321 0
466172538 -466172538
-303405322 0
-992248831 0
681442534 0
0 -384370248
-715755730 -715755730
477431982 477431982
-715755730 715755730
-305145589 -305145589
903843186 -903843186
-452188578 -452188578
124258181 0
0 -808737361
-30421507 30421507
-801220351 -801220351
-592022917 592022917
659067141 -826457802
-754075362 -754075362
-303405322 303405322
1166982 0
0 -597078847
0 -477431982
161415830 161415830
-480756064 480756064
-309110576 0
-258491769 258491769
-100265919 -100265919
0 -940246072
0 507756321
-118927204 0
-107825092 107825092
502116164 250221708
-597078847 -597078847
403992563 -403992563
522602410 480370411
0 514022400
519348178 809859201
30421507 30421507
0 267891664
816436649 -816436649
0 -652772044
-178859785 -732688850
-837937682 -837937682
-66510655 0
707863727 707863727
703512584 703512584
-1166982 0
0 -493235867
884134467 0
-737011168 737011168
0 -100265919
0 757374582
713795369 704151735
-410461451 410461451
-383610897 0
-100265919 0
-685303137 -685303137
726774976 0
540017176 885910785
379823997 -379823997
0 301385310
193103416 922500400
-428354180 -160229541
142195004 504577876
962980623 962980623
-20308269 20308269
0 -604001494
477431982 0
0 566091616
0 -635704720
0 754075362
907738640 246551053
0 -118927204
-966148758 731891689
698719387 -698719387
15289578 15289578
-592142680 0
617228504 617228504
544887996 -286800328
0 937754026
-56693963 56693963
747391908 -86630348
-106586383 -106586383
307874515 912969443
657363662 123526761
-94899484 -188831982
973105160 973105160
998918171 998918171
0 919328206
0 -903843186
-194425330 239954545
-452188578 0
309110576 0
66510655 0
306056788 -849453543
-477431982 0
0 819054053
547597639 0
-892074454 -135600108
715755730 715755730
-519198246 401323439
-687511357 0
-610617768 610617768
652772044 652772044
0 801220351
-566091616 566091616
124258181 124258181
-832651038 0
0 608290984
0 -812336307
-582270112 328570958
-973105160 0
-66510655 -66510655
-720085205 752696813
685303137 685303137
178607360 -178607360
557375393 557375393
-335129020 0
-520488121 -566226375
366237755 366237755
-466172538 -466172538
-285765803 516435667
-681442534 0
-681442534 681442534
-72097258 72097258
-460628683 659397033
209100057 -505079781
-375809863 889151232
0 592142680
13392454 -13392454
0 -610449437
819054053 819054053
0 231713684
-192347893 -282058200
-301385310 -301385310
910957331 -620181165
-161415830 0
-891219041 -942534272
0 610617768
352119220 0
0 808737361
15289578 -15289578
859161499 -859161499
0 -482086932
0 -410461451
-217302742 0
0 91583460
-484915129 484915129
-521017544 521017544
0 -118262000
0 -617228504
592022917 0
-996629009 356745987
940246072 940246072
0 484915129
0 -851054945
-118262000 -118262000
592142680 0
0 521017544
-15289578 0
610449437 610449437
-291517953 446701863
0 -884134467
213113569 400486944
940246072 -940246072
0 -217302742
70374754 -843542762
-608290984 -608290984
937754026 937754026
736479059 0
-28433854 -28433854
253365196 -253365196
-56693963 0
-97818005 97818005
-903843186 -903843186
681442534 681442534
-516254199 -516254199
-18495033 -18495033
7375291 -7375291
-97818005 -97818005
106586383 -106586383
-551554089 680860173
626258532 -459617532
-457584644 457584644
56693963 56693963
352119220 -352119220
-796666652 -796666652
749002600 0
882802790 -317587064
144124583 82395194
0 516254199
624255863 -624255863
