1500
-148510200 227311309
-426819825 201315274
-537928077 801638022
-876368985 -615625252
829212432 -321937705
-362546442 -387055920
307005990 -190155289
97442979 211494031
32972172 -481189918
28438318 -586387227
-941606606 -464419386
-331956482 -452572994
907229876 -957680273
57299266 -540260149
-267375997 -320293070
946416636 280503911
294861486 -523298413
376462962 -242968971
-649601643 675073382
613113278 278050614
27705154 542735542
37093368 -447354406
835447395 890460579
397612806 -464025049
371102056 503130739
499998803 -63409674
-437514593 632559115
562404651 -341784492
-122402626 939756993
509941665 -711300868
915585496 4167866
827290073 -567416355
-105953054 721490348
369162485 -686780893
-812437464 676731504
-574626451 322676620
646501808 947975344
-386508986 -934792477
-874867779 -674482965
-177769727 -93112536
962762229 753400862
-9887216 838396246
-52476477 -454005401
-906251702 307413344
-863957559 -831410950
117379511 578136792
115200706 511212557
-549785391 987753567
-66957544 689069517
-462105449 -198917273
334843681 295776398
-61523411 482434222
38775832 6918712
296621131 716530142
-177678992 -615951959
796165165 112953129
810844292 -177517020
958656375 -562292744
445501396 -303922802
664557356 276211331
-702220510 942044103
679047160 -246457342
863030514 -654537360
-483337929 -670137178
108710739 -129288149
740405243 754774192
-167031387 -576765843
-918344094 -829404469
704556646 151191511
-6404974 35775931
560051343 524991901
748337449 36493134
606327939 -538887915
322470392 18856298
-853433119 380862731
813125015 354143256
-215287643 -329029871
-204997860 424759594
-960303020 -25959556
437781101 46144324
374857317 55269475
-929116608 547470650
555912212 925160790
-21610800 237701415
34619386 528603263
801751872 224715816
-129923330 404029193
-503470828 404675322
-930130864 -884951553
286072518 -498741250
103646131 -533556275
-280296853 968213844
-62819007 487754417
-221227424 206341592
-111089390 128848086
-799789186 694234991
888473624 -48217484
824397925 544086213
-120857550 518048728
936680143 29574694
-181916103 -473772696
-450147329 -756373318
-324413631 -68535440
-564805219 348410072
526513531 215079047
-885897929 -359633246
-578557908 -711547307
-411561066 656817216
-90541003 -643035748
-519901486 254669203
-657646400 222498027
370701041 -462505561
443929696 -503994161
-263871766 457409601
-606680392 -788461478
631505840 -507419365
-777236332 578139728
71575289 -615952187
79098115 495842637
-771474245 176770865
589404147 -539842405
932888292 -710609734
162413238 390515342
-267529313 -805311018
-782862368 668649920
-544372397 658151201
-699387875 821511883
24533778 285235774
62310531 644956739
751982370 567830566
690575463 -66960912
818333889 919137099
178864128 -531256952
421647583 -559772677
-561304044 -227260732
-406218732 338365752
-529911011 45120212
918842908 934274757
-735509222 -754134775
666946725 87530717
507469795 591586138
-542699562 -347342367
-106745474 -935137323
859271212 -538578802
-606371981 836190753
-378727268 39122331
-35516121 -466346749
-463673717 129033314
-183773556 233837464
-532280721 403836876
-215942073 268980543
-261804209 583044499
523213682 402814385
-831218136 489398023
-392556059 -791375155
851474143 -268654715
594456392 174347787
751812378 -62534390
-112102348 -700341812
8377734 -194683130
-826632460 -887466040
-180859743 -282458578
-399591237 931087886
323450518 -906732157
-354664403 434602251
-880426040 613315637
-101507328 210688422
302236086 989994708
250167619 -694160199
-124687118 -257854458
327488534 -880700504
345200820 120223568
272431190 -326041815
-702181131 628390314
799168794 -458230796
234992054 797183866
-520548681 393237471
-128204356 687680714
-476152187 340232282
-631336444 341523412
-338765576 796810059
572792712 -227993356
268402134 262626974
-406871127 964271489
-425600848 -615036615
97865112 655517090
749075603 -13459164
-226485275 -715894893
-336318027 543302325
-517966596 881009542
-171712216 -773878670
-557653493 41651715
415362993 -182196422
976231441 236689371
-592442446 -67862893
-897012452 -855440363
-965115161 -286214750
-324997659 -677854265
-590374562 547068958
-110089037 656929961
897243004 -998204023
3711572 -708409389
489343486 526936368
229420219 -385225387
-614373239 -76914455
32132209 -661859057
26805415 601836638
288979012 -34394070
-95373292 -729249534
-155341039 -420737049
-804332483 -742216384
497013451 213820556
138604335 877867753
613907027 -30172086
58406848 -369190972
819479918 -659604222
747807523 -985118534
-587951644 229906642
-141751017 -472271323
378192039 215856665
-483118178 -494611362
86069216 319998807
571902796 252262721
61967994 366334340
832538868 137766667
622816297 -953152585
30817310 -407125112
-450480282 574656115
566589657 616947468
399481758 546906026
44337112 617959355
203376046 936208920
553123576 -479540362
-765391160 -322771022
-232143237 -320239542
-101961782 932221984
983499578 -92148138
543251386 -244855657
19959838 -143390261
457772016 -147449243
-927443450 -807664798
994619136 830994237
-423035942 536691098
-906491175 -539120827
154571250 -335599157
399550834 913158990
776261539 7793988
784607617 952840303
-951670622 -28432533
-235901055 826393658
997069880 -801706610
-989701353 -135873733
-935256311 724535626
99695715 79273934
758580527 -457140175
936036771 334949854
-594654526 220669977
178716938 -428511250
708263847 -68403980
-505476727 -50306610
-553640406 585817602
-196734143 292186938
-886716993 318151844
23364211 -633627933
516420652 118325166
35667839 -435965676
673492962 579764485
524068124 291601719
-521470624 -818278643
34030765 358427357
423272630 13538174
588358615 528550465
404109129 628883987
-525729141 -712009770
576377941 -245640362
786628906 -229554102
683614472 490752047
-622728721 347644881
954888962 -796104104
-758637833 -354457756
441019138 649252328
-541877262 -433741390
-117012921 462788111
700034781 489763264
559589880 -884500171
-181255459 -239338215
375509943 -167370602
-201568694 -625057926
-389319207 475703266
223023099 -78013634
-534436171 28152292
202136246 -691639560
-158685015 98657630
303844287 -639885983
-779340914 262739505
980723634 -87768321
-847505107 -178230767
-698702158 -219266160
-65912445 -309947749
-82380273 709643429
-860727969 -139022644
-191764778 -432620215
-469133561 -125062113
-270215606 -833350868
393353240 -489224151
-68612732 -412877817
-970139615 277259763
789262821 -855090423
-707407925 -643068371
-113961639 931739315
-206654074 -85886512
233626654 191608436
-806370752 -131527222
-547222994 238755950
-127223923 466437386
-613670569 175056822
-869295124 -534657954
-335021957 26646489
652256256 748361554
-368930372 28216803
308856298 -476370673
-417197907 -761852677
842223013 -284578504
-94061190 678477633
-4995382 301153305
-632402277 72058921
222449946 87557881
-653283490 284952316
633798492 376168378
-172092309 472135319
669618272 -193716985
-303513780 -694412484
890867815 149947611
-79111601 -46113728
589456221 -738700905
22875612 122461045
-21021661 103495264
895010727 -49408524
-327587801 -455708406
543774765 489639972
-318212511 150905392
-22732429 -962288173
-197580979 198430872
-469245784 910811418
397170121 260677271
54411262 898243574
195337316 595315005
-862829980 -677965657
-872481967 639309618
-233816844 -262813802
794846272 613388783
332913833 849806838
282085117 -627858944
348774156 -371274816
-146142702 -786669345
122950615 574545644
618276354 -807098893
-900534597 760892818
-87935932 -412910307
-983138718 -704724004
-135514341 -607938155
757536299 -274094687
798611150 -36626457
439591677 -649552855
485285161 190422537
-706316898 146934989
62191979 271643256
-629252084 -411657413
-768025290 235365824
194937033 -511754145
-751080755 155378794
622752985 -654621200
441871821 19942687
-713148502 17960591
415942677 879331375
28932118 -545865735
-42403281 84009396
-478752684 440421808
236410621 180389682
420664738 732587921
268321266 -211320974
90384632 -93585681
915631655 -385267377
402560727 -294966337
-845320561 -483720726
470988442 -889255662
-177286301 759203363
-365634128 -178162401
149471364 581013170
519021968 -628854782
378953553 608928129
855737312 -892201714
-7824653 89421513
502762193 498784553
118914449 693869914
324795782 69884797
844371451 312909614
-52630951 885530092
-964781999 -465804989
-901062819 347981444
-242279334 807080032
93473226 -75828220
-424130622 -411022431
167029804 690489486
-705438081 119654988
38967025 675942410
802696708 -153002059
735032838 3747996
-922339296 -181062643
255877238 -566686671
-467547173 537897989
-768384750 -389394146
578812444 -405948234
-610587690 419316902
-757454536 78244662
818908849 -308633234
-874865362 598372585
179056772 -211287295
666710922 961559458
401492171 -881888926
979029137 -94775650
-145236012 150426482
573821146 634602736
619350549 -886874077
106674623 850437020
-901402278 -514021581
625171064 461060358
345093807 -161718680
-228801952 -593472787
-757162902 586647490
-469768558 -209971622
-489441421 -720556558
-135936433 -63672625
959970328 -753435165
954866953 218779356
450097645 713204669
-358904777 -155351659
660142811 -361444558
74208040 619114406
-435117973 -900083647
-840721515 509707180
295004770 -343616404
866227512 -662826
-919932415 -615804674
541602639 -644312232
-360647774 -385068704
-57481736 -764007935
508384737 161817439
13514299 -607623210
404022002 102574952
460169388 -612495357
669604719 408414856
601877273 -970758085
-904743834 -867485593
-70114083 432287675
896912600 -142266408
499231785 712677640
-147240675 556495813
-152530471 401243490
-677321450 192996467
165255177 -212894587
-489410212 -778249932
20796131 -441854372
406701281 -40917686
-136541695 -655084076
666991510 781712787
-85645510 788441803
505620890 521586573
436743057 63622404
36010647 377796993
-295671595 -374027140
-395988317 375711501
897521961 -808254566
-701593413 -258120154
350344370 715430593
-34388894 -662189125
558745201 -387818417
-70968346 -58011386
794727362 -230274456
406626095 -469258749
-588821239 -809361883
-752375061 643716065
-971411833 440469622
346129052 -311859768
468035290 -585686624
810147776 -166519312
27648488 78544414
308978719 -483403461
-199572143 -494648708
504894495 -443344239
460242864 -606587185
-818148516 898048062
315176089 457247174
491864996 -404205570
561413884 -13155223
378159473 72705145
803017783 -535574876
353548007 -859796798
514396132 -1419361
-148453545 337338238
-667638639 -550071159
-865367141 -395612605
400754974 949159237
-437426989 804067393
399096973 419839646
271316314 75637394
707438106 -758526571
470101705 -276660085
-507603560 -283213788
456300272 249137155
640628867 452134695
293849606 -480655484
-135673021 -300773585
57243898 -566803549
38322184 -343905344
409088782 91001786
21790017 356427187
-645671689 889556651
922285781 -681449659
-117285849 -618179567
847128361 122204295
-771799277 -91488181
400285316 -280693198
289759053 604441627
-90470403 -987937683
-534090419 68625914
86220568 127139677
-596448577 621904201
652588894 737246085
-750618623 -553414343
-111494714 -360200838
452385520 57420930
828927152 578752974
-281075759 400618644
-518943868 -83590138
-229033695 -125643422
-535566382 9186916
849407897 -985321137
-637504330 523267055
51494824 -70990108
-53181399 -629610732
899473670 298621437
207886107 796614889
-337963055 -445706699
303370629 225236063
-827002344 62184576
-206855895 843894706
-472103455 -460602838
202467584 235105723
-339609915 -861147698
716956330 142373678
7640901 -782407095
503572412 657722587
-910706304 -394310370
-27577769 712720413
-562711767 -673461433
835132282 644003465
-390042496 -46042812
-676301915 -495020028
-753723858 446748582
-583051336 396821131
345332697 342963177
-331823153 -236733940
982452806 -127031393
457590619 775021025
848196704 892425386
436477730 -136133046
-616417064 -689329341
216410365 660922679
751584202 380934494
620244654 359936370
757490454 320404828
650065002 -388538470
9317248 -321997217
-601680933 94641875
-787185730 565272812
427561377 -600768312
-254525550 677538523
301053236 140409703
-133123168 352026532
56290578 181793013
-671017146 785926532
704959763 861886017
-124781834 -879859527
942599879 568796392
358503927 567955204
-743794000 363022801
-593772173 83273831
-445389122 851930382
998264256 382107323
-639656450 -860384269
871072577 220118745
547959606 -28774897
-102824205 586136201
255941510 947461544
-270042598 411086027
-149473703 623194866
460590539 650746870
-862222157 399397692
-582172797 701713517
109075965 295325131
334142229 -880939857
-613675974 661336684
-792895492 689921187
274047365 375872530
815267903 -301063484
465947485 -718208400
926366657 -674373893
-668624207 -5365359
452529938 757471954
538171905 -390507906
-603588295 983967636
937086506 -924084528
-232187414 -425527149
-109717845 518254853
791954094 -412765336
-720490844 -685163390
929258693 -868145765
-175730055 -173414153
-219326010 501955357
-524494640 249520765
-163876759 285332604
-412332323 -565971754
753256678 57716813
775660890 -890983328
-90972119 845512125
201161482 -218894090
448089817 630552517
-574232808 -174388514
892846025 449309729
533036607 -472304270
-704488315 940676537
928662768 -484675446
-857656314 -358907628
-190913385 -390919784
663539663 -272540655
-466499684 584714336
391843917 -194761167
420009118 910414879
-521615637 -6273017
854119330 -412319185
-649659097 -938871563
-536505266 812058357
622401096 -301674778
-888266463 -205392402
150126834 -357741681
-697928389 97330543
-516851089 -673085499
740880112 -644250107
-925308057 894845224
376458358 948660565
147778843 444468957
-516703641 318696897
-562262892 877167308
-772956740 644557860
776829534 -62272202
-986608580 -252520528
189202708 78453042
74883492 -653705342
892797814 867596883
706357489 811134556
117450873 960260080
-620666630 262064503
-446131531 205842716
-421758779 -942043397
-719377862 557514439
-812489872 -534161645
486128162 -380051222
723378812 -713313758
-993125618 554190321
380657396 846932982
-344425310 501241099
478678971 628985997
360823421 732715102
-726252252 -930780755
430738318 -113667633
-427653206 367831846
-693329129 691379755
130199806 499327344
-63833702 -606452118
-8302904 -165456732
730504072 -987821724
22053405 -28661456
47589272 -153584687
-7280417 -524632359
126047969 819348790
685891152 764138102
-847745368 839766882
-788638180 -284191596
220257574 583583433
576100760 496603481
-696156969 665254633
-565860541 -43581679
162193391 -565940907
-866009584 33134322
-804046155 491991526
501289085 315008456
474512229 -195812048
-137747813 -543145654
940383239 -66161233
470835676 -333037783
337870479 446006351
75360115 525950961
684954269 879224482
898372 -373287614
-15758392 39746281
630727394 396962951
650827528 157628939
594679134 -99897015
-523249198 22837623
-423597062 -26176359
-446101610 -972049787
-161433110 678781380
189884259 711478117
145773273 371978396
222584090 -140109098
-869033656 675879553
299171724 864410248
-9442652 -736505220
-43818486 264636418
407260416 -137163823
419217768 141554013
-982518409 312095609
-470638574 184383284
-239164468 -511127250
-483197776 959364958
389544298 -5499285
-90910502 -288868499
-364774235 880880628
787288008 -920035595
243488636 516161322
235274769 768934848
776728276 114733838
261632749 43421554
-156751523 -896293593
-204006783 12264961
-12943491 -892152441
66728958 387918688
-424230053 248806254
-999967868 680461112
341983471 454013625
-154810231 -208968141
-644512424 -216181528
-162392508 -771483366
-528017838 90285452
100607645 92652365
467183214 906915133
8495538 -779406961
-386791041 -22851985
296149997 551979355
-940407448 336348565
810274903 106834326
236838911 357683691
712541744 -377859308
658306441 575784683
9735623 937867392
550959926 593476599
503053715 -994939523
-687470694 911949934
269826707 262437321
-774143140 -273880331
-387535149 227781771
198841371 -395154897
-739402579 46162907
370739684 -374382832
565879401 -465751585
-34678037 593253344
472662259 -722456571
-908183454 -421038012
-869897415 -960386469
-413150559 690192363
504734396 -524246730
-429377411 398061084
-402324526 -157060685
645331245 734872065
-569511523 -856680331
-929793884 -612182830
711273104 984995743
752719797 93406304
-656050833 -724790728
125715907 -945370528
-622652482 195912817
552632577 -313546807
-212679819 -549004223
-931031766 316314145
544537631 -983927270
580191589 817718091
174700841 16533696
-78068598 987780412
859237323 915257282
-466794151 242483221
912266690 -408570915
-911810668 542617463
-218322375 -151606001
184062495 -667180321
86060701 -378030625
-69369853 -512158614
-206675708 895162564
-910750705 -613202028
614656425 -75864557
371413200 184079407
-718487340 41609132
-32864678 -30094388
482914760 -595095608
-369381195 17824233
371490822 -721106129
-698777621 -814515772
474819167 644133549
-177400333 -354055196
-252375893 -260492044
594619588 743789897
-749869310 435755958
524387382 -803784700
-393603235 166129938
248367912 -80423596
764045746 190107371
215168988 108804081
-338636792 627117340
812714878 -703828740
-575414580 422575570
489783765 409131584
602445459 -516550386
113511952 -196699054
470508890 -129261475
-947325918 387214421
599179655 80654531
-51208615 140089490
491573180 -228832131
524633869 -25393507
826052467 392962775
441573940 513303275
-225006908 856511118
476175737 650961829
286638014 208496399
-354249836 154778929
-46576784 947418980
339405896 474729294
-52390926 -928091450
104602692 143877409
-63193176 653803463
382235767 146265600
-166596618 169231751
-548682587 -760832833
-690211208 -309541954
832555372 94872190
312021023 498343646
665906950 -574600898
-303579798 30700316
615259073 -542190264
407031163 -57901647
361613806 -443473310
706974669 396763663
-341765408 -28614058
-48633541 -399197002
-710045434 855713957
70570453 744065780
-260836459 55968124
284936394 28695184
977469126 -345891515
-118546118 428521166
-307307021 -855352598
654078028 -371203407
140138070 -927120105
255055159 -876769122
383333506 668023810
169373637 -36270361
-660227126 62291992
-321805847 681804338
-676209979 308533527
-421085495 904597960
-486494079 -36853328
717424407 -444568635
106823441 -208096620
839904619 140696445
812441735 829032154
260608944 -771022042
128815713 -311741304
516356264 -989434215
58560954 171474856
15408655 -203562556
-454261522 807229084
472717952 -910103389
-102945881 -88109928
-893993922 851509721
-663302803 -498300872
-382636600 -913786147
913782744 729820143
-22435430 323756226
285132365 -625877302
903153592 -554024076
295899628 413368519
-131596041 168553965
-455353152 -197155185
191117876 -464164189
-704903378 297031186
528535439 -631162440
-172578465 361638128
482706310 605653176
-212060475 948624164
278395216 424405609
954784229 -79674860
-387062695 -549491169
948883522 -335942299
947510233 777660328
531390874 151257136
-992299108 798519812
-207793401 -79846268
-44179844 -534350251
907348210 199992523
102392304 730446017
-273422834 494183022
289882090 -617723793
-678391020 -360960614
40631012 201089794
285709821 846379075
-342928516 532416886
-844261074 -426917049
-36397402 -142451171
925736135 -910085598
902239285 -727674527
111369581 182704853
683169823 -745172981
-141380994 31548180
428008506 -364437398
289406222 -202974117
360407898 -52080350
-635201870 -866065714
-473227761 -818650431
185222228 250959135
828548573 -383829085
224656913 644067047
627334637 72662296
243294244 -118054732
143918678 509801170
791622840 -230070189
-680832059 11551253
613791310 356811681
-561020930 -98414612
893051723 -188830606
607201683 502994725
794979572 -583552042
942974958 -573368163
21437610 574015809
643491943 529795970
589760144 480248678
322739234 -193076259
277158376 -182718693
814513369 -385146764
778649458 -947247398
-587613669 -421560238
-867555640 985706656
-375796859 264464216
82164224 -53790143
67416965 52168123
137134631 243548215
777987658 -939926342
-360602596 288832523
172600410 60111784
75990122 852174392
755405221 667932691
-576730887 -23596914
820384599 937071606
-314803665 220112857
936016505 400526709
-305366483 -368138958
-587351174 -741881566
38237313 625985214
-330771632 -857421458
387516724 140918107
919715510 373294780
-303270664 -779110392
892712336 844048610
140390862 101679624
-213920406 697167081
-453969570 478899209
642990455 -544656847
-586035353 376874028
277137822 361254165
283076992 -772222730
536132640 -4000427
-715816306 -3948624
155236967 429577408
516742989 -859843491
-958638041 801206314
951561165 706360367
157871111 -372095836
-287492718 -518077058
365283189 298699519
801239005 786292415
175647627 789680376
-924083009 -958654420
943930460 -388927693
81508187 -184442426
556282048 -733796502
-522394835 -453273360
-571546269 -607521685
262589761 -562408279
-677114794 31606802
511082715 -294030393
923091583 -444048130
-924989522 -764127534
-64988985 -658291875
-116042923 644203894
-685456517 591280359
33226320 -186719533
979962840 -810192220
-749755107 -43946161
9957164 -196552118
-462040347 417624091
-845373271 -820814307
355049469 509385892
-373509059 -595008391
-629498588 382646706
427868656 -446100857
-584125142 -692594400
-368613898 -759739899
65663118 -488244447
-484914306 -573592167
544484669 -473044899
-901694477 389647788
-286306428 579303103
-250158722 -739931398
123909122 -184488346
-882945090 65905374
141653357 -313659176
132878079 810426701
-266709191 -275466825
-130015984 -628265725
533493780 -391635768
-169476459 -772673359
449649089 -415405706
692269909 -929274029
-777931790 -984076160
-502082878 894593437
-892991720 -404765251
915657745 -943411736
-884871099 248502935
-837089396 -488590514
919048167 -921942283
267229164 414653432
-486408295 66950762
318733888 -515190958
331307420 -851176249
349433475 -373801132
-24440056 -397001314
555834855 -635725920
664852080 -647165816
269682423 -197756796
82419396 -513863022
283628138 170669628
-408184578 905940837
-280274816 427543305
6671368 55579460
-365038401 920135342
-163090051 982383186
805481705 189681951
-106863622 546348634
-398153590 -896379701
368967930 425270888
-324341875 -191937826
-217278344 696209591
-65909198 -738427203
-612603120 392332489
696677700 -514115158
279565556 -475518456
-567976958 -188572932
690508226 15464698
648362847 -85696340
950497717 -777146496
202804722 -558801844
456867073 -189879091
-752269731 6729813
-326147115 -95144249
-239876906 919536300
-436229088 243276710
-785913032 116785704
717549283 -101200210
-434539318 605599795
-982946556 179234941
140899270 370885307
51156512 -820734539
-560421768 761230117
696564272 193610280
951885394 -870025948
-848713174 87771070
491600215 -867747834
480021940 -667670880
583089614 712104851
49806932 134464123
-198947495 -418100824
317338954 677744257
-342722404 443764608
-812319890 748226516
914299267 -192756865
131464546 -650492772
-396257155 22645399
455439993 -303550652
918806815 -373955634
511100688 284990037
114733496 -267685918
287903118 -649777259
654402683 412554787
775084681 -674956865
780574597 -441128133
-773368522 -846636272
81736469 -82379433
-636425022 301810784
-613729882 254179493
-938974205 340970089
64970259 179021311
262725603 -845809339
410682081 -662931800
416944145 -324074965
375808785 -62133637
75262459 191947665
-676612785 -154470452
102616721 730955490
365883386 -537114781
998274781 -510952800
-594399173 809177866
-3238728 626394157
526096577 991970128
113668447 131166308
620788209 -377564866
541102270 -171018691
-273419890 -706509582
820486621 200064609
124053217 -26833741
-103550422 418425701
-853092959 111167832
371697017 -571830353
-229302975 403726818
580292158 -325198624
828270100 99681266
176143214 733711139
343148887 875918035
-688480076 -153722756
112935578 -330613972
-846557304 970310261
-38329135 -238685990
573785588 831816062
233254089 365985559
576213311 138171429
738718001 -731258993
-540530643 75372937
3335684 27789730
119786469 -720321821
-992198444 206703310
153463934 -103515695
-387045971 334235396
700163440 -581888408
-92818659 321313599
-402154548 -406132188
-552785274 491009305
308317984 701599972
352313592 276159574
-178463271 -545145879
117256460 616371882
-752754958 -998305117
869584456 -846670555
-338297568 135701831
-43743817 479233809
-641832992 228673406
110702895 240020201
-70690497 15774090
-740820816 -53251875
-870536839 489230644
-208981793 24816206
-527651290 -548654688
-131761615 638319927
395179740 22618482
-597020024 50237757
804067042 -889024946
766785649 567940598
728842980 89667296
825424937 132518345
-938131911 377663739
-865402273 694887528
53884925 -671135848
-389263913 -350944248
578101616 517751401
416939746 90933538
208773889 342232528
-990655703 813301355
-449533850 422044774
-680302988 309736329
722704700 533602516
-187138179 -395536222
-837707799 614131768
-750754036 -761306381
781768083 -377994616
597582139 497937060
314223535 367255976
92213820 -245743351
659149272 581062027
756242488 107707630
-116830302 137100469
394132965 747401827
325607311 -327428885
489707640 -934270619
-465588111 -815431111
805670498 -998046017
201723235 -456929784
-881719356 -15798223
525837549 597179091
778200136 651911301
544813842 -879428080
463185539 877234812
483011354 207065334
-129853655 -223453033
-478983469 264089116
599847602 -321275513
-454981825 733612248
949244743 -227873722
-121833251 -307706549
60097936 -402109758
221708238 -640331628
773521752 904194283
620103291 -548761232
-754761082 -545309805
585210957 -305017356
-117036961 -349503366
278377842 588377714
579459345 457259251
-618622362 546435417
-77571426 528413146
-26195463 -464045725
-330227642 -363256158
-932208762 4907856
476314154 33974853
-46501805 290138629
779546492 -278510432
333119660 841653729
885847107 -729647286
-469753996 -21741699
19821669 -522618213
-941982667 -479836599
612524195 484403590
-989995704 -56861786
-45071196 269003815
-964642148 -382728847
-789105280 203148123
395814010 -938460364
-71976362 -249025324
-336946233 429417469
510449553 -859961172
347516514 -831775239
-963896924 -33185052
-22752750 -558783183
-149176888 91062318
790116896 -192821677
-862489979 621828025
243140167 -272675326
34917900 158000530
-329509071 162195533
-492049395 -923190024
167075533 579552513
669773451 -369488652
-92062488 -83842732
470806776 568673878
184962530 -439885589
354079905 -266763047
402533201 -879390712
664167124 -585348911
-895818324 659393425
468981736 -760700628
535916040 11473014
-886747500 -80633697
-563313807 497739
573801131 798198994
-539230284 781933399
-28227603 921129399
-491506659 -122791491
-107810971 120988869
-823361042 504942853
316435613 -593697971
-232588489 -869000281
-481003489 91539597
980811048 358560560
-108724573 723859230
-207767505 484945369
-925625166 -210397107
511261920 606317406
840540798 -28036059
-925880727 662741538
-177006286 251604565
-69817139 -173091850
-771799459 702021394
148901671 703042591
-31473052 -70540335
156818347 201708849
806639255 371157997
21745910 605248739
552515734 -453392250
-854421744 94699974
454037394 -742036687
-838534758 1679732
-245789938 331269761
-399571193 -988004044
-361149887 901165844
-127962795 41351587
-825604274 -63210970
-115724498 851347678
141934243 -588253743
35397167 -584793358
-623572322 -589042213
-144048538 -647002530
721199756 -3821017
-477388809 -913958879
9862766 219329859
-143753454 -447367548
-939685293 933283195
54438783 -230372036
846170548 637200781
-508043043 150007956
45447304 -884708390
-368433559 359221370
340884023 783272061
-276034755 -424021994
784913340 -726319197
-333526043 781975512
839291201 6859034
290731988 658626528
411429877 -459960611
-68989869 569701735
858290815 -208026461
1236253 682210718
74932468 -220527029
255923966 -830356524
89812727 102415673
296819925 146632574
-702351576 -588855660
80311112 -314989423
753165472 -181609946
-756631527 488489697
782420549 -53372715
-434963116 -679398740
58408843 669960008
-363698433 660580205
-29234618 -324538809
-280998465 -206761820
669392690 -642374148
167888061 -155485021
-438658766 -443951075
96632071 12940392
161048124 869536963
401558564 219778308
-210922622 -932588540
694318196 -136460632
-173944528 852473378
-139138657 -150538538
-41569599 426026399
192561560 711320989
-616372399 -286196265
-186804476 -85974108
-202352397 466655743
-45547675 438502728
493265972 -530294381
-653800102 370498362
78251655 -203148811
-448708514 -42131491
-703368871 59809118
137614602 439102947
-704231543 -332123527
-339924305 -773013997
297946459 174016052
-284384886 -294969504
-354370382 -370940367
333342099 -392452654
993028826 599404470
563419413 564126960
-335070979 134046924
-368741346 345130394
746239906 -656354557
907881160 -108055107
133551301 -954892010
446046198 -156027268
919224391 814932629
572178323 227328760
-489970307 -556553977
130474339 277889160
-49243811 183089357
437123082 -208708079
-298453440 -447125106
688819913 -120697386
447487335 694648554
827206883 -475316264
149285643 349938553
454862270 700691919
764088887 911108174
-92979714 354753901
-181302237 -156569203
316288824 534151527
-751294679 747467886
380187378 777450507
738580777 134807993
264959231 501206270
285376097 844527585
-9304026 119711211
99463781 906272315
-329509223 -375823167
-436312944 472725153
767255244 253295986
-631359801 954411152
575761921 292130963
-674926181 -373554430
-720808159 444899281
-832094845 141244520
310558195 309935541
333615290 -61830499
-111401153 479905051
-950522800 995430215
36287153 919727522
-270841019 667417613
-126989833 318220199
775919916 113681495
-616683039 -866948772
-554095275 647373577
888534141 271607197
-205981533 -675107796
-641477311 66719132
-536758822 -79466483
783890188 652313868
-519546875 -318581411
-658396629 -312204973
-424459975 841962342
154273880 148981571
-522967951 427021629
-503105596 646956850
571747235 567775086
304674674 -597834923
906441791 973407083
582543001 -238227220
-123442362 -673141413
117279161 236073067
-760112773 621053729
-245023778 -818962153
486280334 -545350652
-220800401 414060411
-247660090 387734392
678811792 949458588
-247158454 200080390
384890400 398289299
17800918 138408725
539385145 -21722727
819957068 -312079389
780282974 -851345644
454790188 -139642165
167412194 401210193
-221993853 109917679
-959795311 688187303
96840873 -534327874
-65045454 185898011
609081855 678407596
156726832 -689808371
862869756 406578743
353985663 34397821
-413501172 31092288
34617912 50933668
276942200 -536466831
-559636400 960457126
353195303 -444903503
636784635 -301959300
-239890693 445680615
17468777 -498346716
-166980434 518590874
414190689 -449478167
366637123 804039717
603024439 -749264654
262226845 23798798
-390305960 84859172
-282401114 375368288
-785109450 346539559
149013226 -152240220
-396699651 -680741815
256241243 -563227669
-806032490 640955573
554391169 246311184
537949795 -261485505
577728142 -86533129
-65812689 -762212546
-831701067 -480311152
-515665612 -186443578
-418030687 -121830186
-30839995 -942783039
-692569103 -273666549
-856377325 -75980074
-112053631 -913300724
47127985 -414015597
358907402 -920228403
585236964 474365662
-410299815 111781493
976253193 -90395833
480104843 -114062249
392170923 -206149366
-377395786 505328017
-333576196 -911893457
-577386582 -982737757
-225398617 -370687824
110391406 -869949408
