1500
967521878 -511653709
602651913 -546084939
840145251 735211437
-983255057 403340405
759710356 927561104
-180430616 267328798
550026687 -425092944
131626677 161662770
-480292450 -5435836
-772616803 -409735943
-983273742 -559058752
-56540416 166787421
253993656 -57741706
313785099 473028358
794925508 626312916
-366159170 222150041
-646693627 -336494878
279041492 -518284416
632000695 15649093
703981601 813112586
-267399033 523414823
-90614509 -238657696
-657415950 -183396144
-401168763 -722240687
154081078 -54240427
659026199 -700192289
529972524 25362816
665491562 -721361826
-483195579 -528600559
969437595 -228436229
-262666837 454413313
-941869324 -758019574
553970705 -996154000
294510467 -358551149
161482576 366724500
-841163857 377054384
886823240 -397224376
181355859 754562355
-561525528 431206717
463631488 -86193143
-801164660 582487477
746555225 273223453
-259718222 -726303696
-440247205 -325470831
-661002639 504074264
-417514539 -241029871
-440451573 -979887134
-808948706 235781739
549223915 288274918
-611842978 378870556
981048964 -730075586
-500966497 -78096983
-399277368 -571165278
668951594 986312319
928215116 -906279178
-293377361 190820934
-835024547 -300843557
557011987 601814779
-334120145 -132242622
-517605010 -43662205
476324087 363432586
-907361491 172118223
333571026 -467333423
17509512 -809934811
-479234628 -169613284
314543894 881365300
532225609 -432551235
649081526 417937741
-63440834 -242282574
263627469 801126833
-287068721 -206701396
-619950017 -13722033
-662026509 -177616121
804998320 157548535
-356365452 737606650
-971965137 -336271418
62172241 233977992
869654613 -14631119
-583482829 -182577025
994957085 630115083
-838584084 -867700323
496662635 -19116244
-977820137 -105120990
-399132930 -230028042
-380143906 877512177
-258198995 -611956085
-722688303 -132203646
227677590 -215896973
-350308124 -544180038
-608097185 2124657
-59224544 -855779862
-619504582 644890060
647052966 -41063877
-780498264 -332055729
-27931139 -756355176
-972922575 157424281
-149090382 831792866
939171000 -448821830
446856615 -138349876
162599150 813618394
-358541859 5155779
-19855231 -890603944
908562145 156371342
-978409555 -104759791
-729125665 995890533
-665901486 171624931
-691692597 -375356609
-434695341 -436401286
770754290 -859507483
673085720 -374562524
-949078001 810295664
-345115589 -581774569
-304817284 137046976
-620999765 564275018
-324151939 28887185
-810865935 665034708
806934659 -405159279
62558640 496992733
-734502674 645449816
-469052635 24412617
771209582 -438679612
766925275 275212221
-496237754 -70187177
712115450 -212150089
635088736 526066476
-277659059 295618058
-458834684 -303251800
536269656 338893718
528843896 -821010106
438056191 289050353
-53211827 176950233
717432886 509927222
-719370596 -405281941
-388397369 74353787
529377152 485796606
-748307258 -318785149
845821026 -575572974
-489522277 667141932
-506413901 289660289
-80752633 91955106
-639714109 398181580
255425491 -934870214
77558038 307720098
221864097 610903575
-100376077 237333333
9742688 351815800
28336571 270541765
-53527882 -438439090
-418707304 65703084
276057606 -962543650
-654796502 -547094709
-628498667 -988728580
-684511441 -335258929
280394271 919463467
-243612291 -30623937
-785223986 -401516732
195305057 853148211
-38731066 547873938
-933158377 547304008
237668134 205679566
-700339030 431291665
299575276 -320305633
683206880 -581844590
379955450 726863547
858792219 555935647
824810448 -871054693
850360220 -238758072
528537335 -707587501
230958110 -317680772
-22579914 -783625966
-262756412 274083891
610573454 955045886
877280142 -560941966
332991624 254643858
-443652320 -721716102
-906220123 -273548147
755730855 323026700
-296769516 -949523560
-225505133 289294769
-43649261 590454905
-500564791 740432917
-645963380 -557553397
564805881 395815187
923607045 -825191628
42082636 -613209791
162527590 875577638
173669052 -249725926
-504125116 -115132248
-447043875 -204838681
531432503 -918768146
-3134334 -76436346
-888369654 350169909
-553145049 -760650713
576923294 -412778655
-170808548 312300623
598449279 -604625611
-778706388 612057584
656348363 -221190116
-859744194 661140102
132669374 597741041
241922743 983202868
-378396082 -310817372
-442298185 986102291
357729752 553783764
733754110 -815831694
43315900 -633200035
-421592937 -434784260
-790094580 107388900
743680205 622327761
-650853897 -580167133
-973398487 196608055
522402083 36489557
-435848498 -98828636
696215307 -732626779
172500994 468483736
979639742 991003938
-877356905 -328596080
749263847 508090847
966736747 688316426
-482833132 887658517
29039396 361653303
-93601960 270095678
-88069270 -292392181
-554846448 685634294
-976536575 35650222
-917312173 822049277
219733874 412882797
196694983 878271072
-392772671 296274331
832153200 921396053
-222157479 -335419278
864895224 -419531190
346838658 779800580
-194454676 -428636360
-69201689 -180033949
-55396056 283059080
172826706 -153148869
-662197062 -504652228
737135584 573760169
-819527405 822016008
164738491 672835025
417262232 -168355819
-178481701 -928223597
-300188192 408113135
-955708542 779206432
232878771 -864302507
74800122 -647137730
555294584 469030179
-380311388 992313393
997513895 -672880083
752099190 117293732
-544193495 940112331
-465056343 -290332562
-568899377 -402180454
-836423915 544947521
-411216414 458464311
606399249 23883465
572798552 513146873
416325682 934771934
-912997576 -618984296
354775103 -69910738
380944065 411215894
-157749189 640799059
-798627160 -508475586
420095727 830198703
4752487 393745355
823247157 -991314031
-228224363 224197216
921536019 -288952157
-504985252 71198570
183757343 188701779
-359210624 134266374
-225910944 -42025257
851004777 -797550293
256763610 64861785
-327753733 189275577
-364258691 885955387
-698736111 -690403134
533412376 41696971
545155698 633398032
123214780 742791934
5726515 346878499
495906189 749300810
117752855 114688347
825194364 -131318196
381619769 332980416
396671380 123615689
-39708791 180894116
195829866 -969367263
-431482706 -522951621
-358566411 209517681
-495990230 -793760388
-79231010 422263277
-870275972 997582790
-868691071 612301847
-606609422 -295267939
316976488 905374585
-435702829 595648943
-52135457 879725988
-716674115 -394196593
387586939 163064573
756010058 -619838664
-30626056 -415897791
-853908153 851616831
979885578 -285922650
623444431 659519856
228021565 469027508
-594945991 519817545
-370365154 91954008
-932264578 -986381113
-142660697 -882129362
296624363 206754514
203439846 -71870194
-428088725 -57797758
48055923 215183675
-281810375 -596714551
118551499 388699107
240194531 -417800746
801862286 65980045
-210791691 364926293
-956558367 252193519
508954675 412897213
-840951319 -596081078
-149416202 -916218147
-277100961 -419339807
-266489027 -257886060
-626132671 -180057157
-51708369 316503106
-291056812 -529408678
-214527526 101808462
976511125 -385327659
495644782 -265879066
675096287 -109959311
385171429 28090614
359173573 671313380
312128373 315978728
-437063978 559227685
232827672 287023686
-958181583 -167371680
183715962 105920740
-530696114 956488908
-262430941 -12094680
65676813 -745365124
625395581 -688507765
-715184884 -385796148
-444901712 198933200
608456473 -212575029
127775555 -814150324
-164432265 362859177
-371288852 -733621316
-940045116 104579885
-58622816 439506852
-831686461 -331978835
-376640189 -709767737
-199552952 -175369597
-684767656 -123219112
-478523611 5429366
6149068 -576625735
-89576292 309697832
-203300368 -316443727
779032056 -653123097
204691960 665016080
978938434 -18321158
-573781974 183392116
-914994882 -851603643
-408301522 570843117
909483775 -246839131
-297171251 -648718116
530169489 176316291
-172188992 -983259374
147020016 164282866
507923591 352983234
-259945891 -859020705
379945495 -594002307
-249341754 210202775
821180488 89539970
360838315 885849743
-933487700 -37968872
-808700542 3238673
878406027 235617583
889347165 -964983013
265903792 893439281
82385956 804664357
258398075 831725840
862115783 630867522
32268814 -225457205
-576790889 -257998814
-88623725 296479627
852792179 346206915
-135387077 -81875360
361578535 210584854
718253054 -86020970
-5016700 -478334660
28874642 170248170
-249657472 -232085432
-791431316 224231073
401063344 640889130
651408539 -662779253
96722555 -361808370
596995188 -917926196
249520358 563580991
-503828632 -803619554
487042685 41009397
649353151 -650286275
971450370 -720139274
-578518042 -643398355
-630347225 -356374601
410590244 44769985
-266531524 55911846
166706531 358087303
-790357319 635894396
-70416714 -864805636
-884655682 -177940948
187920248 422761708
-362040295 -882840673
326029349 -266849796
9879377 152887151
-822357311 -708377411
793750686 430118912
534102977 -3989641
340288634 822507537
-30726137 -593975627
355698130 773544768
-707959977 495881785
165614107 427719968
393242266 33762870
934419554 -249946071
-63805216 -418994900
-712112520 352612367
-47489025 -873124611
-388731749 -824694449
-428179799 159727167
-908306217 -692527308
429814361 660140851
466498302 -635186231
-586337233 813994532
302759154 580803200
-68172897 331101227
-643896839 686331883
755436996 583645927
-35464686 120105851
323758912 -2235132
325234464 -411555557
-273285152 530507584
-612859985 -776960166
964135398 -737092389
-517701703 -914127899
673019241 -459516673
-354195776 306895945
-310921414 840114900
788126527 -77318897
346376896 -49327287
-222857388 568877673
343220745 285751850
882078329 526887760
-671825752 146059199
-861299416 727073100
207760225 -786453603
-879879915 -277024353
-152206751 -750294094
33905334 214676096
-446981977 244702345
-530110494 -673305507
-466661869 -629168263
-678315220 55123895
309726878 735466344
-324480533 447436660
108979467 -528800782
548115479 621880716
537328603 -950087410
65811243 324273
-60462522 -204974585
-338370289 17925581
-666835480 940749992
-920321651 45624847
595503234 -417667294
73093542 -573882236
-528165224 -168441264
904565056 722749169
506076243 692948693
-110349170 -966984719
409337428 -902698341
-835989983 -525015232
-595175341 557197337
283656336 391112472
383434973 -171034203
406686613 -161005253
-322926620 -804688192
849396693 985503437
-941620932 -675955183
-65195242 -80967737
16407626 -126787387
191054932 591995197
-441440067 90865705
529461342 244983650
511215238 753952486
-822496301 -396295223
574593038 -112415858
925303950 -393567460
714128191 -346107449
-707580634 485448230
-5364471 929773606
-718013823 50721043
555804715 275824166
571977736 123696194
341723230 -738663700
-112158629 953281502
-699114777 -557481819
998657400 289542333
-211807812 519281516
-112213120 -528322670
-931537345 -525734160
362383512 481610762
-932102793 -568778360
780327285 -360333975
-599038261 -258455704
740471434 -243527882
-253844210 -484473805
-715599035 -572380468
-895878261 791943911
238156986 -589260267
-2071586 -422649601
195658612 240433966
475571534 -28981281
914176802 416552755
878393347 999761971
262406488 764969480
-862638623 -442198423
391652756 -550077532
679728539 750415303
-409785979 -57082958
311115883 875226346
320213130 449018840
861703531 -83063959
904806392 497401190
-707378062 195508405
-338846175 -167251993
-33150645 558193329
690058425 -244498230
532895998 330536274
-594794997 461191946
-658235407 -808470184
-784586302 -343694345
123611841 791594222
-926965979 561253275
-525512824 548167782
596975074 562203826
281149479 -727956151
-469463460 -153159359
-400029089 47367676
483303633 892017688
-988009824 -37831504
703006526 102332460
663126097 502331218
30529873 363599563
-204615931 290623882
320399842 287852073
-237974798 -871989625
-359696060 -727389500
704939718 268264286
8787296 87747135
-3314759 -425343683
345634036 227667068
-749817772 -881647022
193119867 870260477
-84819316 -380815037
-659098172 -337299774
35333030 184954808
-262176750 362765893
-982338288 -300120523
401494706 -328983871
259283313 514146466
-408360262 -113093258
262437911 356048025
-257367977 -277311855
-832885658 868581638
-290818530 -834533335
-353272663 -16394450
521729050 -562439491
906786339 -743563739
-414807132 -737202225
179568531 -691140223
-751485163 -358808877
-679650089 -703355769
585453520 -966618417
-654584544 -257624519
-308228966 717513815
353516676 337522392
872100360 -882198782
-328309472 -771511683
-224105181 233372203
254497534 -806424153
-110673369 -16786620
567378027 191537757
-114435888 -147028966
-407969419 58272549
317989897 -133404584
874320937 -864577824
-297775440 -597188147
-367178109 -245809485
-801595868 834052216
185208780 454282904
-899103075 -414692687
-759749630 -720097544
2777941 -909499423
663946913 891781897
-853435879 762943389
-298819774 336280135
-623187460 -785498767
515043748 768841174
-643439693 -869495782
-211042528 -387880886
-522378490 624604128
457925291 -695813856
-164611691 -269877342
174533092 279898462
-145947085 885202134
-209725669 52370093
225744946 -855411047
276231580 308951574
-351827351 -658527649
-333753388 931210928
814972602 -694055256
-375363473 281887376
671274809 -320405015
943954816 -819391584
728271534 744363395
705180809 -378032726
-77174736 608800902
861311518 -440563450
967532773 -308038864
-615707491 -478721179
485663987 -263990137
-987387134 487585018
-318590118 318758315
354592022 657610647
-149878473 -693449515
-638095692 541278054
-209034030 -594326319
439866779 240967033
-707699041 -392693474
-656710062 196775662
899542918 -992507724
115569151 -735907111
428636852 642762158
379903869 332326180
461485137 888052479
-777074226 -797787300
-8651377 510338143
848399821 307858736
-374759904 446676530
516437984 -161393892
256193000 -630034015
-658214855 146056282
-549020903 365753212
511880206 -529720550
788424445 -204124390
340098889 103439909
-354511202 378275233
-11869785 355901589
542621341 214105954
134870093 898787959
316056618 35199003
472421801 -10004897
12705176 -210645761
807859048 73932744
625078725 -644083938
-227122876 -593024384
226821698 -866834540
-200006460 -379746158
-386876846 73039592
-14639734 122346578
-219134933 -899741267
-543685116 612653843
-858366945 55566647
225339101 64803139
-944455061 -619927809
26742404 -105064286
-115848542 -131842826
-870226901 -733654891
566429816 -568393388
545287600 29873217
-653309897 -126329595
-379874815 -360048772
-179155830 261944073
-223824704 -659173677
-337430873 -500443602
272306847 -313883448
-110658885 -202110399
49417997 337804499
-843602287 -323402524
-504018137 487972003
-749341269 -361745843
-626507864 -787043826
705039539 693821214
940763758 -40064775
-921155311 -171182569
674671848 418645965
925193729 360909875
195330046 -101969559
297115022 -796702661
-577398720 335723040
236998212 -614153978
-710736216 333589512
-13171401 130007802
192535020 73954604
-873297192 580622200
-888560753 704324388
368168416 878354377
80310813 -598642168
-132641043 259554090
-998810428 19961983
711930327 174541305
-557104598 -620975375
276160497 -562015196
-490902379 67632254
100642880 815919112
-842041436 -663839963
-476985400 826530913
-975083067 -200695386
318576312 -993184677
911088036 -231465736
215083258 822322745
164287837 -250723491
862633001 -262796918
378279290 -404816512
-501800308 443651320
315141073 521342786
-330311156 147580719
695886844 537860155
463620806 -353796772
-93877307 -352260319
239073840 -746596196
-761894214 435790004
686033370 499834305
-528626303 814959530
60795131 734551557
114419968 327703639
127133922 357295982
-646931965 -43472339
-16998952 969030442
653237191 -24915605
-732415379 -123358778
589954501 585143838
-217173727 294448673
-384940375 415791028
-47863026 -557536949
-53454525 -21277646
461841325 478237528
-277947335 532455606
-60192519 623670980
-887187126 8331702
-822253181 734628415
463692195 304815613
-573199754 148394347
-342653630 -425649927
-424967365 465102184
646893710 -395258563
443092968 27824560
-889579120 -904350692
385490132 798386730
590550158 148033145
-268514644 254015080
-982231112 575824723
-905268143 -179177277
-386415246 451333989
-633351643 506588677
-352687471 647878879
386587419 668382611
344163882 617990945
-415534642 -936478023
-427963721 -547669494
749584190 872963867
-49157870 -533721889
214041159 397926846
391317224 480867932
730779536 632091567
-34299866 584906956
-795166758 -583712728
-435863607 -720663842
643675050 7438010
-753057084 -305297670
700226501 -726665046
-551473096 79683648
951949400 802592452
211149613 102682368
687360130 -905898557
298772848 662399850
-851699912 678886696
-429336402 -373282693
400133615 815278492
-230143011 112759668
-731266190 -562454139
414067794 750946007
-364789273 134595834
292925234 346525644
437627538 914782550
506775363 479212812
990141029 -52414301
-405657039 220789406
217455077 -804474550
-250900154 221825660
-290496917 -119159354
406081525 -94326324
770798853 21721296
739673578 -280392833
199052059 -293507257
-487557456 -621339381
-524516329 51905234
-488657427 283618301
-173948681 -878050991
909113004 878362950
160217739 200533066
932859076 783652919
-578571385 427665619
-869389072 -942720773
-309007383 755936639
397615384 865165058
-422812984 99306384
695471899 -592102549
-934912368 118996917
-883886313 -459587832
143905627 -186996277
26869259 199306885
-556393828 -452811275
324801933 -262372578
-794051358 -44050475
-408697892 -395796636
-548065691 -453511697
767686148 371725139
881286536 807848438
-648343819 -459035435
-534971530 -420480198
-499372629 278613107
-515731670 268912433
-742811256 621874666
-999588664 702511984
490046175 992153043
-106687629 18241448
-442593749 525127990
111101907 660342685
440741662 56790746
126798965 -359455739
-941017407 765986
-956741900 -861285370
-641560171 -62417758
514441711 830518571
447816321 -10714604
-354344723 -751243079
510683179 -968967351
787657224 -789661172
-200309356 -930961120
-826369726 738212835
-129800594 -257765908
176758338 168761196
335723196 79865272
629882602 -371417921
205996995 561884903
-673603705 718489456
942699351 705355742
365972570 -559575040
-31902336 702111241
-858232439 831976820
555436662 660639659
-246362780 -281216308
-468705942 -343256703
246389890 796924869
617110424 -551185092
619185502 815871638
516530201 -295038307
405923670 -663166931
555466083 231960429
725998177 -304606986
545534025 308440628
-97535522 580742914
890863941 728671647
-702791603 -288152475
-57081054 900032181
36229068 -565799443
860334460 368846775
674198319 -848345039
-129475815 -563417057
-858706594 -272224299
232672453 468572412
-79719720 -922427528
505496340 532520928
225552736 -179451909
470400946 672086117
-515504532 -723010196
-444777790 -212420986
131273046 520040476
241496089 447621957
-399105904 -350739194
292668352 -923598692
-37582416 -631372550
-775711121 48316021
-707906871 31962279
627471481 454351976
797033773 900650398
787751021 -174540431
333157945 458190054
-110814370 -292630257
-476213904 4885525
-398595770 259494755
618987536 -508151020
-832176351 -917577970
267979681 337112080
908329002 -864231330
-135062690 836331624
-13360482 -459667438
330658924 734141241
978688721 562200881
-5246381 -202622319
369431190 -360359053
-861086945 462206823
741243938 -319214077
-482934270 640897402
-488011071 -764129027
645714000 -283209077
67607053 -197032009
288786998 -791284235
861786199 -278821569
-48016739 566882213
646814089 -134651193
-332946219 462469400
529729504 675440518
893472502 -668896870
584082264 -994530499
-301852146 -36615444
-695599598 487153310
442561213 827839186
-730568019 421799625
-948582302 700740371
-431447780 -896261476
-236106142 -768582272
233340691 -97901685
-903541196 73267131
356228411 -79337835
240993054 813826490
-920975465 -389967564
-519637189 358712653
-184548617 -262635564
290658508 353515121
-229452045 60866646
-809489018 788128038
-832218422 -692113759
-452811943 422882486
927981141 237506727
-310683223 -71596335
118499106 -307076989
585685343 -184291442
544538876 -372522974
179663792 -124788481
641286566 -243613222
73183502 5650212
300545304 -536745405
519173956 885675610
-300002414 -398515621
-409638130 -595837195
38877530 -211621958
165416133 993109886
24346211 484670331
-383610565 -242675826
506093669 -596453308
873920501 353120123
-366016955 -28734736
190732970 484686453
502272712 -526667513
787613704 550320228
315982485 476115592
-361813734 476120010
528169631 526972932
-261935423 190072284
-397838374 589204789
-257288945 -763874209
-83547199 -214283921
93960124 211380854
800582256 935987244
-473729154 -576680167
-122407436 810564663
-296849210 567938845
-583568586 -459419071
-665717287 201353036
-513702868 -800092894
616868462 -888800542
973736979 19685187
824774745 -623546571
912962860 -762050684
-303599367 454966700
-690742850 -822736257
-532827601 -336732327
-406053805 987973610
57220082 455171670
-253045233 -284480564
-445751531 733641377
-736025917 -834713886
-414745332 756626977
-226739106 -737959438
881520282 526449077
824956259 993743669
-194046062 681841870
-432531968 -585333230
-407052970 730502416
793327434 -802247606
-537064855 112983406
593248726 413509028
-71680994 -56795744
-373480904 163024950
309616577 663609915
-283284725 -160258358
-102397255 -260348143
230785286 -603933026
-349063455 579324097
-833755074 -989296567
824459877 681797263
-919219490 -575083871
635510161 -60786238
-905863152 -228840631
-600231767 -434533744
634496998 929225935
-967987989 -433032578
-452143819 275251457
256295475 61180545
-450770965 -383967520
380003371 934253482
266514147 520486133
447311687 -998294506
-450654443 -526702805
-506095759 363584966
158634600 -815532481
-412854217 503050392
903925680 -802641903
148197453 -81086859
480621794 -135723513
-810480030 665525991
-217308699 258926655
-672847587 491421515
263807203 -28825371
-271841225 379432475
19057302 284723051
293440321 189687489
-56774655 -594130030
-336756961 -530273800
-814091724 63711007
568042877 402039689
875104132 -119840719
184102252 -57547284
-549763354 499404876
-343211156 -593753431
170190365 -638978496
856516441 700974948
494040357 681294095
677825370 -240243683
-327695206 391632859
656434753 -839649109
-325806280 237370142
-475175157 647854715
258230633 818028454
1323317 -44541144
-363414773 -886348998
-613131901 -52012909
306759323 813316961
-665637423 551354267
-840778808 822657460
-785591352 -471283000
939132212 608374263
-244309136 -463780021
718293856 -168253769
210158638 -723432680
752408569 -401810641
-826517547 -287259216
-194509880 -293197849
947079712 913794642
-176060803 289330175
123602193 -910606988
-719668540 -326651876
-761387653 -912253423
7983711 855720593
889655797 387941361
-332926376 711045441
280326052 -799197101
532829091 -394104388
-310983807 745837827
692052450 -395578314
347426426 -597580070
131068901 -285453098
424734295 -914611638
-194422055 -698974870
-749778805 804245138
96045628 -352999104
-972452397 627937835
-446076836 171102974
-468574219 987079314
-159614503 47509357
-690363080 -448157886
915826556 -169580049
-134130042 313629372
345531271 630783705
562347631 447279505
199257520 184104544
34427360 -489474465
554650015 -39551784
-931072782 681163969
-618653979 -459220968
-732810818 738384565
13000873 649877210
-95316098 -48039101
731929526 990846784
163385265 -855674416
-171780547 244093952
251604374 281374874
341603440 -290922295
-587601310 -25685474
835375617 -263458265
-225582767 350601055
477947994 231701040
-462010616 -716140383
721550829 139643045
41929014 331106024
311689005 344087274
936797675 -738963418
258518894 911477103
946518500 998604422
-342363031 846431745
-331811326 -281026858
216496934 829710914
855904523 872248173
361346570 -567381655
-531515221 -758972630
-888365569 751803654
-723032021 -464399203
654867419 609836553
-422335948 835367139
500160073 -3343841
-377451196 -259398592
-386998842 405238642
-400389789 -198025581
-70063378 -369364334
-707053424 479532005
-429872097 330570051
104578473 -327981809
650647429 -164984317
-815553436 -731455881
-8730624 -122883960
747612592 -287917404
151048185 348338971
-926797927 -155321441
-392352101 454528118
420852941 -782297181
735002649 951046395
43399450 -203399694
94397262 350836683
-351076481 -639309141
544839756 54664433
702677532 350373311
454702523 -268212049
690750637 729038740
555448424 -562969593
963173744 562446787
-21843828 84172901
663406423 320379430
514608124 340320051
-539438197 -981029570
-587279413 551834364
-576982157 -506752422
60077349 503001816
-203034132 464364440
-61252112 -831795582
-716414343 -480514384
261008443 354635312
354304921 672505275
833861969 -412103435
955014040 -457687018
-958002442 -248835547
417553020 651696589
663055742 -699863345
119214082 166662640
-818629369 -142010828
701280812 -745815181
982102540 -394435314
-497132244 -758759658
-962670237 -874427903
-276520346 -31126059
-869291483 762615311
271734026 -193811194
-929328632 -516611629
355380099 -424377251
-889724234 -122586968
569318516 -439893982
-618912769 -324959286
124167256 378202481
885038990 989777935
420425613 -346332974
79279080 -208070485
700022346 -732413113
-350419790 -71531149
-409625734 104938220
111674469 565646175
-22129927 -211255944
928721482 198939028
-452749593 -405472596
244455259 -261934050
343308718 -657064843
846851080 -500230005
986290227 -281683744
-1771148 252689302
-494177570 46322992
-502999824 -925099888
-847282513 354127473
-663947473 715925904
406968387 911666445
-696838826 386745681
-947654495 -748471914
-171253325 -248551672
370484271 434997484
864774626 687428921
-92814271 302821062
531386675 85699442
97209663 -565343978
736156194 600694147
-511960847 -74200226
246734630 -116897144
-515548513 -414198783
-471894661 700103470
-960064597 510795590
-385164369 151855612
336643529 -293237238
950338181 -266238851
-664413558 -390643727
446835564 616175316
-947161463 981565761
-638187809 -278356297
713597487 -392839845
-25241847 -224392701
-339672721 531292276
-500841400 91539042
-477451652 225059798
600728563 340042029
-110022185 351547120
611905219 393550956
229222194 62373613
-291629589 643179732
-589429030 795421410
-453622822 -843575679
-393550328 410242408
-97981826 -867540440
135518348 307344478
-622365050 -553730959
209156946 -655963618
145931138 -341262957
-319229006 95018714
22912393 359550025
-358742809 706106786
948467138 -859549168
631176821 583207097
782676472 771576080
125349290 327095581
-972495826 354587281
-644100934 819324341
-487660175 -195702235
-640577815 55488511
394181029 -294619623
-725714275 839739829
-560404019 512772571
-377624690 336266112
-23977968 290917562
-927439646 -685234452
732706086 142207316
-528963973 25225881
-933690464 729571924
-818890055 527885032
-574784152 -467638496
22761367 -288321619
-760478331 -433434458
428346519 -922706894
966492599 -92968231
576818545 -933725409
-502962547 637982672
-66902720 -497408935
-941530938 -142146079
-743997450 -464421997
412902370 -53154013
84162714 583381812
625332519 -120313612
-343336028 256110249
578217359 -255381221
88179124 582052382
554665023 -55992833
44742882 -869757382
564377403 -99145912
-600376384 816226270
-582857849 649269371
205449217 -164039577
-85385746 303356397
-435016912 -543899293
-484473092 182362247
192462619 -986511854
692083564 372062993
549121328 -704439283
730301931 -552666532
244828581 -406646539
794001584 343421279
13417259 -442602025
-307743181 -938973790
-3613306 542342079
-713776528 149539787
-308738264 373913098
-555039489 -314756335
-947185491 649217380
-777452892 -664865985
-86242464 281969011
-354517819 -713402964
701460199 -317815659
-129799710 105451153
492923153 -184869162
-656798209 -245235651
-162467316 242883526
-558437890 380755716
684003776 -196347363
485123826 683235569
-373429921 800326535
-224979198 515390209
666626171 -450645814
-813870319 579723023
352429417 259505382
-231983442 -880418416
860715291 -664478730
-433926380 -957442750
-426680330 -205073727
901216624 880241542
235358177 201361475
-670071348 653713788
699619055 884866728
-668312245 -501667567
-872179360 473635460
601120525 -621840053
330928453 703774930
-487403161 11935901
-649129259 -808368700
-140353122 -122077615
-986640909 476258854
266516644 715043422
-239223645 -230030080
-838830499 -377098157
653693569 -62405567
-412333858 431335388
688546590 -70335342
618611806 -312572098
-489659260 -706820333
261153795 744423664
-741966631 92400221
23796488 312152518
-516725837 896162378
187405368 699437270
823185831 -601593089
-339375321 -788365189
346784019 -667519567
890411721 445846806
-320231009 -629504485
-695108281 -563140588
-283135467 14888529
20043026 972967191
-905209572 -936979710
429982948 -829127483
562349900 -915430444
-872143510 146359915
-298901567 336041071
-401739327 -727289920
-18409205 235051893
-164118904 631737635
-174687125 635098343
-664844506 943346762
339682952 821877751
-8196726 778690785
-385779555 -860174146
887334416 -640539848
131518550 -943728174
-670009587 -363577930
-709259167 130327735
-460677462 796615505
444506460 -690075870
-332758715 85393252
322950838 931125451
-45773251 -62617746
-379426778 -873765858
267155508 -64281825
716993169 -550922342
347065169 560348840
40327961 -602032686
371022402 666016179
-661996443 355278172
-480581962 615028316
408932655 -490025055
-50412470 -133690385
515979852 707309484
-483741890 -11941972
105598041 302084881
218904141 -712892982
-713724984 712540109
-797558042 -67005236
-256530263 -905632195
-400873733 -353548504
-664934412 81797296
-581430689 49132348
419172439 940160719
752513415 999908720
806562303 664323457
-291541311 -516063677
183695200 206048481
386933749 -904015680
-315983739 477378405
279379870 -501081713
-435364440 -143004965
-442561510 935338565
-306945786 -190020534
-483360939 327004170
-288847209 124914338
-525148645 -233446982
-827161089 -764195203
-975443104 -911968473
471043513 -392061947
-853906308 -271243085
-194391760 -480075976
686191420 975182878
273314013 760718296
569304331 -491521858
331080838 227328006
-29213899 725230031
193973325 764778895
146076754 -665129145
-208726379 -424640680
-383681709 111203155
357549000 175733113
-762028684 222511067
384449019 743131778
598495107 616131347
200736920 198514882
323285368 338170618
-396554467 -159493910
-783502318 -795293496
-169006934 -683079129
-860002941 478456105
-135839240 181171213
489363298 188721600
785689167 366765361
-34946798 671367805
-622019354 489239228
245086825 623629353
512959288 -520778121
136488463 706385719
-356314661 544574305
-166417347 -330928850
188614559 -496666484
233031914 326658783
483934842 939128591
-920942663 -903631271
489549420 405663791
-828205003 -126324678
-197173144 -198220894
-922563630 -391232132
340149799 273502831
-499126753 378102999
-846585370 -950338202
219423441 -593662035
-586754722 381641868
-221628740 -585260514
903816680 -824073746
-489172000 1070699
-930112686 -580665124
141270486 333898690
648850958 -631212940
663492297 -478239283
356398895 -167510746
-431858733 -212091420
-462603577 -541666567
104667040 666582876
-776447772 129901074
267209877 -400374998
463674898 -777541884
597406276 -473476671
133258322 357521711
777865365 159225344
276395240 -96002890
-259000989 192366291
-647316674 719540833
-282465581 816010540
29743522 -220321921
-925915292 -713177945
-301526233 313003733
726105735 -867034081
-370546132 879129072
-137950833 598472117
757357357 -444532038
601839842 -899068443
37185390 904239322
-118969429 -552001033
-432041430 -204318908
-14098724 623211634
633762209 -818355180
18997138 -259148217
