1500
-227250416 -365341919
-377907757 -664223306
200323091 161142524
904801623 604483515
499094586 -402474983
-935932583 972876359
-612390459 411217675
-811680071 -575055071
773929508 -38903964
264721615 -423549800
-86836471 388559252
-149730783 -491604336
-542449924 -323723827
493998517 623952787
599142143 -442074414
-993029812 -359180256
842979867 929130675
-487376280 765279131
-153033149 -44021367
291634208 -144490127
-497171951 98845781
754600021 211620162
703226688 -634410725
817443768 296166073
-847099500 -915973701
-107507537 -855323672
-646220857 -146018614
-217983925 -551242245
877676593 43989302
281265112 -91427227
745484662 -84655512
-791725044 271180326
854074287 643722630
-834527795 868093797
555400714 776830419
181546093 598236538
909206764 -793225239
-441569987 952710052
-42686124 -548848910
-902337704 679409500
-314042803 296170456
-515572024 -550515013
369770247 -890226579
316914551 -416593852
375230601 -8435324
-70814850 605255706
188914116 323164698
-821123676 725215495
721463161 -581244042
-433803024 937068180
-222652300 690882947
184414692 -729091273
-172919839 503105029
445799650 316179944
244755854 -501447989
640699068 745106349
-757349123 -774151415
-90218850 773224548
8723603 -840025943
-30279744 746884658
-889975161 -641169753
-518962949 216046235
-798198241 578697370
-446768149 368733724
924476277 -274770163
-767389068 141141654
125600225 285195852
-610406062 -546883416
-108047171 538206414
681881051 128929457
-62857695 -478197580
-95545943 -217688248
-668434864 613751606
-403063328 289264469
-361547228 486225450
872221890 -831733947
309821739 494288711
-88472317 932026998
346504053 703603956
-618049770 -253589409
583262397 960659685
-510174029 -641108784
-812172637 -462667576
596338396 -369315022
-56296046 -544694165
990461671 -250208858
843263680 -485008116
763208802 -120634391
-779397017 27433917
307456068 -311969342
-104028885 -187926460
-360214406 -287261239
109893286 164658924
703699174 766649612
179900194 415698061
458201924 -3574088
-869841746 927805411
178724510 529668472
773745751 -308322347
203735455 46912323
664235304 -405414886
237902370 514040858
-359767095 -635162903
603272089 398695619
-706089148 145604646
-830322657 -325114180
-526837369 -602663261
638015921 -629141501
402798555 561650880
336311187 -521922400
837220822 815299324
593416854 253882162
601127777 -167743538
-861388351 -988135469
284223867 750384887
888086079 -378111979
-493574283 -285869775
-636606478 1060538
983145534 96733165
-569676950 711842243
895779566 675136970
287867889 639560088
634541633 -462191501
582466206 181675616
400804237 616468402
162348057 942607203
-395670912 -39251790
-620310238 544548981
883843003 -348530058
-930896143 -443879661
668506526 -413097425
757659530 -211831074
-27530867 -783258005
219198760 -648070023
846942817 538451397
-176934357 -237874693
-812498452 -324566922
-410893436 -20517911
-177930067 117091128
433649406 75461352
406576037 245432439
880784714 467838909
45861875 377595521
-212656016 -80372079
71957168 614706062
365845021 178409456
-885232141 -133403901
-637126517 -383391854
-900476247 -219082909
-70736329 767047629
459670329 798942781
-281232173 -420840876
-992858327 -78526272
859735501 19856473
-100759212 749962814
69009195 -850294492
-315700090 97235425
-494135067 91635108
-817263210 -368915376
-221351484 -970910972
845360043 872198419
530768974 -82622365
-486848820 352230384
696688225 864018920
843898621 225407857
563157894 -160105027
834292082 844586046
128257433 -72677984
208366181 -723781622
310365364 46725303
-40273945 -54063449
-515042714 938972722
-517606725 -467150434
-635360235 -632657533
147904001 131101709
-935523013 507742449
-197938494 453977901
-910148779 571366557
681512849 -316491568
903981326 -498461502
686447430 381226232
225964772 -121440870
-843089357 302455362
-179641260 857201270
-3566291 -4933217
-918175933 -592075379
-403487539 -336386481
686805415 361123439
-471461282 -203057050
463137006 -933940873
-757295498 -672548658
921601424 -122933232
-168251238 635803506
-989092798 -515251188
647747288 -581420997
658131916 -43704149
408540789 172679430
-790775294 -435302188
-366413375 -394084874
625365066 -32077972
765107552 -369629022
542974605 679818092
773556636 -420859181
-279002143 -378336469
-80215495 236220646
-73367959 152650067
401378145 679698253
652184235 424334694
293760253 -80962549
-838126471 279968858
-272543015 -727782493
-70146027 532104858
-194604171 839571615
-791519888 -25245597
-73967656 -703193559
-555559597 -467660008
101008264 260400599
344634000 -365680024
254551741 -751793356
336529260 624980007
-815640955 -573465585
-788164870 -776285058
428263052 948329341
-804103630 604416700
-30620112 -363515344
-116898755 360361940
934051435 922753837
752172485 643467491
-384081540 564135786
-988781936 -814296640
466743860 236018063
-450088110 -688584654
41573350 -41968631
779457453 -105998260
-5854511 -112885774
10165999 131801652
331483335 -159301098
-214185455 274160350
396573057 494553650
-931085664 -595849544
614053210 -802897969
639736194 979282477
-610782405 -880763419
-381811420 -509589216
174174021 446271720
242484111 536868157
-458001969 -718391835
939294754 -636843656
34639202 423668865
218512088 984778307
165174536 305923188
855666699 -282948400
-917650443 -809440580
-653404087 314033024
578352585 -424627786
589340360 -677367646
630887061 -396755961
433967429 -395015770
68164461 187616070
-122478352 -204646482
-755904427 257086292
523806138 571640161
460577430 195489837
-441740113 -39016757
-142805335 482999068
330194939 441591837
-743086117 -887989247
127269091 940475953
377898453 238956030
485335133 -231964561
595592454 -748662560
372295446 -836391999
535342854 -653042537
-385670932 -528507735
649004028 368712220
-469662023 -173840980
747885531 -447745376
726868872 123216213
-575839847 -334629355
382886355 -218491410
807869189 -910160222
-114051846 -175933483
-76637697 -640966111
145737137 81167019
762347801 -78005136
-718449689 -347933794
419839593 -289739389
-757030581 644140948
-902595241 142859190
-664494500 -28211032
-87183248 -530276859
-651656678 -453130103
422913353 67452909
-285016125 116064179
402311304 -419265619
-61626508 378567265
-860957054 -757171920
-356867691 303123498
-563536447 -258647239
817482742 727043916
471196628 27498294
857605698 803253201
48178541 242900586
520118013 704869948
151923806 153173211
296545475 299555894
853801096 -608560437
41336834 -876625120
-332906272 475989601
468306711 983086134
244139191 209907557
-902314345 138257079
547166401 -339834919
821649168 -187900196
-469427773 -779120291
537091370 753607031
24294790 365366838
542353116 685480399
-228635574 -850509497
119751563 -918538053
-470430068 725539866
408154990 612004494
-850711494 -643896321
841708962 172137544
-205708358 -289250339
-616497995 455619790
723527960 -296646779
331320263 858488195
-143442997 -640585547
356501262 597431492
24848078 259903962
-447317462 673423743
232955750 -648955093
-975229921 -262927054
-313198889 -758096957
-798640826 -852991931
-69498290 -173251991
609261319 -27286036
-327424149 -722824794
-609661048 146642067
-109933961 -297528832
-530954580 409944764
913990325 29818670
-951784482 -560594641
82980503 234633242
-133213841 -276100106
-430912639 47886113
51811359 -341422159
405101950 -818198172
571050317 -522533182
-991094396 -35084741
-412236953 658096983
98692444 604829316
43228078 -772901864
-864665662 -772407092
-233399335 792619036
647397265 325233025
260542687 -884510977
446787645 -679452538
-925633310 605587249
687400523 -23791572
-153367150 -716932295
-296683184 531540907
807588300 990154242
543321091 -177902048
912999981 759766105
13100411 193896745
-539133184 862702192
-322363817 -687122012
226621959 690102033
278636556 679181328
716291998 -400249048
112370031 51118998
-586179133 -773390817
-942115897 -269838078
-866520740 -961654003
176341294 85902468
128876739 -130169010
562701222 659878248
-653551162 -632177031
-112695619 838255501
-214114860 121520391
-58767307 75434809
225545360 124207590
-279864787 90917287
-593932080 83839950
265008281 904301567
11574600 142789297
610762682 -348485569
925381573 775760261
-63679198 -948753165
496368672 -685901345
-885944835 642715059
-969919071 -639283021
216932320 390240690
497296128 914341203
-209165549 142238038
-410832170 -778780426
-778602205 -300978164
615874356 -301738898
834387993 275452873
-171349784 417079489
-40281950 217532565
-571438229 321843913
699155206 226357583
173726205 -314671914
409694947 -616036702
492969265 -6518419
-180773614 243112725
954232248 -111408318
526268463 687211138
-34388033 -82267349
-594761228 223793268
-481420564 -344147451
-147905301 522193968
-50744949 -532997386
-853927257 -455224016
884529834 -737729766
313347323 -433811368
157993239 809473266
-879943150 10212150
-923484968 654562012
812434724 -248198443
-497060462 -266056315
-755873655 634814480
-847453427 -715190872
-390202493 805815736
555836185 453265444
-11618046 -27379915
894779195 -901052361
-536633709 -455416533
535118959 829454476
-609445122 -643049706
-726289953 722030942
-506939100 99417365
445035733 -710908045
-572580641 -236888410
722865145 687922156
-105433213 -159785710
-645487726 -585396964
355783925 -376185407
688306893 681563157
-494546399 -257625594
-715438279 262654092
60896301 477245173
718942042 -356215583
477869508 -675470951
-422657613 -162336560
-655778424 358025483
-50770586 616490920
677477011 -297895660
-863448540 941408513
-176008255 677683788
456578563 -854003771
-223371133 -430878535
-343826710 454251337
-201231687 726162383
165017053 281593737
750020219 -288185193
786605046 -335882345
151146374 -201169100
-497576952 -453062255
254463339 771836790
-654513661 539959445
-703582810 571726426
773375911 -654424155
-895350460 -69651221
873647336 -389460496
-521594812 758386947
-931992011 -905692249
25730048 318970216
657685275 -67407084
-12590913 783837461
201699177 -201405997
-641257389 14852801
669183123 -883236372
-72584729 -168343361
-959717253 -487297563
-157505775 -249193807
222899825 158089972
-555400183 453143381
381324259 -142716951
437835160 568564380
47030402 -402459974
-72620790 -626414066
850305068 -922309359
613950215 -91159560
542677302 73004088
344024922 457274892
-60563476 244183752
-5879262 -12584896
381055035 451204162
535662936 424445367
-261983849 -771824606
296607858 -93582022
-783384440 -226000849
-488938899 -304383481
639996998 -459019886
-59762832 114080346
-725212504 -318308374
-266304290 932502496
221433634 355635750
132616716 630115011
-647219362 -858694322
777355768 -150403986
-270345452 -205966974
490805764 730967612
621478506 404424663
-869981100 289905284
962602341 944116893
-934814851 229704519
-315804762 664684733
848838361 931658222
912299579 975250017
-150187579 -299808891
-765846810 198416438
-809415341 115119913
-601232965 -530762872
-11758524 -25169792
-658104619 -917064446
-66328106 602049503
-208160016 900358162
-71560406 -65951931
23515201 -201229987
-216438589 283298172
-81083832 -223817858
-312850409 138890901
907679293 670398217
759125319 507619172
716103521 211903285
142035421 -748945515
311888494 -399913353
782858295 411162906
-143034481 69199968
178677011 -662452625
775193994 475951370
431148639 -53596663
993824036 812946384
724350597 834974043
-409862555 -765020978
117876128 -289916237
-587362679 342029013
663653898 -14220405
900286616 44562962
-231458746 -759592783
-273960438 -277229322
-854235212 530288943
-123235029 -581628209
473365759 646615789
-521260551 -57192780
274144328 408394910
316970531 699959547
946316802 248161601
784277137 -152567658
346458998 151454654
-721469017 -323322115
-81388380 -196379996
-505662619 684227781
218567217 -87777703
832923420 967855255
593977354 -40589088
-734926972 -18474590
-212218712 995001712
498014469 135025470
279402622 -679336423
-770409728 -537026683
243874428 276141017
-211596412 -44982325
-659351080 -112203159
-515007114 809230509
547615192 597731276
102591421 28098105
-22922918 -634783866
497563033 -361849132
-689708685 -269469719
780304285 583490273
-785996085 -993045894
-699010499 613047188
-79120403 321959901
420786228 -795577658
501274125 -548554623
-933406801 -420051951
235752256 -579832474
-618675541 660956965
64981495 -180174217
413245131 735717090
-405681748 -251413570
564563178 -251729
526026200 -20171958
-222360090 -183034346
-148669795 -367667975
949797430 145129091
926197754 -532808280
-697332724 951575811
-685667948 331880893
-692894916 -558692800
-709220748 -842959629
13236363 -392814083
-816803367 -255595471
667416193 -573062503
-906351114 90755293
250410347 -395383177
266054077 -368350496
-812089729 959445161
629517075 696642366
-758652532 243411076
997307886 -509695546
617933562 -819346063
659757190 292614224
973945198 131518924
-41417518 -931549222
-294241001 -642674094
672231299 -997574204
815973559 185646432
-262428590 -892959200
-576824102 -655268518
292012419 -517682083
206144856 464905474
777127061 -16087193
-283071965 -741878592
-963022445 397105375
55495355 409906226
859909379 292429093
-952928357 -331909447
861765347 131895413
831293603 -980992646
-279803453 638667408
-375565312 -278453821
132401040 307052660
-986417436 -43508993
-359096889 505908696
378033680 554286243
612478871 840892194
-317539152 922498439
-778214794 638444351
-581440149 -381522856
-751662223 -483257991
-452311556 -490899883
-947105005 -570313262
688354395 -386805443
410320562 -865437767
-613500726 18293698
-60054351 -296027161
535460336 566935555
621978138 226592550
364551635 -842986984
29253204 312278505
711476050 -554995647
119522388 -854216043
687119977 -339741385
946346737 212531382
159312839 435309898
-672015924 -855027734
-739927873 657682056
-217057242 -125391101
65330725 331445820
500423997 55680099
-125404832 534356163
55463532 -134550658
11088938 -776932845
-35840038 -280995750
194735190 -849013900
132624753 -476704971
-900255632 -89011223
11043428 751122348
-849807249 513539416
829198252 70561988
425669921 -316838256
65998637 998032877
112765193 139779203
177262652 413258423
33998580 452512536
983432295 847800064
47101434 600759106
627779363 -734947836
-143741400 242991707
-77684493 -393324174
586205622 530577660
602071034 -394267710
898946321 440139694
-123887314 -736997164
820523100 413557796
389814497 -439925224
473288335 -136561414
723735446 -265612432
-75519766 746066936
541991558 926309454
-810125872 126075741
-74709807 -534944645
935732448 -21817764
682264521 538047413
-491996643 -655793853
896094023 -280319712
438379922 326956553
112188549 947993613
-859570785 -363808133
154982367 981494631
-102655370 -991309733
83433302 -541167363
532826062 492781598
798593679 -832263876
-611490037 -566190481
911081146 382733600
-353044574 72802323
-367477271 -447566199
-892063292 -848929398
-56663776 -79026351
103545476 948187724
979486396 -813872673
110716817 177817875
446960752 441095935
-632797427 41941105
177109975 -609457309
777645795 -772094915
-971153427 -362986748
-719908866 -41799759
-501596524 -656522361
-13870679 -482762837
171858925 866732267
-292112545 64175366
245447511 -702034886
-584945256 -343376105
-78804413 124821624
-946718732 907450812
-107469101 193400177
117430159 -859366079
422209782 756191790
-774199182 57107489
-224327531 463532537
-358685377 -220812918
-286502315 29394897
118828765 -788229252
649320602 241913473
581770471 -674551977
-310283782 -846775768
937641769 782322054
-218737450 183659045
-241934546 688724745
194055489 -739799098
-649595824 -926273702
451485566 -338338289
134893557 -129145815
419574213 -1856925
-201232895 231736463
626501393 -553288364
940344612 753858167
-426429815 -380876633
330034106 563187474
-549623496 315684416
-710185714 544003404
568042340 -793993503
-380533205 488748172
365353231 -395659948
-664512838 -168885892
644436020 -500195393
756389147 85166386
-295175742 -412596239
59862220 -902115115
81659080 432892899
-195071147 300089622
-735419428 -14336342
-431078846 -865751677
108014545 -678272885
-900303333 -940347797
-406793718 -870615928
-450889815 879984485
-226398220 -126341078
-945418845 -349924152
-296427753 -805483298
914183408 77423326
533856919 -117423619
-992508677 586143919
-333934097 -451920502
-604393309 430880934
-886398894 -146274569
286232522 -273538096
-482251634 -328834499
830416957 -559734439
823332364 -382928530
-758148685 -722752114
59725494 -365641169
354645723 761328397
389082984 -889209707
240373480 -309404133
604450629 329569047
-913838372 -607185484
-22553137 267781346
684413819 831033903
-358105011 -535896204
-29881416 57040173
-915255954 -410838163
645332180 -825569927
123638786 299046345
-347289557 -481871608
422336655 573323153
448504811 241706555
127632813 -660394218
-674359784 449772209
693982099 -867003679
180865893 -455525106
62816643 518298738
675285104 -742160592
218854216 -79192653
884934883 274603975
214955824 844872958
667041695 -902759068
-819593034 450760628
-577612499 -339888606
-427109388 -731774250
548584687 468495759
-292686961 130084487
-494370140 -854340951
-251934988 147364882
-950606851 21265556
-392665159 535470383
-379519863 -449777410
-119625583 -115888534
-130303573 -643322836
134169723 861951930
468908724 -230223291
140359094 -50669379
656135463 195412997
-128530927 -594065022
-765353157 -587839190
-826344193 72358432
952347189 -494419660
212977075 -648325257
77285497 70016026
-732639027 -709253275
-847832669 -786624085
449782545 -827064544
-999475255 -397207180
-508187857 849457476
-748355451 -569689955
450477487 960024394
-72467811 -154508257
240789202 466557008
-328951703 -324637365
128760111 -11369294
637847479 -644323590
-446199885 -589034285
459365210 453109146
-835793389 185610290
657447330 -4147741
402058021 902260264
214137634 439023040
-87119437 -188975249
-135818140 207220752
816898186 -924764191
453538210 208077778
-823572257 -160033611
362212353 -2809159
-267827853 -408588999
898411672 -76368092
73653232 878940146
283649949 -299437191
-488601041 244649617
357003172 -417071433
731813718 556721768
75221548 -666052181
441144051 902572635
400588306 764000124
16607377 -626679984
423207509 -232606393
-647414788 34898243
618127653 -523063783
92015237 -494380867
939739775 -181477282
443496963 -253369223
638173541 265211669
-276945424 529834207
-84816742 -302118065
295750626 360885295
-550780869 -762401432
478623007 355673352
665823371 274553792
-162194631 -755053729
-676778129 638642563
783273008 186776545
259901436 549930319
376839243 408314462
527402864 544620728
973599676 -59857300
-11280412 357776862
75573187 -100584550
-74527999 905582155
310310221 816961287
-38196696 -86076012
-613271095 -116407318
-796979651 -272828400
113926911 -817636380
-198899543 -268239616
122688831 82713724
51778915 -912961749
-802783579 93593211
551187048 349632861
527577749 -890422082
667767319 106696704
718710156 781579790
-66929573 -633373924
-930814482 -889312169
421642168 -684993214
273302010 -792356217
-345011472 -252034040
-847362720 -251299575
-562735373 -947950025
701885633 64822025
-305811750 -697051483
-241100316 501551947
831118822 695085890
893343280 693617938
-147297097 -504859948
-756121812 -112017578
118714518 404373264
-377111755 370490156
903189230 259727727
-644946798 613973705
737737964 389304871
-328891026 -313593674
-641448019 -87823402
-628450892 -151091195
877094092 606786728
-120590507 265147633
-365377301 485450886
-511825591 -838039620
86776253 277154058
411990458 -473109161
910332196 484956259
729707868 -685454562
-676833305 -361572851
-455258762 551603082
-235215034 362769933
559947453 -209704559
645542219 106762034
-246225013 336926789
-631821083 807208857
-378703804 583450491
-871479771 -104674292
-529839964 -317404407
-871303054 -205886947
-498186564 585356951
-243970006 -601636748
160070909 -563529982
601540897 -254692705
-456609637 798370847
-679639610 986242796
282089880 400193997
-368620655 -347428456
-124744816 194942370
241402208 268667752
746466015 799007728
-504998298 -929762188
-419869481 524546836
-968252223 938585252
-466841953 287569548
-395876988 907955802
-485483754 -52049743
-860606308 848236958
847115779 -514440966
65489722 323982382
-259765719 -767074516
-9183526 376446338
451338988 -799324946
228355784 468321217
563853030 179145089
-153872843 -257626544
82145281 -238500123
-311245094 -247390135
864966582 184476841
-573004630 58789794
-440979119 -927473071
722701310 328646016
-550310380 422389985
87111823 953805012
227347578 397315714
286310390 137701070
993325857 970472472
43000851 85624903
75935469 238750303
-729798831 47590107
-512084858 810990841
-20708759 -465774611
869746114 -890575916
381513547 -607270721
396442158 465362382
367258256 -509975047
-370575018 -287537633
639133683 129256192
498797563 969816848
-476650136 -491017518
326859931 358335150
-980756709 -117049265
15758625 -24285839
207293121 137407143
645080711 763680934
757939459 -680168365
-919999279 24214978
-669758082 685951349
-543686854 -1988285
-242683818 248458278
-806758220 -397673626
526861133 463841702
-220709563 -649625279
156626153 376099164
-980969190 -522852269
-419411472 602581430
960982301 -443240149
294835681 609931711
68695205 -676290839
381334261 241746899
-307113100 119273960
172186115 -295337041
43299407 -56658740
382279827 428815785
-673693454 683638481
152077917 311853301
100366633 95564766
-95592929 495558230
-639812095 497602989
-191023491 127347504
283095324 537783961
89296418 762954103
270440248 248663656
756536235 974476262
-158249193 271964
-955761804 -582043058
546474793 -892562305
60966895 398825107
-303823923 -281068940
945297524 931508020
498290596 -512648374
-326998411 -11101199
503696210 -522038515
-169694436 -225986028
-700209771 152617125
481817966 -410980327
-198076535 918348071
-50045650 306525992
-583318420 -17959493
870778132 868897609
78785500 572554818
-657782052 -627187348
283103246 31622871
224609874 -988735652
-603477467 -463045227
231847574 706818802
358295477 267277205
-347769710 -979248394
719499112 642708953
171646285 706948409
-471094760 -761061829
-56776800 14138828
-923473316 648821209
542192695 -718467026
65637561 -483147281
686459977 -22237020
660901030 -385231879
-367564699 -304489212
372742331 -42327756
-741150036 -575075266
160479692 -382207642
-855238079 305615856
126831154 -285991019
947507825 330653947
-294788796 15104810
-131148415 -209464893
-919935206 -55166054
307848531 6307218
-593339740 -921121873
-933913036 -737424930
299102866 628840798
544670369 767464165
169428645 306037689
540476776 655962204
-698788208 664429341
267714046 -472383723
-622490188 -494780270
549191297 394583501
486356567 42470621
972171918 955056101
394357199 229139158
-51745877 -596197557
-580060531 -665610992
-831492155 -744946939
-165935431 -571746980
-521555236 434424068
388175963 377749096
-765654552 -920974267
192989683 -67904147
385421386 638955838
-974270458 -807088620
-564119683 -587600281
-64979404 769328670
-472910347 -752929864
788074487 234559091
-9557527 -418234456
481359649 -38028764
73836710 590882360
264628785 470545608
706743546 733418471
-16146941 -538236099
-888966501 711594154
413112893 -392672581
849583388 -864338675
-641827521 821204304
210393114 -397788829
-292485390 -260441070
-881060146 -292764925
3465762 998048506
-153585825 89443868
177578394 121970642
777735849 -95869492
743797623 263331396
-3970389 -198255859
-132475524 -128744687
-33351348 -124626636
-666736838 726863011
-990180729 -585068165
-443130635 -723616756
-592741318 27311861
847612076 -147855493
-332898184 248866969
-59307870 644914097
-154347088 -527553486
-159962864 -973570083
541197200 255300420
591002760 -187703873
-184584742 -989203461
77097018 -451872162
-179412948 -444519058
947496789 -187124765
462781099 -520088616
501207461 -515964848
-521836209 -474747785
101246122 106947234
-440602959 -373477668
-728032727 -745148544
252313884 656478272
91416033 977138027
-757120209 240040080
645934481 36604757
-888671722 420579877
338294390 832101410
143465782 -167812135
847632378 459449194
773191020 628244443
144272543 62729192
157836430 289742156
181988347 -845143166
-887903149 -913989115
-145059634 -986403724
50664452 220916758
29141457 -461169967
80373279 418486223
-600211324 -192125112
-534053326 -744776871
828649504 329321285
341809115 -5760039
-385136443 -675792274
790278158 423426821
-740087728 -306907890
-98593018 -639053996
-593729256 373398796
105714523 939818995
62992119 568775518
140552694 -638232346
-520681801 -627238728
465144082 766630302
960185016 -177470400
-692578343 -521052892
977141160 218957616
411826393 844475692
-991286076 265327592
665208711 -485355475
905023579 877444571
-730754602 970901772
-321659809 498156187
838930957 -956641536
876589884 340344246
-118297597 834191304
-668710647 -201806673
744270608 233339956
131673704 824352293
-474475211 -590319684
406712772 -556399544
-598106704 680981043
886032943 -500431369
-38804899 638624007
982500627 950407395
-705367731 476800115
-327993912 -676419607
804150611 -642500054
-335447341 -589906397
214475430 325872328
-888779915 -664881711
659113767 -901628794
-394527510 127850376
-474473478 723229662
-52157573 -951095990
-250257290 97445216
-631358242 -69067212
352682588 171804936
-292770722 -158568606
-128220371 609516952
-841717337 118741534
211104891 378095895
-691044573 620118680
235190112 172180081
326510891 -158234411
-251227282 -7902345
350102106 -887540271
550626427 -472785604
-960665307 85280042
888755106 4488730
528977687 -775762111
-95154340 -803077692
-453214541 -487568254
-966673810 630844788
-317757228 519132985
932958165 -776544485
-18829994 -560759286
527111524 -229211221
217604137 -71101723
403591872 140334832
153764014 -418341949
963031049 283961665
-738178456 -991261163
196831765 955052515
433483822 518698705
947875272 723622936
-41576310 314490538
-526973413 957408134
-210969740 939202454
456191785 78328216
362740455 -54307917
-357197771 381991128
-483722652 -861586221
10549687 -25674494
-230960059 739500282
984922279 -398724673
443699986 859508795
654187952 -832080408
-614109988 316506474
9929837 -440643024
-441716574 -737892995
2393178 -414658486
710635178 -540971372
261320313 796981025
-81889451 999657218
148889466 867742337
341844114 77617903
273879746 155893341
302273617 -37434773
873543483 -435795807
451343280 -899367204
368966097 -303732368
66766019 -354632248
859215468 213088557
-244162836 756241650
875061659 884664481
-835322996 167717515
469505701 677130030
207384701 503113331
-683787549 -566021556
-763248791 74164317
895705420 -260387067
778249577 -830458303
369614195 30079503
-691003718 827455311
653691186 -221120302
-362336577 114050751
-592239635 -547957503
-178421859 744827024
-109565342 -78890167
-617582914 747322708
894273633 354786441
-621553449 -113985299
-680538396 687009111
-720927301 -5606531
-449441565 673951174
471346175 -503991543
-862535190 148152099
-369243758 -748235488
-908708758 -545839738
850909217 586671971
743927354 -276504818
990112034 -797922773
128595392 592663163
-467368814 -862882868
-107669565 419706841
928783760 -398808684
-57996083 192219714
62238541 890182083
952055010 -758431217
-29679795 -945040948
996454861 -547222866
-562983915 876192050
313769044 152534971
-937841608 -348598028
-532386791 531899204
414771605 -221387205
-703520945 308447759
876578894 829508077
-166661129 -889392937
-154973288 520672423
400374008 -728158162
308845719 529346912
436950481 -173114880
-800935090 813895437
294431364 54132789
-45873915 -341545834
385348997 -496675073
590644696 -534788905
-407970626 382485877
95324787 -746062772
497605358 -467919943
237793453 103442565
625813616 297830470
165695158 -364908912
-364136528 438024080
378745278 -716004444
551744159 -703791019
146446803 47840962
695947419 -560178343
114151877 -479572095
-526645039 465177464
352474121 -544016637
471533409 917098241
-164135008 -331218970
85576488 -607028543
-717409637 -180942464
-515720449 -181196834
-340725364 441097005
509072623 -249596553
116738672 -163207946
885650814 725090888
404765557 -620779812
-838569252 -826730111
-387995859 -429466404
-480174478 365246981
526944864 -42503409
972747035 -781019712
308966949 698105949
578284434 343423454
-703640974 -559675724
147685204 -823529567
-608440835 -329615218
113523699 647859002
-154875319 -388667308
-786967454 -575680908
-917259436 898943462
-755243712 -23413136
-178198576 305782277
254879007 12599065
994874943 -504684818
-552165754 -292028013
810107755 -499541394
331933440 566328588
-120389689 129411900
188848600 -436525589
-152194563 850014551
197850007 393646586
-353481013 -206416973
-365204700 -278177427
461007629 -415213681
537150715 -205923269
74344772 -176277848
315203922 -395715277
30637183 839569309
-146242695 -130220535
528545881 721219332
782638148 -259015866
14181335 -357355657
-636001417 -718707022
497107352 -903183327
-325026645 268604708
928476459 559934869
-852808093 404051219
753678486 816628924
325982226 982540138
611616003 -150934694
559734141 255069279
139483347 -196375079
127022112 331809489
611303810 -747889465
-789269144 -549892468
-813132940 82255812
583459538 -389243511
134661676 818418341
317359065 -253086396
336963844 -569764246
-658683771 -512063687
673021597 351368550
731675779 -151949228
506386415 -210742767
80042778 470903839
950292594 -222498726
458135006 -826264173
327882024 95247008
137704058 -726208530
174067059 625629243
130204801 -797785540
-623049862 -182055372
-876976651 825211179
86200340 -218464522
-965776015 787735259
521367650 137278959
537440677 300006719
-499978428 -283255848
784585672 65985553
177448155 21710477
276460317 432904455
456711568 936642434
522969380 151432388
-795343817 436109933
-474844018 -592068660
932604475 -441001964
198411526 678366093
833463892 949408347
-802895262 134414399
710994987 -629961751
-640580504 953934304
-667556507 620340779
-995702943 -824207250
-242119118 -48910961
745327321 -306311837
271047462 -976538109
-503145647 545674603
-883345227 816119543
179667844 -41391846
-295252584 -741093596
273807596 298865638
355317589 -270485686
-226093781 -352888386
-428223315 662038459
-106908667 319859110
431309401 321772491
28637560 982474072
830017971 740925821
17784000 806155777
-355372747 -288247456
385979366 -135808294
563423199 -823697606
-19736345 -509727440
171987217 -138652213
-630587910 240030611
-324918999 -216169013
-584941478 210704931
10203252 899380941
377882014 26918943
532959365 4013474
-229455663 -204117118
-643913965 18183666
459299054 12857436
-730654591 -373965478
509645199 700743388
-651495186 17170751
169118489 914033837
51885373 296091646
-273786195 -556385336
159188805 -756720495
-250593917 -667957392
-232201350 213406684
89939671 523718481
-9401014 -566294899
-379582611 743007564
-374262917 -635549585
-426226085 256461298
-851733291 -906601700
748578485 -420379518
777634561 -451084110
-12542539 746128909
38945626 355086628
771523102 -259563629
-657917135 -747439799
67062230 -900139343
640314592 932472032
-310879500 368065139
-2091758 -373003426
849414599 454802969
-38854813 312617275
-690073509 -560942510
-394082435 -388142529
-721020578 638833966
-719643285 46463397
582108729 -207655225
595847860 716475040
419015454 -806132677
482561348 -149260775
670084578 488660355
9230917 26158704
180861393 205370341
614893353 927485114
276751635 -233670501
-907460094 46315173
-379714622 822064059
114357596 939624884
-714688585 703767036
-926110908 -919738196
-288470458 871409106
