1500
-288584256 495363932
-506941584 650647125
-21318073 63431902
-116300908 -341645291
-491580499 -313631263
-621726306 543327108
-515282424 -122269952
680419224 590559507
522140536 204236621
-481488740 800238972
294857540 -512548909
783587338 311790663
569922666 -121890138
269883624 -699089140
-654326203 -378999375
546225227 -577151191
-701656860 -257763299
-37568911 -91184257
824373150 385612892
320562778 498494482
810025320 304632515
294223811 -787125665
-210236150 -204255926
-420882697 -414029555
-551663566 430645721
23318256 717310216
-305144900 64575841
440986531 -396564568
-417310156 332480323
-316238812 851034920
38621788 -738373546
18956303 986297687
-728602609 -253992556
237441613 618789486
634073692 65980404
-512305466 817709133
-712827189 -138831743
-102932108 623743073
-182986839 -576939613
-689788087 -660924973
-478952516 74527990
460759863 437503740
204415563 -28906621
711616120 916639817
376925899 509156662
-291136945 184842981
-180740248 222922861
-577838556 -217593763
746625622 -509151298
-656563844 322871982
-726893400 -195845271
767902423 183240163
943573241 -510897610
-583062894 70466768
436117112 633729996
679625992 411125630
-766444279 -361462921
-292468505 -410129735
512193794 939086376
1913863 656804570
982965745 -575965723
-713743706 957396991
242961350 -632860038
40061930 -663929222
-521703130 -683972113
562787585 -307003061
-10693690 -779863288
633450209 -939466563
-182491654 -552492052
639519932 413868877
-249928891 -793011571
616401755 59287060
507821148 -254545490
-652908173 -623874712
-770621800 -106384750
-135880048 81901703
733075369 322023640
604755095 -380861477
593842248 -221885559
45420453 -90467253
-745024954 -560175255
-2165852 -863100608
964876419 163270543
-361384973 -464642017
661266067 110926790
-233900957 -607585102
782116143 439265182
-885368142 260002034
490395396 114836747
17925204 528509791
-250755457 407558813
-872859494 -259957975
482551137 -305354411
-371312046 -303364642
456126793 -502937215
524194228 146136817
-175228345 -198054177
707857419 813931736
834637129 878537343
778925241 -647458849
-472505109 -31065277
963925263 -415772444
660977564 191332046
873448670 -322014397
-555956608 -615861385
269639209 -39813525
-123525216 -612398028
539710107 -379650026
-586624430 750750364
-672745869 -450244240
328010643 463432951
316321739 -9579456
619108802 6091475
235398079 -513890994
-710139769 613029077
-166244202 -159894896
114525403 671057196
714526925 -74079671
-344460605 601202676
194261081 323537714
-254969863 304927552
-176882356 -571681345
578701395 -217188091
481116189 -534884573
938688766 487459674
-637823856 857088256
161374981 94373133
799833416 -875012472
152595918 414426663
-411622296 -138585416
-757809681 -993132141
-374398232 188817287
-115831331 192987239
583174203 -622051352
225051894 -800530814
-524234993 -528164852
-753057078 -94686186
-826016596 -810130343
-845399974 -123517121
6031579 606525494
-255799085 -372860147
-379936370 -719381238
528665225 -801213481
90076293 -413268758
59491319 -388323583
-139692410 -67618708
-619864858 -170689956
91673062 -274818819
-831170206 135322388
4542075 -895418206
-437292115 691793175
-547797248 123827522
-372201404 822739822
985945180 -451296474
-417870375 -232022782
-866600062 339966918
168300950 858372277
708705796 -83099395
-74958714 657050792
-441546048 43051808
471585991 -948052634
-257641212 -61134976
-857271703 810739769
471093341 -294145630
-406221455 -825430656
-121201177 -257483882
768798529 358960972
507221375 49103004
41272897 -42025618
542380282 373966347
-507738397 -1860283
-116218437 247514259
-58103786 -330669196
417184946 -511576864
-173457208 477755140
-219186312 -668675636
-658430060 -369033091
-112020226 -352337459
602451508 -679975686
-417820095 -998103414
-881782709 196633131
396878379 -375771101
150270813 545644012
998821322 416449372
-319034192 845856697
980368248 -336340552
-804268624 285167607
524612001 -245915706
-360780638 -551589444
-88093351 764603296
-920800528 -934145605
964875716 -91726496
905475390 -802717761
199696535 -643710275
-647108362 750498200
294540668 994616387
-644387543 -26977610
-404548582 527474556
585310249 -976419151
-393441470 -333983514
718503702 -960539392
-465341176 -583002406
316588214 33807243
73759550 -775815524
-657226695 449278650
440842955 633876739
831415400 -422577441
793516595 -66532274
-70248298 -371325267
317055129 436136787
266189905 -970532159
694162090 -655106147
739528019 314556690
-435668152 -17274616
-58377975 622582477
284961333 -60945069
638620128 794366083
-10410279 -590973535
549989022 -236469364
600300590 193452329
388035366 -454520516
-555060977 -66827363
-729649557 -43691317
-453785570 499127098
561063814 166705141
59333619 95816712
329401532 493339921
420292759 71182305
-57713047 -673101630
-413116171 -550949092
659125625 -5875746
-943686510 243587196
114441062 -734450046
-38210393 225402384
-532263532 -518557248
-261427446 -914343022
-91856320 -420746695
319960210 -221557172
-38078075 -18843786
33013903 590091458
-740023029 485372666
578872185 201986717
-793327498 349396524
684123576 958385827
96724315 119116469
-524452618 -275436867
-166378071 716919392
660247025 234564924
-807580098 -270120945
290837048 683808237
-567928080 -427970609
-100921526 426400608
-136153749 -389741811
-353804768 -68048258
-625504782 -481421723
355362326 793052389
877171971 658637883
-434894509 784921557
857895265 252940939
-104755415 -495215261
-136799447 -93915588
-633855156 776478647
833578636 856686874
329769078 -520627645
920793483 -681934434
37998490 -831488082
1832858 834413667
-484706256 670133637
-316250581 -8639306
-441611038 -513995174
853140611 -100613301
807939388 730060534
420342458 553555329
-681529484 681922315
-487962963 -291959674
-245632082 622561565
810507483 147829029
20108422 -468986185
-175063395 762118674
500629058 148919701
185122556 -688904171
213370224 396878355
977834789 -267401256
-402168239 328479249
288074097 -109206470
-94490417 -811255638
653217388 640289482
-505648627 -563547635
-65758390 -89347914
28499422 499638773
585445374 -157526023
951973104 -640141130
748556358 277623409
370382157 7487725
-870077778 -312883255
-463356224 -349088125
-571504049 -427858077
614822633 -91711664
234629040 -578345879
-461772311 854969473
-516670631 -741415293
464797871 110315950
-143595412 -416900999
129946597 82097460
556193917 507071013
544639130 -414724466
-423343621 -669913916
204947313 755837483
357538736 32469860
-359241355 -387040779
310551214 -848709790
-789403326 82989423
-178918131 -504121506
39294161 -42534100
208592473 -255788432
945113030 396862247
-57837254 -488109151
413139641 820349825
-412848914 375162062
-965975412 429584698
864431997 433400024
-380290912 -352897526
-346338658 -182400269
655774302 179969196
-339031648 406164179
360718690 -164120109
75814184 790522307
733072243 110090734
-362246791 -665860041
532330429 267539508
775048145 337363344
394805712 -439395305
-367967845 748162175
61344065 688093458
-247706767 586410051
886125402 131506537
517602599 932662322
-334504769 605148907
-322430261 248370798
745990362 -335100207
-266131766 -259278624
160423099 -667484575
-217821996 350554558
248083362 -633929325
-726075495 -724631133
-589803619 320520625
-576454405 -647442530
-459729694 34980730
858741886 636714407
-425311825 643157925
259085304 -181466295
524981164 226524131
-831004709 315404197
83048961 -99722680
712508295 337705285
-62253650 -325589644
-620376724 -808791726
312998767 155854631
-249547572 -581408074
972352446 558326623
-248686047 -555134067
-329332629 421706406
983089090 -992830547
334690353 -870742387
-88693774 -357026665
-530776290 -551821831
26951088 674934507
-912984825 -22601035
-188793935 900380054
630108588 160702081
80868243 -691333237
836828675 -15086537
-768389076 -250136762
589180213 217363962
-335961713 -435730213
696443408 -607845045
649694697 -356132894
460793492 716415457
862992363 893251062
17175177 72799537
66086125 910925428
321089848 -673182930
-294466948 622779809
485854668 -492334546
-954434423 755187303
-907715672 -75786012
407379113 408403603
-429666739 101244233
-565032689 -366943218
749991231 197662851
-80333166 -658528547
-466753825 730537262
659730734 -500128335
892478073 -531740451
144488440 289040426
349561103 -705120504
594704657 879011836
-328379678 629043565
142006248 110761386
823783084 260501267
95778077 -457940466
610453569 -651954148
809553387 832447759
562941126 257696572
405485913 -657430442
135534517 -125796122
-636279463 297781718
309956942 -472261631
877920020 843343079
911008238 710022354
494093201 259009608
-283496978 650535820
520586043 195551046
294383182 -644558588
870564569 -600776148
-786882940 -667967028
213292563 998542608
266503358 -614603789
-550592287 -812189905
-230186536 -420900648
-162480868 739377173
262040398 22540842
877562555 385929826
-72748781 -833061217
269148650 169380150
-325252389 279708180
-388915130 -438799380
494139993 202121397
496216064 7386740
195231413 -400461165
-428511759 -370818453
351884927 44194325
-54735972 389305179
-734610428 -430157815
-976459004 -806111731
578925638 279886559
180416911 301967270
-50837243 10733101
511739913 329830320
-912882708 225884266
-461065141 -598935709
-887499970 -508097994
338237685 -544027936
899223601 5663077
-12923097 -535888072
624263419 403523365
929913411 844976016
925218786 270603951
355408442 -261118702
-697770729 -666985557
936254769 -952321947
947140825 -465209400
530108152 -652432048
609654448 717880960
398062134 571932568
192649334 971430819
-62174295 626247776
-711510756 287219722
-318660796 49249671
-249590375 -774133614
-12326456 -819445492
813746083 -370824337
-745439855 -465885419
-123229818 -468468900
-513065261 289325268
-343099976 431914191
59698761 -496557260
222384713 -556542046
-593437754 -555217175
754875671 -292513628
629787703 868689828
-112740224 -388050513
-527105896 53570728
716540198 -197435961
-16447301 -442682950
-239510788 916125823
450760982 -304069239
119005880 -867096347
-710468232 159269346
-116474411 773686932
216561468 39062021
-526719945 264984948
-270170860 458950098
-261589648 998215740
716491400 569029719
-173299175 -765146279
108054506 -461760175
-252531372 264539725
-526126829 -398685038
531897731 -773933421
807306026 -132386941
-882327067 -73257360
-491689023 581339624
566636723 503073362
-461364008 7608017
-172436941 -513375204
-481146649 817541593
-270072095 322100140
-418519360 518434738
-692199514 577455739
625558838 846358967
-951379108 579114890
-267728443 -492944542
-868793013 680490792
-19983168 -111612796
539308766 520465032
609426242 -646280246
-275196031 -127115042
-646588984 989766677
-27332663 -350815883
-677919655 310171372
-679360018 -206504393
-516860474 880082409
-580231560 -440564865
-364167877 849615994
391809951 -389864352
-585353172 -51038786
363080281 724112965
-49416365 -527457609
963475146 132735570
526110158 902039878
-840739505 -599477583
-471843255 121793598
503453901 408096845
-455691649 -249694277
-170613538 -512882319
-764603460 490920154
462158597 178111953
-493511897 78001123
793325177 140409601
-424248323 -66234069
884245495 591690374
144800080 263502384
-300572655 -219989649
-373555624 -36625807
838618835 -144633283
735272899 -720601034
491801032 19299216
937968336 -628958445
-227094592 405156673
-488051051 77029292
355198894 461483184
132011251 -430894938
992350748 812062970
731004249 -828928138
-239502153 250022196
206710849 -455828410
345087103 755185273
264324215 -213948544
-708575214 -128684267
-290845481 278459469
956107180 -863566
825265047 -380815502
127235012 993791786
-122913010 -645604129
482367179 632929383
-441976563 541727
36881242 -257668762
-249029890 639325188
982007725 -75261306
-679008716 -726187764
455630739 -810392025
784611042 -839948643
-269093531 -618719173
-714523646 -770543356
67428065 439123251
-343902316 -101603388
-326289492 231104399
473244283 6977152
-697270609 743281549
-417677323 360627557
-475103864 851867508
298665742 -781106797
741161265 113709831
-467814683 -269957820
-743029618 -761704242
990305436 -343364710
-181888275 744192112
989709764 680003454
-712532120 -438119462
489526947 125043668
622417005 98031470
832735951 -705525316
-870644750 -915322341
776793834 -796194444
85727294 -675155148
887715294 201296021
-754360521 -424400860
-28036158 207629022
-272738169 -863797132
-127921088 -782128783
-426835123 226180989
520921833 -580386400
-784583964 593531365
-390124839 -476112605
-388896578 -5276380
714747969 734685726
-204402984 209161117
-162588158 703218558
-605588823 -219782993
249358967 -99967072
-478262615 303400661
-57755647 848316452
-9320610 -968794104
426652169 -412869378
-583768485 -16486606
-332819753 643929940
732480042 513191407
453753356 916585617
-120782223 -256415644
581172585 -123954564
458825366 -369337444
696456296 189345571
684867236 110033995
847407745 739265754
227536561 44764920
-12118967 -833655779
-599740959 958980978
919944839 -779823285
600042500 -303274917
727428689 966408741
-868648527 -642769238
-288888594 235763385
332001903 229617095
429370089 146140583
-745343932 631500210
752085653 448015102
459308851 392307003
488806935 355092609
493862229 -923506240
609749883 22915771
-106271459 892810929
-566962493 -98485444
-38292426 -165394576
-68185502 785367813
-922298594 -538898579
-521716969 880946897
112685667 -475332895
-2984505 -299849979
636304567 -338624912
978157812 -354336774
64333572 -336469366
-746411083 255208185
-10346981 654495519
-386714520 -435981916
-41791898 662282985
192589074 137810609
513667627 -23494444
-827356466 292604493
279789713 816736946
-250298392 -822312075
-96254321 -347315733
-760909137 -718030803
-206255323 528447570
106656863 916895332
700203868 -147364920
880695895 -109269223
521117331 -296180570
-278539303 -710501513
418222294 -466315540
887857227 149058062
672773572 801834253
157775550 847513657
60264355 -920720535
345294773 49613055
182440796 877254607
324458746 -570184211
-404561417 31708537
759594127 635797588
419280724 333027069
534381435 -166660402
588026366 -187312508
400292823 312921962
-762595812 -523805666
929807386 -703120149
69016152 -286541058
798887640 377778204
-475190076 203309188
68306225 -7273145
205702072 55103948
-766817501 16770004
430140034 -246280202
677545012 120157787
513337308 -242258301
653424571 -217268846
-33777916 -471379435
-582445617 734046274
527572774 227412437
458760346 -138767580
555618470 -658732317
734297381 -69311615
396367223 678285813
124377929 332716069
674076754 -388558687
-98398109 -73552378
298083913 -352916880
660800576 -316225780
743101386 353040849
-9376057 174151449
-722666503 -170544003
638572660 806301361
-884504358 -391886703
402768155 483273492
355992294 -415465151
-644550694 837300760
408007309 239001271
709931233 -246955479
-803933276 -340812306
-939857798 709363867
999648359 303636659
-322141191 -397602462
-69810294 -884684259
30294708 358265397
-422509795 -319255296
66468106 -417990789
269514371 832783894
112506863 828022132
-718789992 262765594
736438727 702806749
125495075 655106511
885126163 984553308
-736962709 827328892
-951034656 -716565463
675815446 655347870
3598051 930351867
-35189609 -162697051
-443985789 -123117274
311982218 -404142728
873735039 -462165501
-490864616 707107845
-613114650 90694666
-68572628 710321478
57146217 -763884682
-624620785 382232811
406351748 372132836
-897578351 -830529626
231171622 170136360
665106876 331122937
805615164 881795593
730202912 -770082690
-751584825 -819622953
-887655538 -274572448
-61335596 -170339706
-815791907 -396000898
-220985691 -488143783
185080834 -872457942
-298562760 484875010
811495745 580869073
-963237390 -990749426
-850042034 -529008851
-458420137 -307230336
-128230093 -862688873
-758559107 -951579781
-798753989 -792507601
719397398 -602408506
601479254 195880313
-371186143 336270276
-370449709 -566076730
203073397 -683367425
-478822719 253873543
157532115 30886504
892295334 252971084
-891153062 -57737911
558945260 705330650
-779098850 -818610596
-778293558 284802788
956849752 -214522558
727527521 466648239
-239873588 -728968195
629800241 -885138058
-140220540 -191852428
-554667615 -203354353
447499368 641274016
93115399 681497694
70119737 637082288
-133373436 -717511201
810438768 382356563
-647412604 489177765
-56620860 411856189
852363303 654265037
-953046436 413404604
-757042289 373507884
354690071 -258140774
-227416364 449795079
888745856 -862597512
948977537 -138189896
386713315 259205873
545466762 -182365757
187485466 -594546466
885167183 142179298
568871645 -62852140
-123605753 540200423
-323488899 42163377
543198004 275405386
441012725 175842776
-438606700 731021806
541620180 140305085
876158251 -428125723
-735469957 319437102
-667204188 8551221
341779005 -168131646
-471223166 -522811982
710062509 35982320
-759433503 6395374
-235579941 83672461
-650504778 559416360
-755103725 500173124
488430588 514400962
855400134 88561125
-719074410 298091476
-910250469 -298357148
-120506874 927148876
767703878 249418711
-121667956 946826575
469708367 419486561
351079474 -616526957
501221809 76483108
83461187 -702997199
471177932 -548624980
900542847 499739909
-742920566 82562287
-216633782 612172800
-664246856 -171865535
-623583353 313370745
829466958 34610556
-44001634 -507483137
678959334 -237323544
58976351 255624996
545116716 929551155
66988275 -364449455
385337042 693707354
176708790 -411018083
585660753 710391084
475500566 645750334
407574885 -743772950
213502364 -186865080
-377702453 622437685
265277972 -638426248
524812740 -180554723
-668521022 433951473
880769176 -410770565
-350815154 334995852
94312339 -753166346
215131955 939128202
-16937126 310939652
102180133 162451014
668187848 -3345101
666220903 180292929
-56989795 334729090
-179285826 228501443
445566008 -124591528
58782975 612303334
-162804343 -741608024
-952902627 272558322
310955522 -113730513
-393531816 227990728
-540471237 153703723
901276364 767653199
13572892 -638569095
-701801502 -903386384
64472958 576584128
-439601175 -266770826
523641926 -14098380
-91891780 749955751
211350314 -596272937
111371586 -325957522
863442776 -524756863
550659366 -158628489
14068672 426114618
156696038 -341264302
216281823 -846102342
662164620 254223767
-438445523 977058757
-122381173 -24942478
-916539539 -946476304
192731024 -497903124
-100219880 560394082
310585522 -54957760
-374355029 535507377
219928148 -666064807
-246658510 -430829229
572655725 -444444769
-14018079 103814511
434327905 50937821
547378862 -553102765
322126514 -83201564
-404418736 204112711
-799670093 -905684310
280958224 -283951281
591712048 96009157
616968574 -124644078
-421451728 250959495
-50751063 827908763
-241572965 150145920
-70103533 -379064397
-456490713 -22460550
943779910 -785900662
-29051893 -165334598
-280441426 618594117
402080871 825288746
548394349 -304715240
909603219 135187312
-457004244 203609718
-732286769 916162854
-59976991 -14429649
148443133 616920182
337346507 -665858138
74249596 133310764
137556523 -876982270
-433106697 -460461167
-283558195 -333442445
-832945519 742913668
-927391701 861593719
-453268180 557806470
-232331724 921182630
-215627562 408741602
-843777790 -194816964
-665716839 -665148190
89861623 485916578
65913678 -66199856
-35846602 -183914966
-280450300 750728670
893050588 661450194
361998839 -484589225
-358215607 -892996744
846768487 409439379
-599101974 -228523957
244386151 918095970
915949440 -812288009
562178386 628092326
961069646 530213711
745836678 -232352536
771854242 35262852
-26891713 -584385476
437487066 933534265
-680681282 665179312
-617199146 830437532
-804744160 -452744217
-228529777 -184996634
431743924 25572610
239671568 304461272
500278258 -973433169
-593797830 -455906872
607936312 -345586895
908226547 353095734
-425488287 -374549632
-698494035 622248317
-61745649 -467325434
598528499 103527410
-651943414 -202979151
-904439066 843354697
-362182945 -92203731
-395896438 818593154
44449449 114855019
440426654 230663635
206599894 763724821
84413954 -361630210
710242945 195949462
-382224125 673270164
351523706 96508822
132612630 498376578
290273283 -169306196
-965560773 -291213941
155659770 860720277
340238674 -615890158
123055992 160977448
600353411 -672882770
532110720 500506407
396109291 274787788
18022993 -945060400
-886573850 158557227
844303494 9602756
1833007 288336276
796987526 753253127
-83195642 883108639
-936893510 -966996171
-545431758 54598541
794085183 -764278655
323269822 685973447
489283224 -998823476
878395237 -445892553
-846430916 -98813211
83384835 979038861
-92550610 254037598
-816994960 24344766
-230157307 -868801442
621097178 333914267
469822658 576942592
-431432118 -580625789
948062333 532526357
315941240 -335993311
713870559 252235430
-395494104 469789112
-469341193 -159612610
174505671 392765360
-796996338 -685844623
463769911 958230780
139278412 201765419
12734080 -406377818
-918981468 953432934
685141952 -171237570
455910877 594275633
787846742 -334723332
313392076 -682528604
252014853 836693565
775680324 -46672791
-217004939 -990737885
-631299660 406851515
-464350313 -851456966
-422294997 -822957510
118507627 -238074088
932178349 424946515
784003968 -442892358
-156144134 253042325
-157691917 655708901
-336453508 -565162273
-244141863 -654052042
-656760727 830083468
-916753665 -241188200
246317101 -827249269
-555235489 -168810202
401938931 938996105
-399316477 100132788
-79649310 706826812
-545860716 633688960
964244412 459245221
-511834375 -142952496
-675149268 -200321643
-97643732 144655196
411219794 979802161
998412631 714268218
34841465 462801037
-454322522 -81538242
134644164 127811163
97589662 317723995
143502147 -78502834
27707338 602585192
-627886065 71028713
-351900125 906886962
499410661 208224686
-210866101 449539506
279370324 -447798722
-816171592 925544039
447900623 -134676024
-86217748 -42047219
-684976533 644775896
632005154 -307647409
631139581 -913894148
-705799606 957519019
642661993 235168822
620683832 486680136
-683169637 5252434
216907160 525104848
985697773 -707763693
737566537 368012409
358904303 200589602
709375602 -847121523
660614093 442281887
-76254523 -864970619
665537976 271585202
-568742819 -642293761
-341677026 263221780
707730271 349133958
770126403 255866540
171558683 -206913446
821740423 953034783
855496541 77728889
-124773786 -290704037
-566790100 -491325817
69101797 596235673
-441318648 -541087148
554860520 -570338867
27459590 307374532
90821597 296618746
189685218 62679867
458205735 252750370
481748944 304249497
-370129402 -207149192
303823039 976787618
-395394248 -264531139
-164331381 -347103022
148416963 526740348
377170734 783749136
-616533646 670811032
-226279083 -523064842
-364006327 979040198
-283480982 -394803524
949845705 291252486
880853308 461327270
343332418 -438341885
368344873 -508742812
-897758186 -313335836
-864170283 -824855368
-631118455 814911716
-13979813 696871228
408606437 467333425
483145424 -740766759
-165332337 349498826
26397660 231536769
-138805507 814375309
762582744 991684338
946980179 -438447301
-407102058 -725487323
392240851 -802665193
-848982387 684038936
645530739 40372340
-701812049 -448336702
257700703 574651420
911497811 567825914
-727398008 -13460362
-327030537 450661381
-350456690 -396108354
139565312 -426101087
-304373154 128632330
-613250326 -636839850
-622657377 672251777
-217526198 91695710
-758369273 -319206639
7394737 258793052
139762300 -64485963
-734322578 263213423
248707965 75657471
728688354 -105566865
763584242 572448361
-2811892 610575452
650564718 290645432
-885796641 533402893
-153769490 330129110
84757680 154326084
-15770766 380924718
-155233865 -673070748
199526087 -885640508
-605929450 523008384
63205180 -302338102
422657453 437340095
-61186145 -373913404
163290042 -319967123
-52188117 -681018242
413417552 8486555
-904028883 524635706
20944805 -939754795
917299291 -777427005
-226953945 677559757
-980662654 -459101113
-484837258 -378712937
-897944879 -19687682
-336996021 -786775418
-425484920 -90794894
-315735930 -551179543
-18322981 185320078
277668775 -767595592
-363533092 -397571631
-228914072 -699801298
545843472 -591610688
-15540037 -368111754
121476252 761917663
-338114509 567342774
729768275 -286970007
-408805968 418322234
50939471 190273652
8969207 808090843
-592423298 20437872
-973191911 -937536765
-940032813 -512136204
485298440 671146033
925115575 -622582716
-399638091 692353993
566617306 711452917
758713745 -966469132
86821858 -148621755
-47514618 -76741659
-966157577 -292246713
928297418 -145341192
-625588350 -185324133
-259558841 -270074126
-122273060 -784403648
333709816 -166292755
-91426049 59507209
-618614125 -255942055
120125229 234617279
-814015377 71985992
624685012 -693131262
576029598 999803681
-16482491 -537841845
-951300797 -242851064
-289775848 102198246
162743911 -756208281
396818928 245322564
-367231824 -416123612
-689205936 696859456
862585359 210443372
76692140 192316599
-485107337 -518975887
-795777538 -89547683
-154979689 592359910
-358420079 516631914
-501455467 -587709122
-278245666 665245037
446842485 -282501843
981244393 -803767774
261820963 -7049190
-583411763 497345421
-825961429 -146816139
-490428229 -590672688
-22734936 -491497428
-632507957 -344152990
-276017341 -735763945
541911853 -276590146
-686045298 304722172
645339660 -686127618
-943676047 821162536
-4742071 -993978162
182061289 -707590702
955606457 -147383808
-308574191 424063786
-74420579 -55255746
576008295 561923628
950860585 410706190
-812839353 -49666363
-190643386 321054789
-636875073 -718030402
-820549962 25567739
239878503 -837456226
-759045204 -623610488
-770701616 -878077090
-747925538 -623885772
809889886 -737879109
877534952 996165643
-328809096 76733034
-420137984 771802282
532127808 -968759250
-733640437 -828997493
-460373072 -841801296
-236291655 -712218262
461186580 -4093727
-124467437 691315533
634095728 -908124935
-357499677 570887210
272319565 -207362233
291284767 949655659
-990663013 -934549306
240952181 39765580
-816669446 22507264
958140073 83481857
-232769253 679739592
739677030 333456453
273193317 93464631
797787674 -705943809
537146663 402637733
23269230 631426512
433735006 725403527
595137070 835348316
-621909681 83069552
180958369 278749721
20874946 429207618
333493009 603862098
-10073518 -911065657
579314743 -928861546
907769807 -874829966
728413726 -889550604
257553361 711496735
-139707129 146049381
853304338 -825738756
870987609 353324905
450624962 312658268
826967272 -384932818
-287394146 919792684
-214013458 203711789
291235812 -638516438
875164271 -528831400
351354389 -491377375
-375130615 -965888260
-939055759 -893841472
-45114855 543331170
-129164173 231159709
646933486 677718658
-752747185 -53974191
339738435 -72272090
400805118 236620243
-248705337 -185114803
533348990 -72460548
-244738044 -597964406
195449682 388649404
643362953 -351834928
664915594 -964102719
735142369 -828206237
581447427 196932525
-137755564 669378679
-636906046 -14181138
-156233283 343270541
228197660 -630029548
222783004 -62295764
-82501004 210314885
-489160651 404182309
36722930 867662857
-604858594 753253417
725728256 236633649
322935100 319005241
158541442 924317882
-150253070 -422818480
-76156150 -37687572
-798105775 -988055512
200428165 -394849217
934410867 -727348220
-558011888 -239438499
-293336521 -348170332
-201299893 -209159611
431168864 -138593635
-209391898 -886715727
644935794 -648814083
-557224124 764003800
258936942 336923334
595387670 735345141
845555890 280559879
99117239 -6059907
521619808 -993912514
46772096 640135506
559685062 585559196
453062342 32205844
-179081688 420591762
552092221 324338322
511157934 -710973773
-659520305 956187829
506099975 -191337666
150108239 -979708086
268705856 -286555711
6937647 381930642
-734558521 -230581522
463644320 -247087530
-255383424 772663064
1191592 393165686
-590274783 800930188
559814718 59114417
-373488733 -189025441
802164489 -916473764
462357398 304093260
637690468 592849072
-82174743 -254682053
-987072593 -132546938
111627013 846893174
858005319 158768309
-597817629 444809452
998070976 -851069713
552706845 502822595
-91067387 -221507028
-318453023 -7090569
-404052084 686600843
174238288 586776955
197336055 24795713
-31508576 797338213
834948326 -338616735
-584278545 67201325
78022881 766748794
-280441080 -383704856
589668307 454563995
-229155235 258914463
-79568953 -47353688
-70323572 -447108258
-360919261 501331689
-276036793 -404124528
800585646 625843924
-940653135 -298357829
-398159632 -442067497
698310412 343311518
-770363123 874518841
-227869097 627938988
-78010816 -941613559
-862964645 561662930
-772050016 -371008673
-770844924 -129309258
327258116 -837656433
297484319 72739657
-565153003 -592248464
-642447324 -134651289
769447009 572368558
90035279 680704503
77287343 156888340
499700326 640491429
692843457 -760310609
535114318 949822198
291851533 -547670014
-202240210 556357097
-744547697 195269833
-307825871 -609107924
9129442 594782735
150768356 541717084
-507677835 -553492649
480061547 -505264580
880188689 410579967
775315977 447089944
-5067930 825767241
552554971 -200529514
-838922717 -368086465
171915095 -112131549
444762841 -490751854
648442961 29728220
5865321 680951723
-280078136 769044450
882114173 -584633322
-845198248 818209233
472299741 384445464
-129579686 -233625707
-537554116 44534065
-6203873 222984932
970233339 534576201
212126634 -454197446
-970838159 -718230176
-811288128 201884765
275449661 -511178803
-877033524 111968554
-738835199 353048082
-13251537 500161214
851744505 780019895
158860202 462836845
-750295484 -602262991
531142873 -983309907
-643923937 96422738
-237465463 -576456887
913380135 -316292255
-765408268 -367657541
-331659958 757861019
347450431 -416795729
974387623 765479699
315398811 -252486808
253910574 -127272745
419548554 155206168
-970184794 -324745184
201552468 592539875
-574649182 196474408
580254197 69491104
732651555 449981109
122022043 12785886
-359302539 -460484283
805872137 -642657371
-152584740 -14967578
764594507 737164546
799613575 407921843
208087764 79502863
885241724 515663158
361512956 -295381319
-222079400 -579482068
865245830 -978815904
355564720 767018661
-540465496 633621621
487694667 441879853
42372724 -600394104
270212390 483346577
598103296 -24171948
300715262 -706914063
-952308971 -724421262
-48362476 -131786942
-994164574 773840786
-261539933 911722611
237056590 309274943
-329490210 -394552144
-696862602 -325873890
-52403518 -102287768
982042811 -79381650
-433643334 -67638581
368880175 -834184747
-705025212 -240881603
-285057070 267515739
530717984 -748419656
55945258 -578188582
-478481855 -13469035
372783797 -734345953
561199841 647263180
631199821 393877752
-2502465 -756065484
818594908 688155267
550390877 406081465
169147680 -750962484
829982377 -896155890
-816137187 547081569
-869416170 789130073
-32165306 -401863313
853244354 192463182
358684620 724689373
-687014463 -673308179
-7842004 249181367
641249699 -112081968
196544463 -937020390
201808307 861340760
502714644 -220931131
448552268 -546277170
-202128442 893218055
12481522 714623645
-758530332 461656077
94537508 262380902
640964378 -585339885
-943429831 -926513092
-396089939 980173644
-816513525 -725290776
-137479329 -33565802
-840275448 487402701
323808435 -426373698
-819655301 -238745775
-156158468 709840452
-30629880 349866938
739147578 323556353
