1500
193477534 566903365
-97371975 712266454
-688220691 817666251
-751260949 283305292
-859552031 664428465
292896033 377386173
-901261403 253217027
296952441 -579984138
584924519 -844431217
346299362 -754375332
-338488425 914701482
843727830 23436546
-462928836 83360086
-233273609 299602831
-839473028 -320419839
-185453383 -824823966
269333194 32385029
382305027 -839950507
624710693 875591286
852469452 831329932
100138156 363077234
-290041062 -85824056
-431800450 594507161
-697217632 -275344269
-891550652 -619575884
-886995563 -727173077
20433242 -960304642
-699396062 -411466864
183149062 683766562
41474771 33373175
-323773059 -259071220
157584649 462720194
856173995 483398644
1231727 -503623357
-319297919 -235666435
543724331 624887000
734763548 -769188515
-37746317 291306467
138265121 953295546
98849122 470331933
-279003448 500135076
-891090427 -53526119
860053026 503663911
66790621 621176161
-984787789 83720748
-81490375 -408956148
-28094410 -648282313
-277190902 -118811115
269938147 618553880
394760307 -83576060
-118926551 187929155
-46814118 -78474530
-288077828 193879997
-852117776 -70657781
-402621203 536584760
-4780983 145355604
129025588 499224366
-171122734 265221136
514827384 891637807
921240250 907914360
-866255423 -88401559
546997863 -899396549
-287605309 -134054391
-127143637 529737518
281145366 467729504
411975027 999581801
-41099336 305628236
-613380459 823776773
-272473186 -136659378
-567990861 -315449421
-428587112 506608524
-619812479 -94875832
852815695 -309964350
-391550960 -556227960
-284186329 -671506469
-496121447 535765615
364380326 -792770810
323393520 -98922877
-617018318 636508946
-695662903 -513622830
-934646832 714381109
-206017508 657323394
-582746531 14642930
-611436639 -389917509
508186215 260032186
523047208 -761609828
-524047161 532514762
-50620528 -334780616
315169298 925440388
-387934248 607198585
491140427 575140139
862616281 199594723
-453628715 -151519873
834806965 -786352092
173084352 473097213
-824324621 82189946
-231883849 -626698703
202431168 562183982
171688577 -351572281
-505306488 -683800877
76779028 312632687
893786082 -992829057
595863079 876586966
-563409262 -748823489
197505994 198273024
-190324270 -95050386
-30251848 -383053584
181444269 678814273
395445232 -265989446
-690177287 -499629519
-208426947 -465007044
-10064344 539835210
181074490 -867293806
-697984651 530020999
30830500 -469404819
-394090329 -733535110
819962929 443562728
-76357961 -228590806
-250267122 -241032959
-430009358 876311561
-731336221 -920113639
-659878373 164665037
974719168 -233233021
-956717974 -676229735
282920764 -527555529
-22447550 -906066134
114468910 402398108
310472107 -769400844
-790002023 155093757
-910559175 -482031045
51016345 572132257
52903868 854306501
-427947886 -581434320
-790721198 331383145
-811747429 869469062
728134070 119424291
-376321857 9074133
-234462324 415196503
62093554 -234382197
-447657847 -468797367
218159803 515767387
435863820 615619750
-557354049 859497272
-115325228 527856318
-531830824 -774747782
89164797 -348629405
681336597 -738522527
-228144265 742622354
-851474210 -549878296
-466345642 557651424
916355063 213476303
-791720747 293999688
-896836657 -632698758
183571436 -65643319
-161060254 158387219
113724959 -646132635
144635577 -264053297
-866251404 152317645
-359694212 -768816653
511294041 21425124
134110474 690015773
-596576935 -214626096
661434668 743834506
69108824 -772821578
153353220 -898824578
-50587112 -545436333
440495585 -44541725
337452315 839135340
121479801 -551409645
390150490 6087165
418165255 -55520916
636077333 615822804
-341290416 -299776178
801675118 261780208
-375112941 -681901504
-222583640 679215631
-255736247 -538531804
-482222014 935783727
177053689 -819605764
-202482778 894545065
-193494611 -752140787
54917586 -870158103
-840286002 941871235
14297663 -261277841
641274830 6019009
597235979 -932602563
799360263 256909692
244171729 579306424
-707676742 185448518
14078065 -592778322
399545326 -198448626
473630816 -135311377
801176118 -669007760
843492906 674766292
382440587 -160096590
-976522346 -67582060
404525030 -330931475
430048572 556251724
-358338608 -313391098
565331166 531764833
-566241237 -856607830
361185167 344759976
-855306097 373445928
-737201603 -119579365
-217895700 326053836
-622451108 -732088735
-486061671 -654148678
236177091 102906097
137677858 118728848
-44696092 100321453
-335452784 229504694
78139527 -294423086
230955860 860071731
792449153 748768201
-953989474 628315986
-878120682 -702569449
-442089591 -297249774
137804801 884656463
114566442 -97644023
745979727 -64330295
-308843814 832228343
454306430 520572616
-234660823 742661274
-56478755 416591799
-285832512 598912400
-90251014 743064273
-1265402 -782751710
224914507 788964940
-11798998 -195086114
897955322 505044826
514517927 318446381
-632701 -391375855
382663465 -470080923
307813346 -946294289
-115817481 348037868
355488144 308482855
80181217 -759854427
-928735843 661097809
211114639 371769799
-44527840 563558105
-564243382 407314528
315068041 691130533
-17774708 -87744425
538687294 -599170114
-144780824 -705563775
993938243 -57277856
666094755 -777784760
979439093 -870712285
279502659 -172654451
-166371628 -151309719
378518073 -892678056
370393469 -645049502
-541744995 -540057985
986647838 964443587
-400331134 -177303614
80262111 895982535
176224478 916336867
-126866367 -646301226
468840789 -166725754
-828044385 447262249
-383406446 -535910626
-860250691 881339509
419522514 -489995216
300119757 172514990
-889582679 -597186327
135523787 722783641
-254812167 459920648
152091366 -461797240
-291367217 -589491269
-272845394 50731492
-480726240 -847253751
-443816687 310693237
-447031889 214928001
334854762 -396414842
-774877036 470443446
772158776 -638989731
614891418 593161867
-167015377 -284175206
90501432 547373721
-910445334 720068250
280784940 -926589350
-547693920 -118700198
699254203 241238103
-958143581 232068226
-451249749 115484352
-234775437 147175402
-413313392 563233859
108320005 135461340
601908178 -362805387
-421146363 219406021
-273149677 -811607465
-825207956 -202091875
-7755459 -714300571
317196001 -653123305
305872978 379341813
710772959 -907764609
-802441325 686115128
219870257 -544962207
894055124 89672571
172604679 478296382
-681528322 -522362211
-977457226 -985078223
-425519993 728914409
92537109 -709850885
-78792983 43371361
616606883 50374616
-686503226 25003466
-28630730 -879471537
122232319 -18249960
487994735 255179172
676795042 -236613005
-400171265 -527497180
-282887593 -151902654
475791728 -745992389
-999210520 113689504
734158019 282864966
-804737615 -761952788
-236652137 399001592
761946409 935230755
-119043003 897682717
-133713764 -71988398
453580215 -4638929
-560951191 -112278926
-415860471 -33492354
-248179784 -186125185
302003180 -506406988
656435279 -332631622
-656172820 -465553728
-676714048 940363747
-29558446 505626345
-858490061 586192388
98575990 609362369
702778418 -751330902
604644716 187038428
919041284 524594018
46961475 -584991569
636720693 283172297
479891820 826945888
-215315664 -34068985
-327988110 248161315
-391918379 -10822843
211105910 -622231
-833195733 -909780176
-79889394 -530302465
-219614235 -255641587
-162508973 -399457138
-271281754 -133947616
600246150 621033175
-753698927 -524807999
-249584555 -486052537
-298625108 -113525719
163194462 658689829
904358057 -295148992
-349146507 218185137
-864194170 379888794
-253057829 702616145
675533897 317327782
36572158 912681112
-75444413 886085406
401827655 -436097365
-256513083 -671272512
314602565 -998564699
-701624691 -751992066
-828725748 -147326855
-727711344 295266074
-899931160 233537042
-202116881 -745766052
822751576 869474991
-713151636 -920118683
634070090 -97072053
268243202 -455290590
-337662311 -734532139
-269028541 109962545
924521507 -554182
-232535205 -261898024
614321386 713355957
-818645173 69265045
192672795 897588716
108591237 200226857
-528254287 -75775177
-385521515 -563439351
-50545977 123540801
-843364098 583654754
127836551 -850355094
948249611 -306388623
237001642 -53164234
-294801596 822879811
907701345 834496495
-89645613 -47319265
325140288 -281716099
477774495 -418055990
-121906899 -554999281
-86044511 927916548
891324433 762161719
455423265 967233944
734424874 -897406649
72358092 -252925953
41267643 -338265597
503832284 407590697
-535046937 535690520
-5032172 269917605
319646151 768432735
-219510516 540966332
-314172194 843313850
486862214 806478245
743977531 -619019574
-586406510 -365440888
-735514776 574521464
-198317097 534182881
411199425 -79917541
538665835 -576958207
-229988495 708996338
900926635 -425406225
329533847 -976467424
333185639 -756033899
665128727 868109649
-273846960 -59350099
160098058 703015317
537588852 -154802600
-216620570 -294112747
-813385633 986249212
-132253433 778007333
266385792 863190564
-816740254 -706664963
762990587 593578810
469468384 123150809
886647995 359771204
-422123081 91017180
-15842878 52973721
136728307 56230959
521554271 39152862
-326016589 -657496462
579185288 -709309232
-300217467 268464663
-250110032 348501786
135553267 -243806817
-641335487 -871268995
-396590550 -459692985
-824140585 -728894757
-155138412 -276524812
555336233 -59139518
-171804755 -750134687
-42430668 575463053
-986520118 -205129896
654830809 742126617
-828302082 295695013
-693083431 -377767517
701686284 -309368683
376385650 600721463
-360752297 -208452322
490955317 900690180
356052796 292079348
-412507164 -427801801
-248962403 -979712276
155269956 -577663810
-570244921 -925255643
240849900 -512217607
937874397 -284131085
-979955110 128138123
466027582 -381532329
-291120993 -785937001
727604363 58528746
665386085 -496171246
658232591 -876171108
-108662364 640686458
185841151 -270397963
475994632 512470205
-342657465 908270381
286341752 516261893
151946364 932288784
-560632770 -627552671
504686594 -28948266
941756889 -47853551
124330245 548791770
-297266220 -169613644
-32946013 -620149591
737361065 345481647
-624784646 -894765382
-291572570 -404622468
296050791 235955
942247561 338681761
536486404 -910581180
-901623463 -60529343
776109309 -899740731
-602411294 386188659
337001781 122741834
-654001402 -449500052
217413803 644209495
-47822344 486057320
-980919727 66765039
772813540 8839362
584957434 134821861
579895376 834067390
-202881323 -721029921
666070022 75369308
172594966 -904888215
-53399267 149297882
-203814778 402812273
121695684 868902780
357063796 -399633970
-415571714 168089259
-960663275 465531115
804037129 799926226
-672347994 830093113
327426536 -759871806
761425472 -914837186
851547080 -66103871
6377009 598776773
-914326711 -411356830
718960161 940323855
339218353 -874494421
379282652 600248274
-29080673 -429758492
-406749423 301764404
-75903040 315787968
-764873634 -102315381
789887476 921157312
-264194553 611969801
-59324573 660505913
-592370219 -386576469
321967795 560228329
-772866724 -601189952
-382051604 -950175840
414973256 -70186397
-481023371 -557568569
-726571462 -990864843
-353909114 -598390806
301726372 -659503506
-59836784 497350329
69311745 477756848
-28266160 -783665081
431635360 331107048
-345521713 9180507
-946085195 -72231113
701640417 505681584
-815744393 -228137619
616056195 469646495
-708587198 -569352414
173479295 -84464379
-175316631 -194416415
463011546 479138168
-535789590 988181138
885613483 988456028
293361511 -668421969
-21849594 972890414
278402730 639853566
-225149940 -172275035
-348456216 606584259
-103464920 -592351151
91286428 188445899
211063332 -446472173
-194417034 864579140
-681103913 345176609
-327461075 -568296952
-436938234 -858100697
-146946987 733034449
-919411569 -91181967
816491800 -810138430
136002745 -467586256
176850130 236194603
124125995 91846933
177462707 -915683310
-740395150 -791660550
952112273 -973441600
-216768664 137944735
245015464 911054460
-113900700 -906576237
-401060416 -270060261
-881894340 -761335128
-645434755 108349264
157653672 919940347
-491801945 590741456
-969899160 -841671289
-701595971 -972942563
-55806091 793184217
261523604 -380804914
752180527 48343039
-621296975 -32919770
-234068271 -297840695
744214025 -3728453
-142097880 674179433
-474579161 -354466298
-391416463 -312884256
-524802665 -177748597
262491351 949576791
415318759 382884380
111123778 -184772716
-850619449 -239466079
265472028 -284618214
-616368591 -568267949
773238984 7822910
-528321659 -512358361
106824221 -367072109
-768743518 -60135523
-111794011 613575090
517874783 -853129587
397550168 190071615
-559497348 551087223
298258908 488806676
-830604866 -775972009
210875768 -756878487
-80667630 -895717045
-682661627 345721832
-632717558 951195437
-165574768 448751425
48541461 641487582
169485043 95734676
-717141297 -821823464
-668835292 308821417
172166300 849826008
252843071 -307351087
339383716 132045175
-619376335 764454215
275638170 -411624552
164126251 -831312895
-258466101 406914021
-894657219 478965222
167271095 375651638
427812565 -706328352
654998454 -961821882
382701497 -866112178
-864219279 -548980947
189641326 300124137
-844273860 393260245
-691796350 221623495
-72241370 -721816810
89564771 -531837454
238204048 -77767017
717327479 735161639
-937822992 301477248
-138776054 -261103465
-485469711 -828805100
-631627606 193274281
-259968115 -671563112
135041808 812949092
50962274 528489020
402702591 -941596105
-54177420 -751034774
61534091 561959390
342864218 276243772
-139408710 640980099
231530568 775596568
-51214400 198984423
380177867 444599077
-299238860 614565113
-306787590 603637204
366167263 -67523521
-303823487 -654488365
635810283 -502160295
-38917437 -920744940
-619780278 -324977361
-728183249 86759063
955256108 336246695
-97220822 -510010986
-203293863 294076141
686663915 -840793229
-155412434 -401160307
-758338883 976598701
517706159 -766947909
219833265 -131484420
307949758 356182254
-552561914 587115846
919573175 565186593
87890882 -710738611
-689158227 -418379688
-222547200 532926902
-880380037 -61567480
-68947335 -326891009
-417291188 896462686
485113031 -36777216
-982416199 480732943
-185746018 44842526
747923439 550251073
-151588036 724016248
-334596969 -891349893
277160306 -719261698
657113415 -221939643
-269837832 -827545393
-653885466 319136668
-123107776 -685146244
-674255638 -704700235
255427008 49571959
949679169 -277243157
-17407870 -4464369
-364065942 369342387
-353867679 -364249455
-416699559 -664864172
-505078062 -495144670
-597828957 -907587976
-35549416 -175488850
263842286 -538477317
495726391 817681995
-134776129 -754409354
801622711 -302698963
415980565 -822117666
731019237 -641476146
200971562 -784640176
570730782 -262086880
490415537 -294115359
541419163 290953239
-29601926 -953297464
-830320518 -935156711
-982325062 -446858511
-596917698 -63018275
211302288 -257227123
574149538 -410682996
-410251923 418636220
-30517244 -445406455
-181796453 298137321
-826286015 -463185391
-555917536 -938354672
23923111 -410107260
109543376 -840721321
495472125 -284240206
105980623 414791742
-301040048 -829008597
468732824 979783193
-233269817 -550819294
429290930 876562966
476355131 438088562
151071628 377969360
486212565 -682376266
-634337465 198977822
664223924 -503270435
978187460 506370168
999515362 -195375898
-510530954 531154115
-20924059 426751681
-62444311 258492667
339234956 924419016
-834883422 -591249066
858094673 -266133113
-995845898 -111096155
176528634 774139877
252101243 -239394503
-552078097 -965871970
-196336340 -149420007
230614385 -851953279
427298817 701967093
-154283361 372644285
-860180018 928381356
427650696 612750085
156362056 -21885859
-25386195 173909290
-831352372 -67450694
987675718 -466882994
704512877 -40612349
-445034958 152221912
-654062820 74042574
-674272412 518049105
531762393 972300792
-954604317 -83110898
347006260 864942555
54853289 158241731
84490023 -765461985
-293605523 545411946
320375133 -314502644
785501449 -630311598
894990517 -867950983
251591128 -794689528
-463720757 -607924023
507183589 -36467540
-141445730 473395994
351029831 -765613922
-296046776 27069055
205236160 -31670959
-622504557 100892386
-662265821 -556211429
899713677 202345278
827090473 736193947
-572595831 539684016
-615097832 -641354914
601083679 182121169
407513677 161765804
-547548070 380029274
183523926 573824075
-705635345 -497863116
-82585571 -496038286
938312801 -426699437
-258366739 -130469768
734872930 -9331764
-872668702 227855711
664947156 934279047
-957083413 121362410
519255674 169454839
658047276 564298528
16629778 -393792003
-336811646 -765743442
-46077492 37760145
-28955236 -434849028
196037088 -180356252
419101212 507329568
104805363 94113252
-925007258 394880182
-834147352 847137916
-662089773 -898825979
-695417935 -374732950
-890323197 661575411
575073593 -465360012
-860633823 -925740121
-622293260 -401441602
860940921 -636218195
-629894071 -916539000
-623394138 378076655
367797063 -427087634
212280352 524456045
-835455334 306709132
98550640 94445882
552585235 250799913
-109037335 126184409
17470432 981953195
303747606 79240282
104932490 281607925
-486987438 -315389384
-654660098 165958920
-132881014 705910164
745604800 -326384026
101298931 801591343
-362408298 206441253
-721018405 -570431313
992329773 -463234120
803768967 -168518850
-116330274 -33567582
-267881780 649068971
698580571 835914709
-411128731 444228796
-895815468 -384326759
-695422291 -428436048
816718353 -458968569
-425555701 -285561206
510078906 -57352806
955535613 -746400023
655063064 -419230195
-436587802 613285492
-117509448 923484053
284032173 298508671
748135141 -223572997
404811605 362532565
-611018903 -600556829
-203262564 -784896662
-444091847 -66354796
756484107 -600293569
5176191 401205041
594307028 -805475977
-241234498 -510463392
215241284 -757619855
4065129 223942967
452159788 475148794
-11954167 62737570
292796950 -494772290
466225152 206474433
-674954372 770841802
567075052 646200140
-732919600 -873401879
-911582418 233793347
499966763 666606874
556152416 997290816
-195554936 -422567945
-164135717 -856549448
-217075530 -957075593
-326498413 -94987807
849285577 -870942866
-764988407 -101984730
366033283 598812122
245269284 -283016248
-459141219 -495902276
395769246 122042475
206462710 -317172872
696329869 -214323729
-235932310 -382800604
-529919212 -30955773
-41998025 -805481981
-919541427 433810715
738562719 -522140647
-108574028 304641696
-525430721 15033352
-931398953 -57441793
-907384470 -827717851
529543417 -14105754
695983854 -757169547
-528687791 -15961176
-49221474 -957782955
124074939 -175339577
-210489666 398959507
379758700 -903467083
-201435573 -33578826
-810254499 -307916860
267121607 951801593
-939612073 -198740319
111269359 -285477553
-184272218 -848570401
-400752168 450858439
164959230 622921101
-95216125 -835358587
-580890643 -714946300
-763118796 24645219
-979145502 -378262869
-355240925 624153207
792294404 224059017
-484648958 -59756220
-992863980 467020586
-766548751 -324103080
492363289 573875081
105319983 -516853780
-757168106 181008725
-857208947 240758892
-305484914 -517274760
210401666 -622426474
-97777255 -582936908
515710048 -364667552
345640075 965107535
-475286664 -651856629
392094249 -431981982
-357090302 752417136
941986802 217346707
198276912 842374625
703728541 564181822
-724588479 942042095
-672567850 -550191891
-646472642 -223107852
454677420 140093921
52677947 -24136403
463301137 548905245
324940611 177305480
602538635 -181261175
113150452 -620125986
-721486091 204156854
-250470582 -193579705
-982544979 114668766
-903506596 -923529926
490653643 -334496976
144774836 -68660400
-131444519 -8856549
119352068 -759919068
198709600 628540132
-315382358 -163412531
349064667 209489897
648072029 -337372876
-262765513 -236811964
-23597996 -390172228
-868816390 475157812
618733615 -635528545
-281431097 346315726
-239372515 419074558
-557287027 -806704760
-422082114 797494763
536861946 672380472
910512689 -552907827
745456743 -996087245
146555334 845172895
697383364 209170549
660059581 -348771374
-59596532 374097572
-288566145 179165501
53038944 944242932
-276844748 512511365
-464295010 -508282291
21118350 56751111
-121493651 -350603223
396525476 -207324299
539438157 -28207525
-251572526 -708137030
-467768425 53493636
587887948 77260995
-764536603 -597576294
53824983 -199538232
266674586 -987869578
-259689837 375306393
-837664156 376473542
781356529 5154101
213007330 54384807
-783262739 849375133
-119518386 -323517495
385099547 561592917
-218964417 -136034596
880892099 143867367
77440871 -98539789
239945910 413472944
878493036 -239709528
506769842 -3173232
-489085877 -623342385
55311630 775135112
-358219469 654608184
-217405904 -737922236
514339618 -739174321
-17534731 298404990
-526164267 122743332
859526286 -305379572
744630539 997972075
875096784 -821017716
-395782197 215907349
899659072 500355274
337605091 -111213765
-818226525 -689149934
601762889 768793603
597075262 964539997
684114359 576445093
-451139426 601859962
-867524348 759653219
354597994 -373627790
-113475364 -540836754
845427818 889541996
-209115945 -151634479
-601481001 -371908858
571011089 599225725
456092872 302893355
-731311308 -380999061
-429971058 -507359049
682133353 257284329
886160109 65316547
-476658878 -658231631
773725879 200791051
757005523 486672556
-103795469 -313346406
968593189 -847032869
-675502991 -834005437
270197448 -412883112
-46354740 -253997114
124312234 222457301
-205772206 517963469
-878564146 258618656
575073866 345964294
-172295564 -311870812
601299317 184275192
-536608316 698933484
-724710277 281348865
698931609 -560541370
623126061 268956985
-160322946 294438119
12793550 593775865
997490235 926134582
185592703 -688761334
704422822 665416189
991766935 -648412446
660587398 -242969960
-968979045 405103264
-88855747 -4212195
91125913 493086190
95097863 -916127426
-210056376 -988334166
-345311189 -688359417
182973273 905055783
-137438871 -58420053
-580337764 -318367886
526993999 352419944
-802882428 -919196766
-449738880 -939813138
-408714869 -635395884
952920164 -283316361
211353733 -935671912
195393532 -599775602
885752808 896516897
461748252 -857595877
124183495 619797602
95562416 -752494834
-944638062 -303115958
-259703389 167986925
-436658726 -487160610
-800147751 -411880428
433629740 593309584
-402646096 -256927672
375798361 342841947
104531960 -411355388
49646384 952118004
820380410 -674784120
-944083957 515708282
500686118 667570729
167427381 -198207421
-183575381 -842990704
-843182226 -534371107
-612749008 856884279
-814318258 968030014
-178698707 234388645
848697332 -168319980
15356840 -481317323
-592093552 54138110
-199256024 -618218534
196765608 -680128454
-495235443 433419732
-135730148 -750062405
-15647208 580579234
-456692639 -794986897
328923062 992598534
747268534 -406169662
568317158 640730602
433179531 687885433
513687150 -534248587
182513512 -353470506
-31915179 -301144073
-189361908 -700304996
589569275 -436893725
-275912050 317741894
-530102083 500906219
453167589 537210319
747174295 481804590
-167280246 114903501
-117966155 -191400302
625279245 441149078
125011032 293340584
-193425866 -601424084
626373350 253810737
-153753495 804611160
434194967 283757716
-125138828 32765536
7262964 668523014
-170139136 -424698456
92162451 972290854
-734054377 -690924819
-25334665 -438852922
410281964 90525995
168104124 679592833
-819833112 -448350301
-406589820 747159509
-73907480 -277906589
-356102136 -42337245
-377539342 761211427
-151218165 165367333
718728735 -510320185
-65226266 -882741512
-580449496 269850843
476703880 -194272862
-800835584 -931336355
-610687281 -891651839
329425918 -637978268
348059953 794433404
-956233374 745300886
587285851 712151860
-85551260 489775301
-414899456 -342228357
92266137 -335936251
-776047836 -665565025
281285254 -749301493
-35441808 749923121
-391556714 40910629
-173761908 -127629533
292452127 849721686
-643128171 -950055104
272723623 538382572
507489733 824243749
775536445 -270059172
284497689 132574420
714463997 -329845617
225131605 824288066
-624058724 341307234
879617042 215051570
-713211847 -42354507
-498085326 -196178274
-71078389 -988320514
-166649840 -66355265
-449711385 -664046950
-373408925 -792040840
-258159422 999189911
468448416 148552435
149129454 244403338
162618704 275527795
799206667 -342079058
544439439 -403756715
-140715325 738543188
23025820 691094111
-720983990 21981632
505711347 512517642
54598792 -910162263
-659841149 -543127568
-488381845 -331207510
-884428267 589029866
284789281 -121945666
-165009718 42895705
302448384 354405388
795713905 572261488
690166010 -125533055
-995839722 -350133463
-403769366 771444182
441171426 -417265226
562681876 -150865971
636444021 905660388
-176871902 -378750412
875020609 -219010190
-909722027 -433347706
248505349 -151040724
-753921462 -437851416
-315889396 -419973967
537363882 831429087
644447727 -321233124
52510977 132931751
-134606651 -57614078
-460946047 -911536790
-217696384 -706531506
183224677 708161324
32340456 13701208
-514562085 425043667
-811202413 205237446
-440938103 -372445967
129263979 -617831921
-317332770 -205195157
63718009 489252810
-137806931 73875464
317790642 256750609
298608961 82876286
123773041 669790408
590877728 302120015
-259924504 -171765442
-254268439 -546937504
925540256 -367117679
575946790 -218598810
-291645150 -364850000
136678031 37573384
-524944872 -992783948
481787089 -829382018
511668047 -178550648
105897931 -771203207
-339884977 -875531599
394943738 460578656
-585099686 -690997793
-989444211 -837746065
-868688138 -492258880
424147305 874708071
-239613066 -617167902
-373801125 -539789711
561765560 442820758
884267289 326455268
-415070384 720927845
-181935468 367098902
725073736 -682601240
-993842985 508135942
-603131380 -843950210
-172075041 -820108112
-285805711 -397390341
522905887 110041044
434504095 -531399465
221544647 599281698
-555018725 380952155
523893029 -405096714
667019395 -85278375
-86305824 -808232311
-676019594 658884739
183794409 -9675317
587515503 -420890862
599811812 325120442
-498889290 -515314481
-516445895 326326743
-68259820 -419356434
-247449265 24224293
-284825108 475436304
-234127932 -380929126
869530331 459108550
-457978654 351013339
56752139 257372838
665073721 -840636621
734437352 823547214
422875305 -735819978
615450522 -107448490
-841979202 -33713005
-75914913 803037124
673654952 945629720
534911045 89805084
286597731 304989578
280831933 954314817
-2407691 99471203
-778906390 -847566448
790816471 543605985
391711394 -132818058
-701380686 -611531938
176433812 -398906594
44870320 -499688307
-460438115 12683984
-581338419 970682123
358769452 -711195083
400694999 -740302137
-136685947 82198691
-244195600 70881561
294061377 -117925556
-640635013 -587349472
-721499671 538504072
-439975160 -637344006
-41194816 149352952
-657978201 -366676716
-129862973 -524518361
-27106791 -730944279
777177475 -971991208
-999640751 -766453791
-436484667 -76219571
-968793441 -393800388
-538993261 -712925401
137416911 714838479
-966468470 -374799257
491723155 302945737
829340531 235346972
801838499 20390725
-551052632 753109280
-484412140 -152019014
-989263187 -515055654
789084777 373973262
-93323977 238707905
-408148493 582323316
-833693255 884630374
-22662405 -725031531
-810139712 -342552846
984849496 369220098
-859986912 -564958518
44754886 858605495
495298723 95974700
1339376 -339950281
706176386 989340869
719565377 29629663
835156792 -180141400
521146052 -776834861
85954488 25217493
-93052474 -901303016
-21443393 -276600203
-191780859 -793944500
206517378 563918440
-424658802 -309116661
332438881 105793746
-43085766 774639743
472323247 -779491387
844568123 996880514
-161518047 763815699
-788625551 53886556
239649263 850927042
-448681411 118052690
-857161220 931834755
93705674 163421319
-33608389 -112979784
-907766627 -352226848
-350815144 591221658
-656178504 -466065397
-960646703 -48666528
508047297 433601196
-8862556 54253196
711366280 -625333029
-986144610 -769133912
-452799400 -189257613
997489597 122146455
380712736 -457418593
186247708 908311494
683223334 -170016810
-295032172 -74552366
-535114225 -828242413
221292968 -323584839
-456187585 415329341
25284403 613237032
94308107 639514657
240116712 -95446433
-44910845 649197291
-220354741 -962942732
76070656 -827240216
-209245745 391606711
675700905 412587797
241924733 -929807393
-128186651 -646680873
-251318010 -646188578
-46146477 792937495
-201223856 -893040994
-754503830 -868145230
-259489660 177322500
654690681 737737944
269385003 -285411339
476884491 -56258308
-793368763 -38530587
164336000 -428657036
-778336765 -718188440
-167497069 -900789945
-55672733 317753098
-758806820 234274318
110541219 -450466491
374281654 -463643366
-345601454 -903413475
352995274 -455414894
175064914 665817145
281649441 73712333
-747711503 921791278
-616357979 -953467970
-100797947 -107832786
-33749885 62728477
-97317234 347437209
277820892 38784652
615465218 68913337
590791409 482152393
-933488970 484087437
278536372 446700499
228766971 -382814656
919986963 229221571
225502595 443809371
364715248 -134970299
-170001596 -604630276
-310824868 -802320614
-508665711 -296983316
-88520662 830315138
834881579 -330663577
-180327900 904717754
-572310552 -863564357
771789452 397201743
-325417748 -781570357
506258705 306187972
988785194 41387832
483231007 -537986372
447439013 -554380885
-368951334 -337005765
-612074437 -451275229
-57726408 572142212
-231196891 169977393
25715839 642844166
530336127 611804901
590293473 -535930069
612798088 957249951
779534368 -68522882
-39979207 498111663
981379713 -190655646
-987514134 465304376
-488440899 -455659746
705990548 -910829788
201631642 -514166338
-584927152 -9068756
669577108 94303443
-648245499 944773414
-399813316 -569175038
-147628926 -161227149
345421112 -48248565
-951425206 -48845228
-539844738 -544153752
535443465 171655098
893534082 -795437845
737932337 884914313
635862116 670705359
496143210 181777889
-299127506 716769755
-171084555 552523440
773738031 153641798
-650375229 -738068207
684189114 -978834378
497010698 -302081448
88327888 874768460
634472142 962871781
-971233656 511228602
-297450171 -166465232
-295413120 -593487505
620478769 316174917
-986280266 -244518663
-754927742 818890752
-157291117 -111993743
902271566 -742013503
680703857 -74504238
948566801 -279118859
233510035 -929927112
818381618 273542838
-257468210 585564175
21676226 -833827329
707125331 53385754
-653412434 524891562
-821828241 -670519226
-14675859 841660756
-927997753 -772575692
-919740852 -79828967
-117549932 481536891
-21388484 774445341
-816717801 954596696
437395820 -416159572
542923777 186022789
349264328 118731781
-734287449 -789756441
-367384220 -192610992
-41767476 -870872741
-170647267 78723095
964044 -98974834
-538302204 -376557147
47038125 -481161397
-405592193 727418374
-588865465 -780780467
-546917653 -443285203
-592776050 320400162
-935140745 -292866170
759093647 545172794
26300626 -545529487
29657376 121494276
342985904 -97736833
104394631 -774655845
77632218 417319980
269275610 369912648
171908976 50434986
-426326606 -382212428
-258980832 254159429
-273848608 -982592587
-617060612 297154198
-323933993 713114424
214293149 -938136464
673428733 -807710269
634625609 -984126788
-803856272 -123301994
-46526237 -450651508
588539053 -789909664
832042832 -60162891
281589751 -270386873
931425377 -845862982
-454165716 -665865343
849308032 -839574233
313220507 -855177997
403280980 -105613672
-137704123 -170554505
-206917694 13749092
90641260 276759907
