1500
82898121 561162255
-332444057 -296868768
-162597020 192001420
130907056 562817109
-485192725 -896620978
-486930448 -150294371
-367603532 463588487
905684245 368056760
670321861 -71136936
493184004 861267103
-858611434 956382471
-193434404 188793726
-358561221 186681036
-149975646 524925595
-450404 -135667850
-316187793 353883628
821798698 -377032208
404980032 472761193
214786392 -217642717
-504444795 633040996
-150352413 -422883530
-518613361 -778541109
23238993 730780056
701900119 -75137112
-441326556 -771140810
708728316 451337972
-230188544 210789551
256788561 -944055404
331975039 805714681
944367152 -14285548
-706857628 -370077893
745024474 -369965432
725361480 803259303
192746158 441121154
-936911804 -607941698
486292016 468982118
273860916 -852541420
176104708 430184927
-527692885 -382033780
-780847147 386088787
391847440 -936373743
397115068 -195502526
205608525 754992377
185051029 674777445
80558162 -558978351
840444287 -142495863
-123665370 -875314945
-887285290 -487852860
55452159 -600492305
544778633 -762448885
-683720397 -692871927
-987436807 -614257492
543857491 415575008
-680263907 407708205
516440514 -583806268
-26820982 44094713
-342970922 -844883924
154668744 296596875
-875727583 -31308960
-478632118 785678320
-591573864 -23861340
557454448 -853428528
-294491158 -141055538
-223719671 176829190
-377352759 -108619444
-866952820 -856900836
-198080884 704504562
-820096820 -262222090
-124246607 378629325
323456218 692909956
321691193 -324717851
-328520284 -33726245
-477992688 -704452438
562827629 -660852301
607571792 913859712
-859127428 94639995
997088567 -358530153
458323123 425757378
-552318746 968298851
-754178128 348269178
-3221489 150277332
-708358401 850541373
-648539622 -589307952
853323590 667527876
628554898 571657934
268455175 417450917
12403075 -821565708
-448687148 -376623707
-583599962 752458101
-941407482 -654437837
-275045991 171956769
-860044119 885733403
281699921 -214773697
-348951180 -944561512
354751057 -312956120
-536025230 377522354
98100742 -912253267
736447892 -469396553
-809680838 30120991
950063991 803734130
-429263881 463775944
-864376444 486970075
-349289238 381606849
-449445543 -372427902
-640929294 -630814796
50976438 773616195
326317462 241412646
-810104125 922691554
363652675 160090064
139587786 -294287479
515736663 -719191005
890570884 618596191
-962286963 -662611190
-436260263 41501903
-358042481 -896624867
-133753735 877278345
973849383 -873978287
635792071 107220528
28051163 766030800
-247033277 -82256648
-806700377 -182375352
-303884014 -330881864
-237669574 368340674
415955757 -895900321
-773468887 -921420361
258513162 599746803
-811011711 -618284656
381324161 -402840996
270085930 732310723
476667295 662796071
-6814660 -283063785
41214879 -167721319
-106614372 -136790865
-327634759 -384795896
-229825903 -223765784
374057452 337600245
-165065880 -128714548
303112033 251712539
771812234 -608535007
94355042 348768196
-430950107 -52459975
423328432 -493865891
-536662497 -58160031
935953285 288440339
-362941249 -284534127
-192009427 -564887878
345392673 646143106
-78646243 943354746
-121196122 -496216456
416457480 323294273
-335476624 -405363341
-110508418 -19917539
55412695 -380744454
543535498 -513607588
-920762495 -931023135
-310599357 -17176695
-98840992 -690632476
-621607916 405837436
-221525395 538216659
35035682 -766302570
469070064 -175044857
-232613162 253025434
784627690 -947764906
640504594 156109857
-671446491 -938857527
-661603956 496122266
-646657563 -333821879
-952850442 375925009
-19317632 202801578
-113434774 312367322
511651398 480822304
275230858 -718619270
-55625627 293698397
-991561815 100447354
-217554197 412091643
-297393156 -692064192
-684185144 -138495642
-169449758 509481051
-15739902 -684551817
-700014311 -919269611
-146318357 205679600
246057396 455118044
831549276 -914812911
384671002 360937621
-521967296 -788405222
143640924 -316291423
-647429711 -776580070
-67517967 770610126
704229852 336356166
313792732 -156787051
-379256227 638167027
516899427 -622425248
584104675 698137524
785437259 402151195
-38639704 512583949
-121876753 611855365
-293387327 636064043
-58546537 82238665
-996290704 -170706400
-100978375 -47115980
34228406 544056238
-227661926 -586122175
275437127 -255200832
445190978 661567997
544958401 963079697
-323798242 23750699
-1829638 -615960306
-814135269 -601352854
383590860 -506106289
-366403325 305530197
-719405514 -376356959
-76244937 -718566992
517313296 928555347
477517790 -636120973
-3461411 -86673170
-34865755 -946524207
236185209 404067782
148179690 -901121704
-101329078 -303072521
69815566 523944537
80476681 -560857415
35209393 -71516771
526836257 302966437
194409289 556718195
-10622177 -688535096
244549475 31633297
23179629 -776082265
-704927282 922010221
-365106449 -544213002
456572622 -255520664
197890348 948829320
30647365 395036623
-298545226 -752714264
-82753282 900351449
85997968 203980502
399537254 -855224789
-689796094 580357134
-279049733 418866791
263769280 26117152
-199890744 -824164757
-348218975 287064517
98315624 -453420894
-30958586 167586070
696989099 588614601
771259829 -592398883
893247669 875912141
39473739 915120613
-706076708 463974555
-923301108 -265644669
179290934 72564770
-400118315 425573019
282887024 -270841559
828805651 234291587
-368220457 -598385001
944464446 -464055243
-915687335 68775675
-653693472 -714815125
55279072 563580083
217648951 298232675
558903070 725102781
-599610549 421706508
-466172836 614390443
-397619593 -542796106
-489584616 -655078085
-68765819 -357083665
-880672372 677717897
-696591679 419891397
-904744815 -732057283
882134841 179332631
-765335522 -975995843
433569083 -399805590
-7824580 -281650409
321260939 387764271
219409258 175248536
-580963731 767611793
-695954424 -672261277
-364745796 735400079
-256626234 -859454826
-932296441 706077386
-116591661 -158719328
102605852 -869592203
615237736 -169376426
531492829 -338045186
-785435212 116277186
-676167295 -644526870
-892702091 26573764
220567174 -265997734
20883071 -104983116
-962364469 -237123498
410243623 -335177417
-819274152 -300066991
-947596872 598571886
-488794925 188541476
-290540393 405770670
-450468761 188439546
328143126 157913608
358559281 503120128
-14120352 -368699838
408646306 678247817
-56745372 -110108454
-317109367 -63029148
-270544955 706906957
116657639 539724697
955000164 150242634
337835173 -25329024
-800477864 594390262
-505211521 -13034495
-292780195 257654543
571258493 -685564552
202801461 -450233737
465140127 -632233322
-794025817 325825251
-215209920 -697107214
117647825 -705208681
823528810 -92579557
601599396 -237717
-590287006 -718933486
-596370471 -964734188
-842560304 -224219145
-213733893 945493179
568747305 -635260617
-189922284 -335461335
43516991 -287947533
-493946918 907301626
224263729 475527343
-378275294 733160804
403200426 -717172311
-720511827 920589241
-887828428 -734925046
-34918236 631934486
-121885351 544642725
307928248 271471041
-916502199 586041742
-886455938 -382682309
408616532 -912504626
345358331 -74259979
3832967 356607075
-145986381 778580924
-675153563 -977312315
453551367 234296067
-148680936 986821475
196930014 137856606
-356047920 -845704476
232834519 -235634492
-900499352 817385458
-364914385 -590232241
368994598 -66737209
-512166252 196682964
887414944 838111349
91567818 -227379034
24858881 -208782334
680234361 754870232
-747492840 -941909468
787892883 -739238867
-971341862 951429651
-343496185 -314108833
-962020872 897750045
-340122570 -140820450
404393791 -577491921
216147779 -331433065
147176014 411820217
698525195 833276878
-173252577 579703029
740904491 475738470
-49053411 770422497
-660257886 462878706
700008883 421912663
273246801 -613393315
-38635264 405603156
753663583 -505693256
-964402548 142147351
-29306927 428716537
671880914 127419947
-786041822 -141198747
-521231388 -871044756
-183950557 474366345
-479655045 535667647
-884116854 788038323
190495415 924113394
828828493 -742391427
785837845 -748215586
-572313628 -807140272
-593897834 994493066
249626286 216622397
103340837 455445431
-700009022 280474094
-179159410 92328708
2730782 492029496
470058020 -557786983
-401420413 -694540861
108370732 849846084
461242679 477737774
874313528 -297277672
-246618686 -11342582
216085413 957703907
468802020 -245020038
147283609 -77671068
-494253763 -596447509
746705440 -173244928
652015379 -854664539
325663658 419274415
559413892 -508532383
-353392774 -778079154
-930458404 -586478723
415449814 132047820
-979010250 622095315
576940495 -408238998
-36246852 -660996187
-54563211 361151697
85772993 227701124
205792122 113617783
722603597 285104198
-6255013 385352261
923212666 68290156
-934807740 -981542036
986318210 -541516614
789233658 49121691
404730139 440051847
506197720 48377469
-377677427 557721218
-627904442 -607675446
-125482092 -49030401
573113025 -413083407
177518846 -767881057
-639999426 -401118343
258415843 -312364599
-926222628 23917920
-8043754 -159387841
923248617 519327577
559523609 236319087
-140724019 -858101970
-489299313 93938245
408143606 -277982136
40311323 -492116235
459495537 374935372
-680376717 -499084712
-294600364 -393377914
367044618 43969607
-534267879 -85823692
607140096 -230936456
318287512 562858860
737746569 676427739
486597422 -540546178
884364604 801217744
706801883 39094706
928939604 -773392585
-462244832 989455294
551845726 -7733405
488976828 869479815
136410858 -591013552
-341122111 661238335
-256001035 925724661
-144637524 -841095624
756985214 -674501718
37209224 -290488610
-386370351 471164844
14924653 -839997857
569563255 389419626
509103994 -826310360
292826750 644100098
-803627168 61992325
27973351 -889629823
-360969031 -218277027
-499720788 970436
-444809649 -676015140
-715761965 -855710055
-71422756 -666938114
-175988680 510694736
-571197325 626683120
-707626313 -748409611
-994176481 326156922
526548998 -778635040
472826672 -273069531
924261078 -297657441
400556370 -719617455
-61793991 -940121523
-763629619 902852260
-782711047 718171671
94843888 467526034
-114599297 424583917
-552701942 -405311556
888371403 858529067
-245070332 582432095
-276603470 -7134073
-234143549 589219467
-407315778 -279818100
822748702 -800018926
-208582312 231912945
417474562 672740524
785353955 -780217113
735840811 -751567406
-149226806 860318038
-479633908 -856405210
256400920 -479050901
287140846 -606409123
-845068815 -71984436
-304139882 -32924230
359627533 -417346289
171028446 -6985189
-515698031 -468583735
66944929 -986821723
-232263171 -818504067
192377791 -815718444
-246462944 -684973544
635381387 466340061
116998769 914341496
-946288859 -628297938
884667152 -670857524
-547449477 -856123490
-77125367 -433676959
-21668957 932982911
778612512 712604734
937856509 543150533
-938067983 426988461
723136689 -844370552
488371906 182634050
821938845 -457180061
276425521 -256651401
319194804 -895909553
-362460322 -755240070
443610351 624950611
318826601 819438245
459702740 431749392
-289010675 225341637
547743283 -784543512
-528322351 -175012901
42126791 -984718615
-610116125 551078122
48847655 120911096
21072441 506801928
-869425073 -138070757
273147471 204626309
-213239578 -728813960
135786216 -9858364
-825301646 -186415737
929280710 -217102381
284615035 -120523727
-91027490 -799571708
-416748420 149308755
-900911352 -617055090
229468014 -55922207
26815410 231743605
30943140 409433272
694691172 276019161
-657059986 -570603802
-685454478 -493107799
303938882 -817465976
559551860 -565124609
-277631323 932332366
-241653320 43143095
-141004659 367155779
-370751321 744626034
-54386066 -665684092
676393820 -74417095
534532925 139394216
-295257915 976896961
341877499 571489207
674684360 884005437
330076870 774315290
-116442910 498812778
147903990 -521383247
-408594017 -857995479
-965829656 553654452
392112452 -524476126
-944335756 -893872581
-477290203 991465651
-960291747 -813601407
923648669 -217619275
-772778273 475765551
-632914733 492622519
776588441 181073083
706664370 931724283
-498545146 -428190730
42192498 71289249
741980892 -305765284
-47967639 225285928
26720378 894446132
351941666 605849606
-88308961 -276694612
-442116073 -337256199
-343861090 314682103
-759539100 976788535
808860674 132468190
430536577 -372610897
-364662353 -517806013
-465772085 870513101
325239919 -157222760
-920880609 -353168085
205897095 188587197
-938895818 341528159
-522283377 932478032
728675400 -195238435
198987987 -762870719
986593529 -51622958
-67472164 780734600
-824096039 -224580098
-644219847 -752527972
267395142 159629166
-867722301 -774111544
-135915252 -393032912
992427294 670468306
-916002631 125847823
-412053704 -833032168
-223663245 416868170
-869371874 -285903907
-700548548 -170231598
-997743256 -5702111
-278267822 525389417
114866470 -129990128
349394502 571513712
-20443665 180551666
-290980754 -782528598
675357067 744650994
796597259 881747076
399369597 -493464482
615002946 -507228783
-309043982 876846330
375121402 -842208519
-460408431 -333233029
-994060116 864577337
403286933 -527302415
826255015 -38142644
627635658 19263025
360528165 -782193611
-206310731 751780791
-919042402 -408293428
775013998 -838468341
457669878 551114219
649344238 -182408970
418170354 81590120
452351042 -294690496
39549049 278128810
258123737 -779241710
714302245 266398365
290535947 -477158446
640434460 -457625386
326653226 409357137
696297003 970501010
834311823 -600113692
410605611 -392921352
413131012 -592424930
-472391320 -280747076
674754380 644802871
-555277649 -732220513
585529085 -718967317
744842325 -289620405
76386492 517398388
194442464 -84886601
88166755 96364945
-356757472 -233842305
307411425 602155433
-761440773 529206980
701500989 -95776895
-699728229 745585980
311237332 -634458224
7169236 402606128
-893265015 -262076398
861221534 -539364810
243298711 -270273089
593280262 594195343
-743868734 -67580925
797543542 -93715681
-719192661 -803447995
192537769 297974550
-213286333 -12862543
93138045 480677723
-342965456 939952848
-311023256 -173845508
45067166 613679648
514131659 -424316845
-204776915 433334741
-967159510 -760561760
-482232702 964882963
854055374 781140960
129819517 -157883306
151591191 -956953432
237580918 -909537511
472395829 -737090259
-257220854 -784066841
-479713733 758615693
-192666807 331891889
131446706 -622814236
-474397085 269454839
-136897437 972139211
-450709701 -621988818
378324587 452888540
313904857 -721983055
23982561 949850100
681985700 609071286
656566803 -126215175
774165452 875819013
-265161517 649235574
-225851372 153731852
429620735 -143819302
11546079 -211484086
680467172 -893711158
607525678 -175939849
45783909 -113689517
-192726349 -120023685
468455704 -536835470
-201012140 -749125647
-971522649 -509758176
240159585 -992880343
-616374194 -713702534
-993037709 165820748
570765403 -603838390
-637675098 519585265
-269218404 537566554
-269217912 -610117673
808796252 859608418
-396796892 -420561601
74418448 -580977220
-35590873 155097645
-439040004 -635148097
605043306 753556654
-340502642 -188754897
264893649 -295448665
-673590605 587753038
-80269100 985641280
491418413 492125825
-529259992 -148582364
-717591503 534423220
562151961 -362731002
319946111 536515762
-323331739 -795347045
-163588148 -33363579
284785301 -733427907
-411602208 69008453
-739911259 -181553557
-912985317 226324775
-60798018 408226153
819577608 41296223
592719646 436206872
285863829 760245908
484595498 -371519938
-532150972 -913865106
-831716062 -741746896
160362770 366695993
309337488 593193750
385659723 234052249
715109725 886097215
-998031569 525957767
-924057123 -847339313
524223658 -203921916
-399839493 -255712611
379876700 161086478
-354595910 -629366548
-194677844 81279360
-102528057 670556322
619331597 -491844278
87464458 423097045
914026840 736656375
345879328 496859813
567750517 891438456
236036306 182673224
-237832416 -561036938
848617236 380837438
-198784495 338087698
-320114152 -423483011
234806261 87056458
-383015335 -760399702
393860028 275713212
-744304261 15437793
-634565744 -559571017
-532776978 -72496624
245359371 540153410
-316252727 304621636
-261590512 -699170956
-242923552 -629198858
-372017227 -242095620
-169226330 -367052869
537978188 -428327861
-681578768 -750121477
-407872135 673111750
301215174 543831635
-956183398 -505159940
866216170 -534699506
-595410682 -550098704
-476396091 -748556274
-182343161 961224463
762639627 947161448
-645948991 239045663
-155113165 82800499
938631432 -848455704
-955787056 -629641481
-57681224 556766360
708724103 497992638
-464534840 695597599
-249545637 -763417167
697403459 -426515134
-886784867 395672175
-389882852 672147818
943365609 -965238549
764835003 -368783337
424314020 -367984682
-400160212 328410063
-642148350 -35488260
517438278 257736521
-208899515 352278635
-701413347 886857068
76194710 641031822
724056821 98307589
120433558 -955971588
760177177 78491440
208868088 -843506614
-359935574 711071136
116245332 -258303956
155166786 -40765479
-620685480 -643983580
-167447691 505534574
-641467212 -860257434
-975272251 -513195812
289976373 747169203
-278087726 -10314030
-121564922 -519940299
-235563802 712308064
582276194 321921290
-493613321 362775101
298901005 507961653
336657615 137133837
-931490140 564055968
-391324947 -579710598
-977994757 597061747
517300364 679288397
479551261 -921573924
-562005310 249773117
-827260417 818587851
28947829 -256442392
800600086 -805428578
953551219 301310087
230842371 804728110
277602009 553559213
765926419 940363516
-128929975 544510586
-164397470 -371744020
250131805 757294500
569543733 -367568720
-158212471 129160290
-18112822 732328537
981855595 -913546431
-691285977 -56491565
777339856 -484943493
-618202877 -208078859
268984097 54266234
14624403 -256827495
138614934 -546021967
870490175 -786534722
886922915 -772669159
-836219621 903354643
340787753 -623912372
202191067 869050703
745061105 -290989396
330057587 530403924
632070664 516478650
-405976001 656859854
241682723 781497524
306979771 544936618
-487516166 -195401623
-564102084 -91596891
966174322 320107611
374940931 512919533
40377662 -487631153
856421588 -92294931
-840358152 -694628443
-239352526 -879557342
-504397619 901591794
618637348 792518068
867449434 39139065
-606161501 -115765078
624271254 -9166265
-290061224 241146479
-202499676 978966996
621298942 654542280
782091379 -469656528
612204472 -744932766
108281035 -392888106
-133797812 551728992
458322200 -909768131
18276562 776841830
539112858 -704528276
-633794916 181811496
782389052 908712470
-187083968 -216766421
-593273469 -85063733
-542058643 -354837129
379502147 -84777175
-555151054 920249117
603368886 -825728332
285063158 -896413010
-563271934 -902224001
845566107 -696036668
-726856166 -582733261
-120869812 -596442324
-242849631 644428088
357503087 150488739
-351796390 -261248694
660826408 -445032522
949516504 484762093
-185118752 163561872
-80656028 912843956
98184757 -384277922
302235212 845840501
88524727 671992694
-40328014 456421978
-748073966 763037921
478299783 -601957985
699587 362881985
-69348062 -124351632
-376978309 -214689231
953489038 -870274229
-670028742 -679247531
-846791066 687699772
-215893385 317201587
316547079 -170834080
363168893 -278103431
178043653 415957317
-738805255 881074338
-557163412 -940287205
-550760041 -510974001
130653473 -971550953
27435108 -297648472
-549402820 352989054
-693079628 -75062631
748628888 427388190
-929732652 930680465
-43859064 -697205431
-87174138 -616543604
-363404256 -595591334
445783934 -657617041
772232987 885091370
200274819 434251544
-615234 306210454
86448586 -724442046
582501139 596607110
-504950377 742192745
-422211594 7538910
-436705897 -175899302
-12891994 928503116
-134090901 292546377
-233074172 15300824
332537847 -304201470
-110754780 315047316
-138105492 685458102
-291343970 890270646
-305592752 750490643
-87528237 -374063949
-897592195 323457826
553845671 694419713
-682388343 -622291006
-289051901 917850545
-346173436 233416314
753176320 -270613303
715577492 762631424
503164957 829324192
585677869 448867598
596385744 207428002
384264753 -397346270
756009828 -40816392
620181563 368259169
-206511665 751928913
582306547 832570660
607774671 -405594341
736798338 700302145
833701093 676857286
-4098152 -710961448
13607786 90424168
-612531841 -976310993
-237747979 604569401
382485342 -67967551
594064607 654797391
941096772 715561462
360618693 514527835
-343421812 -729267247
-112553686 567353752
146496384 -453001711
-29087066 426329715
-877641470 82496129
752851825 911850949
732030607 385440537
602840550 191412297
400354978 -790638020
467004332 705786481
705165685 -485865031
-780238406 -786947841
-528769388 789211646
-940156188 -203421899
-281690781 -972096715
728952207 482963059
-727037751 -421230987
154352937 -513354240
-659769355 -24220748
-197536014 825352928
197316645 -469691505
-460924443 293987220
-321995800 -479714623
322293215 176648635
76384503 942479393
721847393 455970510
439919542 991752542
-262073669 264512697
469405469 -709119801
-362605061 779991644
826289565 -783369673
-324854463 868440096
538721104 -439679628
704389099 -535167616
-140138926 654818087
-326508999 980800115
-568698456 736301578
-528048141 -892226421
423424676 -541500682
715177544 135936645
8396832 445395493
240441737 524297999
-483518678 372828982
-998190661 -860052282
-822076214 318571866
267005572 419555215
-26471138 -591252752
245173983 -678739852
-20536588 169255024
887944572 -802653000
450736317 480123669
-902872562 -872844003
736925090 -584472901
568690589 -88528096
371984352 -864669797
-686780715 -542312924
-990550750 47893242
86129407 391729858
48157081 968294265
882127571 116210766
-201568707 -17064726
163298693 846673152
-967658682 325911414
620114750 -200081188
-607142649 299425047
-489268134 5339981
107240132 166014836
198976209 -892334194
-607735701 702703915
-987627336 499001181
272579773 813808160
466804539 718833775
-510793440 382876994
754240512 -147740438
269254001 -982923208
203739163 442620246
961359641 918769018
947964334 124854200
656878665 -448831683
4359536 -307565160
874226250 -898067751
640882763 -17918752
189344844 -795002091
-915157585 -64318528
198854034 769364604
772132699 757741963
957083931 -869823798
-49355588 -610956625
-151205316 352370124
625304523 138034754
-552766015 152109120
-203252365 412254783
-177258594 791401640
331709050 459226128
-232904613 493665141
231357971 141973047
660662937 569256699
862634115 -252029736
-865053865 129695350
-410493343 -169375285
456149788 -517353870
-357296929 -408259706
412159234 332652962
731567064 984864456
944538547 -189933019
108519308 770451730
861154820 -474259534
-381579039 -903818757
-678294708 -704794009
616091780 -38022637
-349455064 -387692261
-213725729 44381632
935022586 999688719
-554279411 919195763
-577803818 -786877410
882625434 -540873217
324460597 523912529
-756239647 -162393791
-435403112 -370098261
-74623778 -255905016
291485414 160891536
832076591 255704842
-262999540 893256833
-101547161 162776166
-15520399 -78653308
-835123733 -3155875
-145651196 635573815
859241470 -287638604
91013977 -852334305
-601601895 461007937
-889821118 -396154892
555597654 174711678
-40887330 361103332
762202743 764811083
-224189554 627414638
-783951583 -460326917
665835815 -342928417
160790677 313694059
-764598225 -14156866
387996170 -551941069
798592614 707612740
-143830630 319429047
296120554 -157916245
318253677 -461698370
-35011272 -115629208
-28581146 720316029
-257422496 827164128
-857482771 292063333
-933171925 -603290047
197032048 569778871
617746835 -200275381
-563178571 -243300841
-75382303 533239995
-443555171 505423662
806086797 -278165289
495204559 -893838604
811482965 -321469583
228054185 705816351
-744768528 808107681
-207411244 -986885325
95349343 -945256525
-781505730 771110017
-267130525 253360049
-275521489 323063141
380122287 -817914824
-265958542 -559458234
629115800 95521921
-649112914 -153247963
33107945 833676516
938137319 -771707701
677257637 -66913334
142269224 511362006
24315022 263196105
-354733686 682926928
660304317 111643513
-915168349 -165560990
-823273371 -262424999
386687310 -209323381
982957325 201209311
408138978 143887526
-279540441 851722628
406096455 -691093294
92231480 906957141
193960489 531042478
-352536511 -710229381
-596405828 624968372
-73494149 748373362
463587535 -796294754
803583588 621453198
344060668 363492806
329311761 -706802250
-255058375 -106984445
-384280279 360108013
-247095943 -930078027
-816150166 -24242350
-968253224 883968896
-540449492 931309931
105370102 435015820
38480967 -531283669
-859743276 -852885269
-17597103 -533350156
-262239167 -718111057
-486956863 -611311922
-164758289 -271579765
-156486873 -492113220
658416926 219102213
434251168 -188799182
-319133843 -321394728
129371319 957575344
556841533 -326261672
-273549745 -977428039
-292596793 -687826833
783452429 587353772
231324515 264432167
-134272863 -31756861
-89579705 46164354
262443119 55914034
69182480 15819398
583592218 -447069975
101422205 458350065
230408579 -859597346
439603109 910155317
40518347 -48688261
-148938339 493477350
-151942007 -165440932
-908315419 -742573943
4911971 25015939
879038076 -164757316
13024852 23139350
-541376896 -660125993
923642747 -362161747
-609792683 -219022572
-773439949 -540533160
839727700 232905951
-961771896 897507757
-70094790 -493713929
439396588 31510902
676063028 -376735791
-837169883 707972302
-987981458 -26520343
-178386363 -101861122
454824959 361127137
666708416 608671384
87125418 134072707
877413065 8773000
101748613 323397028
-3525912 -444921974
297715943 -792136385
-715538424 -164314771
-288036989 -663761545
-405241343 397902777
-547891364 599867675
31714740 673304791
-92256573 -620828116
-742000104 953633230
-256284215 107370481
-930816019 -9305390
908744282 -380492224
-265177706 183566725
145766587 813951414
-729809530 532630594
692561689 634362300
-484226226 -160302348
-86012137 -302536566
535224402 197226554
-649368259 -914725462
-337132196 335618867
703501103 -57972610
723963895 947251633
798146904 241874785
867138166 -799611180
778909751 824412516
-650372395 -899389892
-53532443 -388518692
553223348 -49906588
323404361 648745018
391510782 -43463995
510396933 488699654
-182433885 905262467
-655432023 -457546753
-595858499 945389978
-617521087 -484514423
902089402 312761125
-712746054 -538551259
416533774 -181913060
515058172 898567206
-258030042 307965590
822830501 474319572
-97338922 40639680
-613028062 208739724
-683565193 368091351
762534637 827264690
446434606 732167453
-858468828 631865149
818093511 -680068540
187373544 327269671
-250016629 -563103885
593387877 -255984883
-157544969 -178621365
-274711837 120728375
262403162 632795089
-516085657 325657115
-937432387 945190461
180376078 -418204438
22930488 498757816
398564884 84553208
-397594793 -552807999
49848823 -958453918
-653235431 -259633492
398104912 -305361768
313652608 -364794759
714342996 -816251676
512331976 9222197
115533886 -581252130
826367080 69938574
444244986 -347674227
-422487883 -419699718
-818644394 -496378449
178771320 -30235378
778597538 298292312
-320066586 -825701844
757993573 -953846856
-286218955 -16374680
184483892 -237660026
-512465642 -256411646
575345891 86467687
-45417657 419413348
-43714595 -936163458
629565965 706283775
305218786 198492622
-164106217 16008457
161758669 -975510391
-587433880 -521714371
769033941 -588565443
-592872753 -9482626
404773026 890693687
788533286 59178645
509369453 -201963875
937829230 -949968901
938073070 -970342758
-120692017 798080785
711777629 -168385669
-278445039 -358579308
528986226 495982337
779310745 879311053
539983339 960485530
-266290138 -811425498
-712687698 -157696778
-703608140 276215230
-133462274 246120950
420742268 -556574005
803228867 -253292895
616607893 -853502243
-647951111 392992139
-43587069 -308271802
-862729582 424567533
-704220390 -697807755
-973105963 -835463333
169157242 -123963206
987058167 -16686152
9768142 -457304988
-477609434 612265072
-785557830 -502247222
231051789 320367304
-677433268 496562110
388419551 -41655137
652279685 885198636
-442263911 519000302
278727224 -426714264
281912996 -516861581
-54335404 334149959
280445597 126955155
-297630750 227141959
-926093260 -52998082
692189111 657569315
-402820801 -564990114
-624002258 839797709
736298609 274887958
-975298019 258047325
126632277 59259774
-343227057 964628606
813200074 -94151330
-761758605 -503534261
-158204134 -714800095
-546276286 549899467
74072046 -711410005
-605110566 803388993
299616242 97456544
271364795 378531330
326586591 650303748
-878368895 649131019
-320636619 788322906
-589082009 -378436984
963954060 -290322839
-400006967 356973297
-827506085 -464997258
-452594494 -136861646
-191461827 872637466
99409012 299708841
-359696425 -982425956
-46099220 897792765
365075079 -852255108
-622599812 -17171665
-924641729 -662362381
20557997 -176933014
-276623343 218017269
-840816598 -144158128
-752227749 -788352943
698662468 -401085534
-548967443 319011573
-531293928 -142307833
-565976757 14959002
-452862500 -677253278
-619842346 405869343
-322241944 -763019385
573168957 355838193
-982858594 -16140735
-112925686 76865926
-234682168 -207766941
660533272 -818779481
239291453 780525086
-730361896 399025401
-38977158 -600067678
-645172565 714032815
-384864467 248617449
-582602279 843446431
-282232690 -135524797
-19969257 263887005
-815307155 502539088
-162730764 450602042
458079431 166790271
417996352 595627425
274005949 -266938937
30357290 631352536
258307819 441562839
-618233647 895968459
-65944406 -141810389
-641541044 163338458
686221795 921497899
546127126 509669919
-369730586 -593025908
391073225 161122855
-878142315 -635029603
-417849157 -585813439
-384120727 -770887478
382030675 -854623208
505243135 900028676
640154143 730770325
431100890 -75833072
337061371 -206840625
321412076 -664908728
693829539 506543102
-964975282 -5225965
466214202 628843798
378038748 541650721
-553016086 964672411
491014789 -671336662
-83160913 506427165
-545954530 -994355907
-602601000 -644728667
317734182 -226901942
93783016 -402597489
-343108089 933504019
496737503 -796537379
191276752 479989097
852766035 910564602
512533116 452846694
-363779022 969698157
218364706 -254783809
-228579604 -623773122
-415333939 -368848197
-27660469 8690863
-268176118 -952353475
123913518 231231552
-926000078 415241010
-357221823 746865309
-237224270 -351503582
-568230075 885227128
-145248332 208897117
492810141 -396237331
220733749 -576205101
450729713 822864373
-939835459 -606834963
-814194644 848755279
-209404006 -765561515
280613659 962545032
230291500 -989866268
286272769 362724460
895674460 -282809338
-322082719 -404125552
-383447641 459630094
-43031426 802783735
25750537 -534019096
877152261 -239755551
674077600 -646264820
-555322388 -538516982
405685323 766611085
-408075083 -12121175
676011260 965082973
-956964231 185212514
-407389897 473311277
-862723303 400953181
719430372 -871292895
346712216 -509033727
-740930227 -894368942
-528610487 -283531538
-405169685 569158345
-695781682 994481790
323110464 51743986
923219936 131412021
946780651 522094271
-563908238 -533657328
731974922 994254270
228074894 -258676935
214500327 1047999
-13112536 -99949922
948193422 -550264068
331328908 422388558
-787351541 -83988461
-815246932 -30639675
-397445913 14510558
964629617 -670098948
-938782026 -872278694
871864791 881916775
-307192230 -722549854
654085230 452689926
415282038 655027957
788432135 -801943154
