1500
778899473 96647552
604830926 -857628863
-249331384 -800404554
770831353 -881204881
485539877 196470464
-556394576 -76660276
739652040 279190032
552527959 -550392355
800857117 736012821
661200278 480542802
-678757802 952452622
-60962718 203209311
54180918 713356403
-464295785 589553366
-613130587 549953800
-866553872 -861570192
949326165 217649053
-111390634 -919315668
-647136668 -467077609
-361292996 -860416005
940806284 -144863409
833544362 -490906077
679283097 -293706118
799580448 461680198
-839509761 -643327491
687446057 -121328444
882001783 363571361
-525144418 -309247453
617882620 -314920453
596700355 258623519
813507560 -969932826
690246421 975321130
-941378699 -187125556
-977074201 42163456
-489278674 317565308
538762720 -82347811
-128296796 116366234
616845391 -711213104
-289569209 574972462
-924953742 72701057
744550160 -696511257
-269622630 35430388
-963871608 764923726
-504837064 -272627387
412638488 199419096
-37707476 -26619799
-296181080 -346811106
223299135 -579783195
259788062 -128964570
-764235230 741786565
-392003073 -249513621
-256999600 434785716
535237618 -861267951
314977643 421290816
-183068952 404664128
940392393 -631686376
-506846091 -854975200
87638145 -441825146
168227163 389043802
116377739 234876166
446211307 -925067138
538257075 -96333670
800893164 387836886
255227924 627380827
399910035 594269670
-55144746 -716869723
-704556457 19547899
510245332 933596608
-409611818 293440244
-827771120 81288061
-965086222 -51447507
615972644 923939829
661549888 759861395
472678640 -652022717
535532394 -381428676
174276249 -571466700
872894987 684532897
-786399993 -112291896
-111359975 623306392
888508901 986802121
-659255958 -122523697
-351976278 -651278914
211882477 753993841
545652930 354553873
960682328 -3859848
-181760943 548092617
-332617383 61293116
729939426 -503081356
15618769 -59261608
-769383609 -482387573
-174679696 -806441137
876480751 -281048838
-202375488 860223749
-865923687 671832991
-212265401 690770552
181665955 754881565
61724564 -128161325
291502115 545733447
-142365844 -111768184
520166034 83993727
225055318 -817886105
-432474543 317291800
573492466 680421948
724979675 -101352131
641679750 723145392
-228466074 -698681565
624882051 571444721
932902627 -910778589
-91710249 162551252
-208980369 93186417
639855690 457225068
194633271 -259885043
298058443 -487215159
-737666174 -415153666
-567612857 -511497639
-323986883 -226273229
-994560777 -709534058
-585734573 330604525
520761936 799539111
-147981448 393457423
-752551457 757565116
-774251970 572358115
-218932491 977025530
373504052 -951177024
-817252910 -691197765
-740869836 552898520
-420679107 -693170388
658215868 -722627698
-119417766 328302167
771277316 152806944
898139588 -274897679
637880357 -745678236
-755774048 -461540559
-937207035 -578677372
-332734735 396137760
-432685684 -9542427
187444232 -53923522
-255990459 -824109481
411567902 443073548
-291916022 -2275682
697749896 -555844620
146121190 -979366262
735402853 -470955422
-273813103 876298917
-887232683 237476818
-887309804 781724321
-897605514 614849378
-70749519 549177613
178538290 737028081
152426047 -622654843
609236437 -350420267
-809491300 -653408381
-479294179 -3830761
-921639468 154817441
982537480 -8143265
-862344113 629183909
39290765 43015332
-211729495 737802164
981780597 876861872
-767019311 347974701
-748385887 -696321666
484987450 183424329
-34159712 -726322910
-10617245 147697136
-662678734 140451376
659196326 -125498639
320097762 599895872
-583028458 709937240
-603910913 -573273551
-26956088 502361436
-168005518 798641472
-950112905 -605645028
-551264237 -64628323
251792798 -972355680
-803458786 891872685
-732377037 109722966
592942426 204254123
-520980333 55674311
261953886 -904896420
-297302968 -290203877
426453836 979944430
649092510 -512444166
880562115 -775275198
322544319 -127065408
956052710 -826131746
755001634 -649369543
-997349052 -868175073
76546079 -924685892
-180151265 634647824
-865224957 949817532
997035567 911396013
585354289 66977839
-755999569 982011951
3988351 -481409023
637857234 -780022376
-777160636 -892821217
-290033098 -440324471
112390061 480944196
-608277229 621574706
-573012940 -432010452
-266853413 -69266063
754127220 -570069332
-719163822 -263007013
-132540284 -816807105
501333263 -548634369
602426575 494607365
-321026089 467958514
-358198864 491881596
709530242 -63828675
-687820836 -208828694
-761863800 -349975367
-742725816 181426382
-681734396 83621123
937449777 542810745
588355438 -91854558
544791454 198596149
427508383 508533841
916298555 -733027897
-625530751 -176176126
256821865 852112558
36171558 -524148431
704536975 -482114345
850779131 -739005119
-444298381 885718359
538087298 -828557777
-767110286 426847119
408195301 4772727
60027615 -149804610
358465079 -838199527
975092088 -712986292
87661414 -287397184
-112539930 -479733909
-607488797 511984747
507406226 838646296
-639654184 427611486
-351930668 -736745683
77562450 -565784079
-821172170 -870213238
-821782451 324429387
-419368859 -607684006
277485318 730364181
-198306966 -194959448
-262217011 -564623976
755111956 -689200320
148200657 -824963930
61020614 -456780214
833891922 -378401185
875487159 959883703
-114605467 -340324238
-170010313 -563567658
273878120 665197563
-422789325 807822608
374602594 837882926
-680487091 -692790892
33347794 549478537
-752251035 927957917
532883189 -265978311
-189683197 702371959
715721422 -190394079
-390359349 673274282
454106940 985445779
-415624150 -167029351
962964606 -378079104
36380386 732639584
-983443087 420671389
-307733607 808056190
-313924462 -8962060
793093842 -258839979
740253604 984011010
782351993 181988950
109457864 416228446
-243696561 367841267
-565651755 -921620874
235053505 -45556476
810713609 523621461
394534646 50561544
-649009276 -27641750
98391228 975728923
260133054 -785287374
853923499 521275573
-834539592 -431673824
808816525 33088179
777762100 534355131
806139328 -459521385
649492435 -721764583
451508968 113642752
-800292266 208425011
544443774 -377590869
-716824335 -825428227
812578402 315357774
638191510 -203047511
-467101802 -272070105
-857191802 84543622
-60877781 -5439664
640476646 -527003693
-706585484 -703650980
-454203371 58275498
562877337 -155376855
918259119 -327293543
-634371954 -353719496
-228725650 -990001542
450413591 14822828
-727692733 630104804
857892370 -598998603
254754238 379616360
-868844075 -428196931
-33288897 541253768
-540976849 446074375
-254700682 -366809220
-868778665 333098444
55467782 -165012432
-883876171 381154848
415583272 -224835426
-221739011 623228601
-696401458 -91104197
-260594064 -25980410
-890153361 -198418275
-300943350 4353262
-852894107 816127757
-797594052 -146266750
451395359 -200228940
862865388 879110672
677138824 -218422277
-567034846 -802248153
-83472069 -552258579
635434123 -70095522
-196766407 391662588
-251875336 990067728
438072649 65496535
891562663 -594342256
-69324639 520807560
-807126092 592453182
-891353629 -798134924
890974025 -795730501
-802013031 -834040901
993668298 -961523349
-242421214 450667058
-195368063 24316052
-883956924 -667785815
348445644 230509877
370487609 925002304
50116676 -438278341
671976099 -434873787
106869516 -589735657
-262082186 -903169378
-287113078 -490581742
943746185 -318743473
920145585 222258528
-540635054 -553224479
546362462 956850108
570767075 790206207
236391837 -129248676
268969348 -39833943
888346633 329615958
503778391 692951250
-374755678 331203608
-162586370 492991792
447267425 995651301
424996834 -692980190
-272293954 818583503
-481783924 -747002459
-466866871 -789213395
208157275 571466854
947698290 517364217
-382386646 -78501282
-844112383 -567853845
-65784654 -618317598
895692426 -203485841
30862495 -787030654
-209152157 -791305059
389929849 -929942268
-303804905 324545254
-357415748 -109903284
971688439 -343282672
-823984665 -941188518
360408917 926893395
-397296937 -226330679
-564175912 -646769262
-493683140 -589787869
-602220054 -681225158
-94748067 -986508615
-558538515 867547564
-994034739 509563821
268178441 -539871896
452605371 -930075324
-775587030 379745345
640140367 -521648047
-397090827 -433166930
-849240652 706735163
124364492 -445467420
-124104153 -563464857
-188080135 -136125603
312335393 71758416
44501474 602313795
-199993488 630363313
-825090970 -448224264
784667915 -478886774
370356679 -926740441
292039222 -240518244
-548025659 -73599871
175736121 -28050712
903225686 -553817853
-790943003 -543974574
-834730875 546553762
24075642 816893315
-801795444 391822092
109222694 -937062577
376055561 -1446569
17125768 -456784294
-816898657 68712445
813884286 383016915
-923098517 -917262581
369468520 -877487331
-289200488 263505698
405401971 860855541
235185968 492991143
371604765 772732830
605373493 812993572
642680708 959049996
-706623838 -226418767
126726173 -694534650
-43412644 863872939
-919748235 -989170969
436410413 668156346
474516918 -81692697
-519237739 268304928
-408938689 -195247258
-267448955 770250766
748933919 -636998089
571399456 484188066
628868516 507629292
243164343 268939791
-644768762 961937890
794172250 207487840
-612332308 -859075779
-945008731 765456102
-243083221 912835478
377115351 6894794
770926320 -73053565
467999213 964360402
-140391032 984106902
800302491 999470671
50666182 97101043
333484116 -345819400
309200120 -916743369
-824556300 -852579078
295176090 -133672708
494721806 -269062612
-425086227 -284946048
-692619814 -125535005
-717512331 -994307193
152756027 -755403070
-59373170 936279079
343205486 101999999
605922428 630784085
-371031534 36485610
-710360569 987498449
423321676 -144168957
110821543 101812726
840868630 893404835
-597145353 -285296479
-573734638 692639666
416365209 528338207
393914950 904831492
877540065 524961259
-190155273 7804286
571606267 644529654
173204997 189502446
851525478 789491224
976075683 49502868
-173734628 418476910
-581353235 289514712
-936577340 458170981
-871419287 -87511672
-348832352 498677150
33220351 439345565
41352533 542446458
-281180090 -8559281
-874629835 -69638457
261872450 652872298
-858290177 867658105
894483996 383190600
-450976701 -658940834
782064453 -47707206
629744278 314204872
407556007 -164654847
-471290919 57102320
-900972026 -902801714
135654421 307012959
-389447809 261301065
203238952 414670049
-782708857 847418617
141501387 -602325745
-225918085 316702985
-924644507 -301242522
458271752 -823877743
-252696572 -806285307
-346715716 -699730266
869124524 -780293192
-748217307 55630485
472948443 -760783100
-470072124 -130336073
857781273 347798572
-695803369 -975536963
466343221 313453790
-45179518 225539075
-675244843 571595900
-430859529 -305570346
653881551 957868703
-610897055 196325452
589591689 -184287949
934151045 -623885439
438649071 42898151
285445288 703256499
830329936 922955192
-94975188 -611922086
874815912 -433581607
-561660202 130760564
918873294 -883185754
-142719104 503235043
-846623672 877165005
17799870 -963804332
325425949 -947429568
409019503 -214506501
567943460 823338968
-910162944 -977541347
-495265210 -252013607
204410135 245720442
437605582 662842831
-532475752 970710004
-249131784 -749946404
471974875 305626628
-129960977 -227864756
-255357588 -214409282
419182981 -538875269
-247338494 -791221538
885554468 -825296946
-572853463 -225790029
-577459439 368442583
160169680 394813588
202297171 -526162626
-901650275 -272924817
-87661232 -800236018
-344169456 -258927727
-158465858 -631532798
345707851 392627589
-569407880 -562746150
-310688459 -696406609
-753135157 -96702602
197971314 936713087
-62709668 583697558
421822446 -431305198
-621784282 -207140140
282382737 -103747134
-542868519 86644299
-316628370 419021709
-836961530 896196082
-999761021 352368850
-72276984 12905727
-303806971 133598565
982723420 -892935424
171580751 -114191979
424700008 384752352
928392518 849120919
-102446087 647231975
-537772894 602669382
-127887143 52154072
201891119 677167079
-183370819 -407959611
-740784579 522092033
-425424096 -630803561
931135408 -177785056
697107375 897428687
916101818 97255012
697109117 634470947
885681038 -949375238
-507438322 832315628
427495387 7300431
-468510024 667897403
302944346 -24742315
196194120 632089994
-125709077 -459104374
524521479 -17418347
577100715 47200508
-502573193 725290305
141482716 179079373
503204830 703611500
334278550 497580632
827230889 296362748
-215171324 -765233828
-332736444 -235758362
-477997615 -109522782
-403960776 -531746945
-604132635 324624795
310873268 -991076889
-237557704 625576989
781759449 -282805296
-825266781 662555847
-932719967 -591812741
569514125 591339808
-308296499 769151652
311149646 754166011
-854254847 638768488
-226381796 402870384
-571685981 637165761
-119787438 594556478
286475724 -613760705
-716088956 477406891
-221099709 190710579
-600508245 -659938503
594662993 -674561411
-469501128 763779264
427209675 367880403
416555565 -358293512
-555284 648085065
-173444118 -974636985
-942045198 614547184
-949789984 162123905
807753344 86200000
-133953305 -962101620
292505226 -55026480
967953934 595243788
-560525836 -267799391
686635073 248199162
-815801590 -992839061
-26181745 911047246
878797941 -515916056
-364201694 792723234
514536632 884322222
208017760 337917421
142242334 431158130
-719235377 823060033
788952807 905648547
-445856412 965311684
-327742669 174317735
168121976 669174759
-828290267 679253368
987543365 150024785
124016264 997142854
-862834112 -146482056
281150386 565030505
-185997724 725566907
258292355 -688262377
133334025 868285705
-149715682 837893488
-477269123 24713858
338261624 -315447515
661986079 -517706261
-529822605 -633235235
-866684523 759974170
-599026269 -552353355
419906726 -500608582
367666875 568799247
734278319 852947466
205160110 -261156255
-634702108 -358815116
-278067516 180434987
-863309684 557275882
303937244 707511952
-777974788 2441284
320615979 173705916
-816127914 -753348917
35564015 -953379931
-677600930 513656243
-337303668 741985642
-274341891 -973947196
928305340 385397131
994901108 188724784
-447642243 924984938
901035808 140661239
-101060192 603047861
412444606 -486341548
-720437040 -830044501
923740422 419985901
-104802766 -693035965
59141384 654089666
-46823471 928889066
505599986 648882429
166895760 677947398
-342001307 939978749
149127311 -788770380
-222835430 -334134844
25276490 912115846
555649371 61603475
5000940 -370860897
-688608556 -135633477
708208592 -71245575
461552229 665594413
678759495 240814709
-382192846 -460988422
-582182071 428817769
631576632 -780333834
338710878 -679465103
407890056 -342382651
-214475444 -711729442
-987010992 -303244696
-242094241 738250511
-911629832 972265989
-290596112 -36970854
704525926 921276282
-6948228 855712290
-139110382 -88194329
828497894 -497233355
272959776 -928054474
368548182 731943082
-175247550 84399320
-338354544 162285338
699967961 20989239
435240922 131728073
-979331882 616151453
-378004802 -833794640
433515386 -116543369
429226076 -766045475
117956388 523812596
511962592 -975963190
-179086799 -419109956
-79961295 -66637619
489072958 -682578704
352888996 -749265304
-611050100 969387037
852345746 759363161
218442679 -716689255
-571852403 -893872415
-343075669 -615896492
-493243195 -723970938
-948623387 -100524986
-699740253 -333596834
-351676993 308394904
-804906421 -547894873
-554894211 -140339343
-162318575 400386114
-158318521 533616596
487861148 -124792764
189079370 -459245073
-93633750 -496176603
-73905139 444918855
332425212 -823115844
35497849 -321736509
823703115 843506337
894255607 424723519
-677136309 -166592882
841409946 231874259
378910689 534399971
-958809312 -477113461
52351372 -331837437
661338473 -356241884
-973798965 -679338615
840681322 305563545
334057888 -635350718
-239333263 -105892789
-3319788 169697908
-348335965 995107294
-627752716 -790632109
-533580109 623641288
601498500 -49926700
-941778187 611554280
235105731 219253619
90166582 83765260
-124676407 -593485848
310683341 -303487585
363989175 -27991076
-345300117 -366993750
-364496507 -740962335
39267999 537668714
988297018 21554220
-541630479 -780189491
595121272 866093481
35509030 -204668345
-661477744 423064422
-193250408 -801207949
323269822 685973447
494578341 399355021
702473480 888065878
642455864 -973726194
755787990 -722413859
-954434423 755187303
-175266274 -210546906
950494989 62008751
811382836 -683762245
-664381502 -306756970
-57755647 848316452
299029909 -695156097
-144788271 834115741
26397660 231536769
-797275469 297359444
-281498875 -26433494
638130500 -292735472
617221235 -669531529
340238674 -615890158
984055946 65000323
-76704978 -514646329
139762300 -64485963
155622822 -421215644
275847748 -314355118
-506941584 650647125
762603233 542143065
-17758923 568899429
594704657 879011836
-837920971 -730320595
-878101140 -329745201
135534517 -125796122
-310668533 -681563511
728088972 106467331
-940032813 -512136204
-198052522 267209555
-870376918 955767431
730202912 -770082690
358131270 360407561
581714056 -127665379
-379936370 -719381238
437502737 380878690
-955407767 -300363782
-113611397 -317164528
423919333 66840984
936903041 708392511
807512900 16296535
-343099976 431914191
485035586 606037735
583320667 -93165839
-478262615 303400661
-988623039 -724744555
-547950819 833200521
441012725 175842776
-932624862 259649487
233393645 -897274210
-521716969 880946897
-511876231 555096446
426559974 659821825
716540198 -197435961
-52575876 -369449229
671693650 -915437571
398062134 571932568
512400262 -158663231
688385828 252259641
182061289 -707590702
-676703338 -465666381
850063527 -993247645
659530448 359651339
106474267 -799879381
215131955 939128202
483048294 236068658
-178866004 -390097111
59333619 95816712
819124065 -853160154
-252715844 601974456
368880175 -834184747
-877180693 -403977191
-87174611 -980754373
-395394248 -264531139
-773960806 -531109667
9120224 924130396
396878379 -375771101
-302728118 -799871965
-963307571 483472312
-489160651 404182309
253801565 468442585
-783319723 -698459107
-864321417 342019754
807508951 -68898858
-127558056 618022204
349572096 888119802
402995391 753096963
997237751 824658124
759594127 635797588
-553668286 792761300
408151953 395416235
-62749272 722541648
-207251839 640636488
579314743 -928861546
-29092771 -695835692
-902003169 -199658614
77399648 -45249567
901550755 -782499683
-864170283 -824855368
290322584 -441364527
-992146451 -754277908
-826016596 -810130343
-212686948 732151907
235183906 137585616
-910250469 -298357148
476124648 509719224
-555904561 503120262
595137070 835348316
-219628913 -492136402
312501583 985792350
-112740224 -388050513
-543368669 -241736735
501441004 -140860915
796276315 -51720664
-747804723 -319326396
728413726 -889550604
282565910 383183437
867529542 495824383
917171596 212326544
774216874 709031095
-726893400 -195845271
294364668 441968335
-829345984 -284310086
851744505 780019895
948465821 714602163
908593327 185287358
199526087 -885640508
-584964038 -221287963
504401918 40429242
694162090 -655106147
742919322 774480356
178691621 198917397
-230157307 -868801442
271514131 790938723
856718010 -154639301
-142153421 713849221
-79257936 386075686
-481488740 800238972
122247315 -211072841
-190330855 155209638
727428689 966408741
895918198 241783527
-541113583 539804136
550659366 -158628489
-138466130 722998714
-17227968 -584766254
129946597 82097460
39870799 214927395
449627556 412215295
84757680 154326084
270536994 -406630032
-98366324 -123735078
743965135 -460224174
490789565 550395485
-471843255 121793598
-964793329 -99842068
-703526567 399061837
559552868 -951036171
-231451480 103996860
65913678 -66199856
284272977 582822715
-268791 -319705732
360039185 -754350792
-903919029 42637383
-297870276 -67838835
-717987130 -548333723
779807067 425686107
942853071 238732630
-755103725 500173124
300260108 596102386
688906500 -850834462
-255383424 772663064
-315201589 342887411
212262885 -91571717
420342458 553555329
876464676 115476259
-649276924 -864995951
440842955 633876739
986759744 326314761
419422493 -627760294
535651105 176734234
556634077 -379333713
983089090 -992830547
-352369305 610175209
-949573950 811775449
929913411 844976016
858543585 -142239770
813635665 -328446436
-963237390 -990749426
-746887433 -389035720
335282614 708692705
409223492 -578609754
834575382 -165590953
458205735 252750370
-39744954 -65355679
32853758 991607089
691090603 258280798
-502395052 -978270541
532110720 500506407
324602869 -986062850
-489769629 529886022
917299291 -777427005
-763107833 180593020
683370646 56544608
-505648627 -563547635
425360233 265255276
-520392697 915181568
-259187816 -871506453
-453567808 489136500
-597870100 548916480
152831498 861516441
-975056898 737616482
589399578 540853145
249358967 -99967072
739237003 -593098166
-810261508 850697243
160423099 -667484575
-320211434 -366915193
-584170558 561528566
-270298374 892972209
-164864043 61274964
-123229818 -468468900
167708075 -732310414
-742077258 -505982685
-758530332 461656077
-900724633 -383874666
701391400 668695029
-270170860 458950098
-37048232 795099732
-902829644 -993224217
413417552 8486555
313525282 646495303
-932709982 -33621073
432887785 273399781
-897488568 301113010
-359241355 -387040779
-773404060 -567019853
211699990 -700552896
-293336521 -348170332
586570564 111080762
-912022008 -480168132
40061930 -663929222
-197962996 3835217
-132088588 -369784506
328010643 463432951
759145704 408252934
42996091 -327345254
-869416170 789130073
979524801 143207888
-9510965 974520176
539710107 -379650026
379512281 444276203
-302745193 -664043210
39294161 -42534100
-326770384 -392394360
-988934243 481736287
-580760006 -63992126
470700890 -908892524
-472505109 -31065277
579819250 -761519210
666274745 -5059879
-916539539 -946476304
27127412 -718573774
-60493438 -607013845
187485466 -594546466
-725178654 530219805
-334956653 -457112260
-390124839 -476112605
211908399 -943627961
-592155639 -157757652
-657226695 449278650
-506023579 294761569
370749017 -214621172
920793483 -681934434
261830031 808123260
457110552 797819135
539308766 520465032
-799135866 -556000777
670627151 879376139
692843457 -760310609
827810330 497586478
-235250537 -295338484
-943676047 821162536
505362149 -283756307
883221347 -561654321
-734322578 263213423
719920323 -897125907
-23250692 -413062806
672773572 801834253
860908783 900061847
480588295 533799329
-2502465 -756065484
-781013380 623523091
478051782 559450647
-897578351 -830529626
714092042 462912982
961375954 964322383
-156144134 253042325
795973956 713128626
601403344 469143202
-255799085 -372860147
817699327 770411947
-453768322 148231766
262040398 22540842
653550424 856350102
118639816 872694422
799833416 -875012472
-980327830 -343008546
-147902065 258624304
-188793935 900380054
223626474 -813065999
-343639183 -342289431
-276017341 -735763945
593882259 301994442
443862812 -256871933
-156158468 709840452
-618949672 -913498874
691164274 -161131660
677545012 120157787
-471917559 -342395312
-886930340 -559950734
877920020 843343079
281301392 861760568
515552149 -637951259
-754351596 -27363416
952152297 516081551
585310249 -976419151
681150523 -679469520
-634519823 150836074
885126163 984553308
15117761 543543496
-441954608 519335703
-566790100 -491325817
626321546 -356411904
320145027 214821426
-360919261 501331689
929247563 528270318
-584014608 953498914
-516860474 880082409
515857759 661530164
109282540 51602884
696443408 -607845045
-997226424 607139022
-881202251 99585684
-137755564 669378679
-110489252 449325512
607819300 164916432
-475103864 851867508
-63650686 60238047
499293984 782785825
-283882626 -754235688
721099229 -953095774
197336055 24795713
258475108 -421563623
917440812 404177357
-278197349 -266745520
81971734 384068234
546718754 619603727
141598100 -910072849
-15540037 -368111754
674381110 769840718
-675088148 -710351101
674076754 -388558687
74639865 541451172
-936203535 332805809
619108802 6091475
-283277150 133146222
-338033536 734251637
-121667956 946826575
-712676512 -515992294
937259878 455303626
641249699 -112081968
681171794 492647117
-807496143 811691574
-129164173 231159709
751955160 281500952
-858948633 -709311660
-816171592 925544039
278344368 -503773493
-373480793 -698257024
-866123583 230521290
656462090 -67321861
807939388 730060534
757039007 -355721332
-961110651 -323703467
-103987749 845670572
625196930 -902832375
-393617859 -868528597
-967158369 230526529
-863712651 -860057534
-301468066 440480537
-770363123 874518841
208332506 -44023393
-226548021 -749974631
-158368736 -384379352
526490684 -881744263
20944805 -939754795
-159752856 -358164440
-273927274 -482412060
-371186143 336270276
-103251741 477095660
71523743 225261699
746886838 593595244
522328624 -765054458
169147680 -750962484
-645108033 -119308998
-222082344 685280045
-589803619 320520625
-938603379 -945490148
267720535 781008075
616968574 -124644078
265950304 237031558
715379514 -299026077
-881782709 196633131
740983834 -81006431
-730287950 -921524908
-180740248 222922861
844408834 296759302
91884957 294056146
437487066 933534265
194486738 322925127
-272317482 747751790
-66980684 -567824171
-180024653 -639404570
-755563142 -326625590
744135464 -525556796
-744547697 195269833
408610300 491934687
-756671742 643850200
-367967845 748162175
-182152751 147160678
-446672235 -84445190
252014853 836693565
242900115 732346893
459483478 -347848094
280958224 -283951281
219896238 -439765480
-885341020 -690723943
9993928 -755233070
244028892 -553520370
-820549962 25567739
-301466520 -728305671
793828802 90305777
668187848 -3345101
-541401422 -506168890
408190253 470966435
636304567 -338624912
-275440807 -570562570
292707803 916339182
-565032689 -366943218
322053729 -467602805
-607816470 -564232612
-940653135 -298357829
627329878 474351470
646603241 -132298232
162743911 -756208281
-404274158 912025310
542144475 222235590
-636875073 -718030402
156187850 -347978831
-175227294 228400260
855609849 -785017523
-583430537 13056797
678959334 -237323544
-697736465 404259394
-150745549 479756592
430140034 -246280202
-75420942 109531584
318083244 -564200937
-127921088 -782128783
677128926 -225743024
783364146 743067469
-249590375 -774133614
759877592 -32040624
-827018994 -889347541
357538736 32469860
-156196585 161330266
968679888 -772776696
245043220 -55491861
-465912724 -413034211
-753197474 -519400280
-157549545 -757113298
982965745 -575965723
-981312468 595068584
-940426349 131261890
-812839353 -49666363
-205160907 825744284
889926462 722308764
-461364008 7608017
-555339064 426466052
-841237542 725830509
942371078 -774392438
-646348621 160708947
392240851 -802665193
-83434167 82265417
-827067068 575396638
102960351 -712166177
-614227418 -783353431
-481146649 817541593
-898094351 -225786209
472593814 -332641252
919944839 -779823285
-334811294 383085197
-703957196 -574581234
-220985691 -488143783
-199129620 636812067
183043792 394481108
-798105775 -988055512
-647649202 -101971937
404080479 -147010213
-101408894 930389980
-1609978 345033665
277668775 -767595592
793855552 388271325
163546781 -858097238
-285057070 267515739
-972391276 611613897
-63655182 568055209
961069646 530213711
-471987509 -260575511
-969502930 277115594
999575306 609926939
-868382045 958760605
-651943414 -202979151
-266798632 -283887815
506780246 -697886216
-275459965 513644430
796036403 -749922057
-116218437 247514259
400043517 602613526
606386705 -543775490
-687675739 55012851
741881624 835316130
-680681282 665179312
138807363 -31500052
-425726451 -869402617
590685426 -630902819
260710524 365422017
-987072593 -132546938
-562696073 -596390580
364968882 -361629833
-526719945 264984948
-604469488 -384424426
-769078370 656692262
712508295 337705285
620629227 -951780042
544951369 -638032885
-52188117 -681018242
-980095626 -552297902
609269309 644130325
463769911 958230780
-857999768 -957768881
496122520 -701851918
-922298594 -538898579
-446701755 322231381
696178403 81658167
992350748 812062970
-638164679 -285017044
977988190 228776262
917705659 980955949
689060986 201539547
-259558841 -270074126
-917511206 -221657248
-425867294 -103963639
-83195642 883108639
439476245 -291216727
118613753 -787118186
794085183 -764278655
-798756574 865539091
596305180 198448506
64472958 576584128
-890576462 -491845530
-565472774 -484146957
-718789992 262765594
454273907 189988552
-225140914 -331428750
947140825 -465209400
-891673127 851025150
-905258651 -149625625
870987609 353324905
860424212 465776707
-160435117 351726536
-155233865 -673070748
680725059 679629289
-810412783 735751615
351354389 -491377375
16309970 -668176863
658277613 -206488060
315398811 -252486808
993866221 925160986
62609126 -807189054
-840275448 487402701
115907095 225059305
284180579 42926375
-614009760 -515543205
-944653352 79188609
-811288128 201884765
896877279 476302802
972854645 119019590
-236291655 -712218262
925179600 75103650
92945469 -879336267
-316238812 851034920
-323319682 -733862678
519822890 -733095902
694202436 665128317
34307315 -868913216
990818670 -784531280
-141891090 -430790042
114525403 671057196
157933008 600007836
-467158291 -921012917
139278412 201765419
-516948391 345000154
-563026875 -387565812
-605929450 523008384
450699795 -452852687
-410344651 -717784386
489526947 125043668
-179462393 681221082
-831357003 686312121
290837048 683808237
625686904 124656673
769497382 469836002
644935794 -648814083
-311822969 205557276
394222174 -759631643
-217526198 91695710
-230938975 -40179538
301070273 85619684
-567672312 812712714
461969932 -666889236
-443985789 -123117274
914970859 451191928
908718986 566656220
142006248 110761386
-617062030 -78209838
789376829 64390227
493862229 -923506240
507793083 483770469
817610871 482556333
851234305 -296200708
-385331007 -391147183
-453785570 499127098
-744702485 600120859
-83552359 626621388
622417005 98031470
562575198 903575442
-315644184 794126405
-799670093 -905684310
-345819190 19290474
-340115262 -990232614
-243577744 641531731
226153589 -269636597
180958369 278749721
-940357092 797998956
-957114160 -713860305
-866600062 339966918
-973666651 179800932
-450010195 -69589872
-904439066 843354697
-756313520 -384940734
950608734 -153699424
-918981468 953432934
266131348 352933268
-80151190 -699030929
200428165 -394849217
335249100 464319470
-353439320 -728281750
-115831331 192987239
-216832691 508098752
341991063 -414441714
324458746 -570184211
-647869506 -578575
535412929 16550342
-206215315 -519225662
-734156513 -128295326
998722596 556184710
116348361 -179563940
-652908173 -623874712
-729834703 -189654387
836277840 -698638783
-455691649 -249694277
393647749 363229616
-442190616 -684800628
-936893510 -966996171
305269013 -190049346
-615904985 -964955535
212126634 -454197446
-199953312 -256643036
258223108 -748132353
3598051 930351867
591122590 640938765
788361032 -487623162
746625622 -509151298
-10771753 428357499
302507923 -885810454
-98398109 -73552378
767773004 -753389635
-300388759 -201518354
-374355029 535507377
-14283878 -311205363
-731830942 -686576825
-436776538 461714879
-801119572 -952332159
-822071649 636615923
761580292 -104343534
407574885 -743772950
348938326 897667687
-873283449 641619821
189685218 62679867
87496382 -141153262
-278324935 -795065436
-2811892 610575452
-678001145 9305947
261968833 -521720715
-78010816 -941613559
-87032452 873170055
-27290099 -895285546
-885796641 533402893
-259452619 504814405
-857985257 520356702
972352446 558326623
-155327144 236915471
-577191529 598443095
