1500
815190704 -832249602
70256169 355598594
778815401 790696499
651558583 670523973
-150413200 452918056
443273579 -305442001
96467917 -616297917
266175466 -190676251
-650891330 114635672
-55369500 -971839652
600385406 -851079269
273778058 -710052646
504679168 170983172
-370605242 596635580
939134801 -704890206
-992213595 -607700143
606172205 -798422863
-998956174 -93111527
-387407607 633106780
-987792934 744730096
417684406 818886317
-646048852 -281109758
-497107298 -1279282
315699492 874594097
-55558258 -660216191
108274377 285552017
595120998 142568492
833912786 743751295
-141724931 548722771
721091310 619202072
-783276088 -22716374
-752392351 21769758
409359397 82767762
719082696 278845614
-99480879 437737856
-717919233 539919564
436900072 -323438273
-915459917 591118680
984374644 -53244095
-612720620 -361045630
-792794624 -335637184
-158378109 -526745683
412328745 806583207
-426104827 992640184
638552445 664987045
277459440 764129155
513320500 800605031
344437292 -404356959
540783483 175332708
780698584 355200538
-196157292 -373102524
-998140937 34696211
-397748287 868628794
-898122132 -199238090
-913188866 558403936
-69273862 364773531
224057787 -814246106
352331741 -956137257
-217030114 445284384
830746017 307821245
873808165 -128976467
-882348751 -128545861
463345906 -63552655
317625872 -73206024
-170905102 571062190
571644477 363570018
-126819549 396109423
-785632377 -886624869
-302584688 119118308
-346137952 738211855
875788083 608715936
860964806 191406496
-687964500 -197147183
-557027727 -498608321
345681442 548764657
791245650 -852263697
-432447410 522038564
586647508 -908195143
-806510158 -176334382
-483405564 -308108440
970669801 -23133416
-866006842 -468983275
880435136 251457659
-703304089 -64778357
-568286517 -85251860
514380732 279826048
-29842709 -39040516
196495893 -112333582
-184032081 506734442
-21757204 163640437
491955417 -496334888
909098479 -220053038
49385601 111487555
-159833997 416277324
972379802 -41851427
230171742 242204856
-73181063 632572785
-115545697 -121038785
-122363475 -623011941
-674448742 425007673
762170554 464366012
791597797 -336833298
514381040 377070122
553701517 -941984796
-764977387 658557743
-938103535 -143178549
405345443 192390738
-65147584 -524759694
-158435690 -374097036
-815737440 -835637342
-259668173 -615866809
960563875 -11820722
-491061278 890252095
635731913 -69229282
978681250 -69335149
-678856132 -511679711
181252567 -35583052
742760697 -132164495
492481127 454678177
-973305461 626007246
-759324920 -541602589
-883569219 -448363273
-989750658 -641256966
-47659081 -897975104
-171692163 -155541868
-315450403 -241383367
486587219 689564605
479735444 -311669072
211724272 -919709279
917821193 -721823028
-798976744 795899007
510487965 336844561
-374698851 942512715
-459750801 -368250440
-429310308 -430892244
937759694 -766605696
725437782 -468838610
829965873 -238763343
-64846757 49800882
-800609665 -625983951
420584842 332354801
311332327 -56441954
-28022328 523349428
-224163 149774317
274859034 732378121
252096806 -573502280
232818065 708826981
-469399239 -656217911
802959544 -271292802
136558612 562947640
-343809869 -142825173
2528983 -723778028
281070741 525116222
521261254 -115968743
600597284 -629365589
875767785 -915258159
582830985 -152605518
-785275564 -875665898
-405956346 -924806850
-346058534 -891246630
-741457609 493606632
924911643 976927877
903380109 11541183
-677575764 7693434
988659997 721249585
-42513133 -332015547
-54424154 496389965
641014484 -5628374
-917962961 -741603747
-764430061 -463273718
555203279 -577993511
220023490 249771307
-414031036 -514254043
-50545738 -364205788
-597035250 -175248209
-668631304 -206463552
999722207 -628005593
-740017015 345471435
-932872813 -194692532
-448824862 5785626
-266677271 -77217556
-145273318 -933283305
-490470087 431071017
-690088996 -223314576
-72290751 -960988942
-528904379 62408006
-26142519 698600763
905671168 526195859
293665134 226149354
-60509317 -33791105
-517799462 -796959453
532753370 -188815783
565360576 -956333684
366052526 624326594
-402500738 -130930851
793531970 473706031
-97364801 269163882
157088907 -954290802
-290887228 -55188943
-645061509 508193694
-976227994 874423610
44802194 84134541
-6413403 -613386867
442340569 -225436071
-741361471 451871358
-820612164 463898180
-551101556 -352255785
-13941041 342615725
-425055122 260099974
-370172259 -444901074
170400426 -352609054
358409379 -850460332
504551274 -960623975
-594056355 -930309648
683343580 -340976247
-454451540 -458559669
-29151134 -851956466
394209881 935204360
595867219 333914592
-676238170 708406994
112824124 506100761
916062059 379379250
-573828725 532103940
717796699 -866717080
-61847071 -601755208
-461946008 20807120
872440595 -832739083
869614913 655305160
-927286796 516596347
-14813277 -192530928
-172993569 -705078464
-599295937 -21212516
-220646373 -846884505
-748159169 928971798
-940697964 -916431250
-235428663 162908992
23571859 -761708020
758499933 -697033694
477031944 377562224
-532119583 -866269716
191959661 -230880750
-855482844 -6842602
214422073 -395222477
-850307611 -657267768
69289749 114330321
545264145 -637908304
161431513 -274359456
368651136 773434710
472440087 101461598
-28596444 -465165689
-608822177 613950084
388055242 308428191
-585794671 -565178538
-124942279 336611962
451931846 -963069054
-216558750 978151013
246392877 -901947356
-453026991 -29030323
279340414 188906364
-52980317 566667073
-306940804 -498872257
725702100 -434212505
481905889 593777765
-247726114 -194084267
-170028891 974871664
793875191 -903054303
-717229398 -569624169
703416179 -541074221
488547673 527200574
424075465 -264235408
-873973787 150277802
908670589 626648730
752533280 -916971163
893909018 -313935724
992005975 -528502138
-862846030 269760239
-229870843 -618427321
-394929829 -123674028
-80484697 623055128
-830762403 -630755736
-466918745 499967929
-238081561 251591058
-345700339 -485563669
487358014 358349369
-487928064 -307663438
-59313379 -456998995
928361851 8738711
-145753521 252156997
447845847 -694022433
820787705 504406208
959032284 -971359756
-537025277 -664458011
918505412 -766531046
741013219 -723507403
-41138789 -391359807
957287030 989275770
676247542 228089472
768812800 -532267069
378334399 -339581206
929103398 -816473592
720553620 74414236
-230865758 740451686
-799102715 522522602
387679053 359239588
-15579300 113574678
341861959 627812505
-530570948 766105363
507534794 595917525
-737804948 500597596
-569295619 -357969949
513874633 -853337032
-613806914 935792037
-204948128 341479217
-681058920 -971617908
930205433 857237634
-937846063 744792478
-137689364 -782593925
-923202932 -421174866
-615472817 535475255
-780462874 -152373358
-349507822 -725747834
325250703 947398396
-153291122 -390489800
-81319094 -611500200
915130934 -234093513
-236077842 -177314779
-667239263 488757611
204088089 -111067476
-506498452 224454180
845749167 -171170894
-760445249 435348039
-886434762 302358844
845766267 515448067
-570906981 820542923
714106656 82945136
-763268215 -854389423
579402213 -800813475
39611494 -88514975
989239430 -713698753
179500986 525272460
630352115 469279703
547850088 -234641431
-866219216 820827807
69967644 476217681
-89103246 100914779
997244429 881476587
-161882113 100129420
2180212 822070778
769570783 -69323919
-68351402 447936093
-964903709 776224546
-437546614 -429748380
357723361 -663214710
-448600063 -776738511
336673036 934695593
740381114 159485580
617727911 -635497020
386092576 -172950559
164127131 757698480
-259864073 -253934083
-858207309 65755911
890886515 -654030937
494123025 208492744
467348911 -258400314
-849542043 -339247258
-415352823 -999505820
433663771 -224910812
209161592 -32062549
681569462 -97307167
744676672 5361929
872090154 759375704
-902534650 932485702
-767726074 -816546531
-662149798 499131507
-531196904 -940260943
-39051619 575123173
-195080006 186021250
-818065284 85751100
515857314 -518642073
671068485 235842469
321195629 778887556
415357373 -806097756
-757160898 198178070
511305918 -599550619
-701481733 -507021608
655297810 -669296418
-909868966 -448728850
632997918 725665090
-837194072 246995631
-84284874 80188054
-93665364 908510414
-99951125 864812396
-306808544 -7444831
468865022 631724028
358273517 473175546
7347413 511529697
-865019237 -968942467
-887147011 676996342
-887975440 -236716088
948543908 -830351342
-653579785 840080621
-494682437 -203022348
494959812 74224844
-552559298 -500720719
480145870 -945241102
41515769 222120333
20629989 250604589
-166695525 -403287934
307194301 467760995
159313718 -693795944
-737790364 924514243
-452989129 -826872548
-766303733 305799179
-698421743 704380134
218957855 -841099256
-476668342 680159298
-160384983 -779812314
393664506 903556937
-645350712 -31098576
-403164336 -328387204
-380032163 -272644131
261263269 523312881
-466770097 -937899737
-90157794 -392151207
286192149 431795842
671236961 -763245565
-14265287 25774499
-136485680 -263853007
-926787911 590314137
151679474 880335168
2018303 -304294211
686194917 530527528
-946618936 -585010255
-348549754 -336731441
134222323 432718708
106493592 -474803318
-761910294 904172462
535722613 369860798
456554996 668014161
-801126189 -606654991
29226212 -224879253
117283119 875613339
60792238 888126691
-921125065 -723177592
-651023378 78820748
944285010 87572477
796851042 193629551
11539423 836145454
-685239657 478949036
263617150 -364290676
669743066 138351711
-268182043 684622989
-625109656 287639027
891363260 57151123
-629141342 -562193915
-598847071 286670737
769631436 -615545336
-404888292 554835626
732207593 -849182867
-746518964 -160036801
771571331 652121152
-774999723 -885657349
-468608655 -624347726
-264305538 576545488
604158878 -634600970
584137002 -243830511
-599494977 -572363842
-731336948 -551649782
500111471 850583431
-9624928 -370611970
932640909 737001383
602534647 969026075
-894875401 -140197893
400181795 581059691
-803668332 -35775531
-977890259 294439859
432334056 -548851727
-248539320 -196257351
733721938 -580779287
-220583636 -668358051
-576012097 821957844
91458329 -196598155
773166889 855435232
-288821945 136824054
12928185 544225274
592108725 -89535601
598948576 -466463398
972387473 -53737669
931586875 597741729
-32475955 -595027886
81357912 -618434887
-133063805 -628342928
-472812220 907635206
348606766 526895439
-324004974 -644849169
929446224 -784292437
-393927769 -4356766
894492972 -424761358
-618319645 -204689418
189381622 -35958034
978738340 -427997894
-596536704 909033282
-269170013 -538772435
-7858995 865350148
-373844516 -19962094
815500590 604228914
276052167 752166697
935122483 710549503
-446413764 -839672385
516049062 -94257956
432465041 -525396465
-245994124 -913250555
-229622347 -984681080
775243391 -936904545
603020986 714360524
-628202173 -204412283
499539311 956526777
913110227 758669672
171643674 -518754955
-835110620 -843425832
-965414154 187900788
-701933134 754700387
974065568 -107381693
-227932308 -603169787
37595190 -899751241
819698233 -287264045
112570029 -772787838
-73057069 -848359398
359059740 -30406867
539005095 -809966492
766458942 573083126
-188605914 83568229
771623411 -802459688
638901123 -298314916
-545883573 725027630
962016841 491038026
-423473015 -658027108
801262308 -137709928
732708970 264443327
-744202977 -350049816
-361422205 -901671464
-209155311 -395173357
128176487 -832182626
-341250762 877276104
-90914801 -47090077
55291860 176324190
-369595178 652867131
800518976 600259770
-28522833 -995857194
155006085 -397225454
419338030 -357911369
933225559 437454659
-154647159 -367459406
534304487 352530238
311457916 388491115
-81555638 182325914
-405949491 69798940
-639974788 -449980409
141334496 -373899509
-865898036 814406065
95921705 156843749
-236177690 935772825
78242723 -893618699
-670690670 -142477670
989166520 -611249542
543579005 -332793192
663656580 -281810205
341744556 -529246427
-155014833 655839264
-116585605 653230387
385584359 20907759
-902207574 -305020
-429912826 -345875015
819171546 -926521864
828893609 -850860992
-660097726 -3326518
388432197 867565809
-412698180 -11018694
60674794 -287493022
-278073415 -271096507
-440972024 -621657686
484964864 -418312219
867508894 801315303
-454760205 512070959
-243451184 -212797103
71666395 5602365
423493925 -776064522
-763779248 -505280746
733391385 -26758608
498718440 -419823141
-726929528 -647388824
488220768 -903303626
-505157188 258918811
64625543 256692086
-123617356 -318991312
585322840 -106862163
931535272 -974353545
224887523 127093661
174292250 139201084
92814369 397597788
711549639 -139038464
-654313767 -529980521
760247636 -86883506
182772103 950671091
-28920041 -204965840
-1219205 90738815
374113678 -341529540
452270550 -443922924
630106360 5756645
-185237394 -973369608
989632746 303560056
-57151747 -905189626
-333213238 -403074714
458849107 -471453540
366814811 -654581167
-318742460 -756193006
-55489843 931121721
-861870065 993276590
265687081 -754405695
-300237896 737089465
749008423 165287653
-966914313 857354134
-115614445 -674132350
-609794007 524333340
987809001 271483962
-558535024 -741033448
526538437 -213793112
-636962073 437329696
-89097688 -557875150
963664464 823355257
977138820 -329645925
-13579442 -638204865
-472988127 732259138
-966173384 517952591
-64970929 966464237
-582150784 481217001
-837123220 892072221
597080529 -271615857
962063889 584295102
-716851270 604780966
-94519199 -140395428
776596451 -819625340
773309725 -420512959
441766182 -818503149
35580257 299460322
-349461751 -213569326
-666662731 95433495
-513632226 -136102723
-275411568 735318022
818861341 -463998266
991444545 12675320
956967266 774224003
64033104 151752535
810163018 -608503576
-668486693 -51715338
-821736091 764121989
514669511 199558948
207952135 -50615104
557568812 568929774
311755932 433948269
-777493214 -465055292
736358562 376042386
-392181437 986375952
-126953985 -198011983
94062081 387948592
-695869380 -803585979
359853014 -730705393
549146258 -487126372
588668293 214762921
-415435483 727077463
-146563644 621130893
979517024 -339525409
-116283476 613219097
-433898397 365388668
52758664 303122689
-860671399 -833720160
-539050826 460019530
587561929 390205056
-918765775 -528804384
836603399 -769066948
334403729 136428748
-60028449 144132789
-932278714 932021346
18408043 257199042
-257689945 785991310
-595488971 563486036
398064905 -245541025
590247679 -782692040
-489503932 -376514172
-113641185 -863029279
33168944 -737972658
583738079 -265187858
197087857 370230207
-348410325 -662903117
766142515 -164232436
117168703 129739153
-61424152 -463692240
-450992496 -513321765
535736220 440067943
826697736 880181072
787980798 -271147510
-416660921 978436721
-822672330 -953587255
-399676943 -807140085
658105543 797673022
474095653 731951142
-80267709 133671167
-553699386 -946355062
843728001 -592849307
-917948569 396053879
234911970 571132196
610076237 362952806
892012552 488074835
196912252 -935885438
275272814 -261828340
-460192681 797282059
435221832 288871865
-393347471 -60693195
-782382750 361112591
428560051 141602590
-225256945 -997474689
-934717502 747770390
-154459952 766511637
758495674 565173849
-262355929 192099689
744593589 608894450
771801075 470841006
83845604 102585415
-435700233 -120376974
28859021 856632272
525760120 337618894
901099543 -318953794
239746022 424142646
-237777992 -792500419
690255561 -583997151
-988419198 -567442224
117708363 -520499329
765512174 30559849
520067283 -969043468
-837932714 -998622645
-773819209 506494028
-462545523 -552702379
-236692799 -243922734
133026594 583704016
-896953019 818665279
-950425193 9723428
-741388617 756423958
551712792 599923619
-437885892 537623779
444309417 440542529
836562748 -420523198
-491319766 -855710533
-398654367 -399436683
-855932620 457294355
62790194 -367455038
-965593233 -634475058
997381256 -254455933
-884589270 935800765
913315253 406450545
9574981 -666557899
-882094229 95177516
24712131 984078532
-365430860 439316499
-945890437 975808809
928555052 -537545569
-253714506 -161234825
359841168 -619943018
938652448 -607217867
-42600619 -82472457
-687872210 -189929136
665007372 -446238817
-886554059 -636931332
-693925683 -667017306
-88190637 296994068
403402005 -948331363
-294608834 67627209
90890905 762361572
-329182878 133414502
-463948594 776663393
343252793 -646514656
898932551 -791152449
878350362 69230192
455901379 -876000653
-779688424 148617012
365806188 481846463
-567990861 -315449421
577387630 -549506482
123815081 -462718273
880892099 143867367
866069932 820237003
174457894 109417712
282920764 -527555529
146154075 532615133
-187163737 -288215758
-54869918 -411548002
505362455 137609157
263842286 -538477317
862204010 -215732060
689523624 -749456839
-216620570 -294112747
-822697 -235737912
151856147 241352192
590220007 905888418
53189256 -34225590
-245112401 627594345
547769548 -342620947
44754886 858605495
983631988 472297303
-410001243 -960860936
894990517 -867950983
-23347634 -77343153
-769206025 222970043
-205772206 517963469
-598931279 -393073908
524208604 233290995
902271566 -742013503
447782438 848304478
523244940 -595644951
584957434 134821861
728270849 -702516108
336275302 -563491346
919573175 565186593
45147846 52229528
239260635 -810361952
452159788 475148794
227441441 -961889287
896329164 412933304
475994632 512470205
-854787495 427510905
339360362 -334046451
-555018725 380952155
-846945498 -701802840
-14788852 874953706
-612749008 856884279
785972582 -956711394
-843941398 690577915
281285254 -749301493
43465915 524446957
-989723203 -500665473
-927997753 -772575692
-773328454 304379344
754850741 -490195361
-139408710 640980099
-660507431 22373862
-574305201 -443162703
-566241237 -856607830
154342019 497334978
248007014 -122022868
-217405904 -737922236
-464707014 293593533
-663510159 741509664
433629740 593309584
663552433 -64978679
57430193 -639359483
-982325062 -446858511
-506712082 473468719
-737378731 337851329
6377009 598776773
242690367 405073614
224628424 541322667
948249611 -306388623
-381585805 590859208
322286896 -291970988
418165255 -55520916
-820629320 -312696742
453237014 311193029
-219614235 -255641587
-888056407 451876450
-997245028 979771468
-53399267 149297882
-611115329 -716908726
493759396 -947803441
-841979202 -33713005
-250711197 -993489042
-695771835 657769370
88327888 874768460
-136353805 300555604
-82945374 634473625
-911582418 233793347
-590246574 81460946
-436592583 -807796457
-619812479 -94875832
-746005617 -259396934
-276649212 979156981
-475286664 -651856629
547430936 -48381562
62092473 -743761070
-728183249 86759063
239719258 546439139
-172884213 928218642
155282285 262317979
-861362106 878625948
-309805475 568935859
555812207 747975203
-772866724 -601189952
-155805681 -622925010
-361486954 -515474971
65636707 514218001
969609730 461083623
-596917698 -63018275
598391875 250698856
-684404663 -946996421
507489733 824243749
-361234858 795232057
393278969 -351897204
-436484667 -76219571
38404667 713215589
-694395175 -66249932
684189114 -978834378
167045302 473173356
-817308516 -749857934
-874619393 855215381
-782748736 -71020717
891324433 762161719
-711059482 689342044
-150641352 -350338341
-54177420 -751034774
435613069 748850669
636262620 418735647
-23519789 -620981134
735802501 912028102
-127143637 529737518
-956044598 -5327241
-62891384 -35006977
-251572526 -708137030
-604998756 -896093134
-506060928 -192625616
718464979 356049168
848042549 -742167341
-254812167 459920648
-240734609 -354678292
-168517107 326018519
-50587112 -545436333
269394708 -736269344
-899920421 -532927878
997490235 926134582
599739003 222519885
25526393 -342901139
-860180018 928381356
652317187 301358743
574159783 90344734
-623394138 378076655
-554753611 -650177238
-13876503 787646303
94308107 639514657
-164791268 -367468996
715303645 -172680117
342864218 276243772
-904681812 861301483
717046129 808064313
-68947335 -326891009
-151366998 623919169
-501023525 229697215
-387476105 -503402193
53567082 571742597
-22447550 -906066134
113603178 521442667
-396738779 -386092612
307813346 -946294289
219149699 -620705820
-287326014 -134253901
-694322180 304370848
757763153 -476169512
337605091 -111213765
522137340 853863423
425578082 683405890
919041284 524594018
781978595 -726759522
615277042 791121532
-993842985 508135942
697635589 834662493
-367655259 302331790
543724331 624887000
-567471502 220408997
-492020249 -853744680
411199425 -79917541
-991922445 608107263
-51010845 -759373425
860940921 -636218195
949997958 -113956650
-227702328 -729124626
-362408298 206441253
-889423345 995194538
869404992 -137352221
-866251404 152317645
-406335521 -98621330
-523846568 -251913869
-153753495 804611160
454977921 102935495
-247943239 -398260033
98575990 609362369
569756565 -759288242
501707000 465679627
-406589820 747159509
502724128 938371110
-204891736 -303281422
251591128 -794689528
537620808 193443599
-314609657 -63055398
-901818090 -265972106
-821822193 869475205
160098058 703015317
222242950 -171937705
130914671 411512397
-147628926 -161227149
377869799 708354884
-408419961 -601390149
158628738 327339324
488511565 954439178
-815744393 -228137619
-817592267 829694655
851067377 -401883358
-121493651 -350603223
-702864066 -423740902
-262739190 566672014
601068905 301199770
406040908 186288226
-852117776 -70657781
760974707 378155453
778495595 -485718367
15356840 -481317323
-881280723 -327660823
557611458 -712045043
-526164267 122743332
-408254985 -497130982
-970929872 292758435
706176386 989340869
-517311892 -924544282
183874823 470089597
495298723 95974700
-797428910 213380852
351474823 -259417505
862616281 199594723
-882487130 -819611564
-420805248 -554852958
849308032 -839574233
-467223667 -836507908
-433562810 560960433
-551052632 753109280
-173433964 280278565
-128421836 426757039
-617018318 636508946
-157445264 468800525
835875981 526608082
292452127 849721686
894937418 95520430
-577849418 512963734
-862579080 -742512004
885558187 -509199226
-788625551 53886556
-933978041 -235038370
389856424 562353261
10372230 112184125
354753822 811666
-726571462 -990864843
-283338493 -509947397
377940247 65845393
-845875006 -207899772
611445151 326475994
433179531 687885433
-680766549 598679326
132329790 853447207
-889481252 244743714
15312611 383172996
-167280246 114903501
-732557741 -696605765
-355533444 -451859941
-425555701 -285561206
209637549 -847082056
-790810653 164811388
135553267 -243806817
451578075 -149391440
-149231883 876978807
-859552031 664428465
-266533186 126193089
753177000 -714800043
-790002023 155093757
-18939695 -31834199
-96868724 229517167
-782570563 -580701193
534424824 -680779216
104932490 281607925
191948277 -945467501
60820263 -641499264
-695422291 -428436048
-708372997 -493661248
-780053608 7926457
-617060612 297154198
246908877 94215506
-892081221 -869698716
468545284 11337586
876202058 975372155
816718353 -458968569
633439716 -820393675
-355323908 -177496589
683513073 426970803
792796785 -196703499
-387934248 607198585
-275432381 -452550710
-529151120 819870571
-862640486 384776935
660118460 -224423459
804037129 799926226
614656871 -605498450
681756776 39126569
952920164 -283316361
836757441 -219743542
292224641 -236156862
955256108 336246695
-706792776 -133146773
-945026547 -934027860
430048572 556251724
923189790 -974137246
-365303089 557949981
122232319 -18249960
-489145812 -999640458
616110077 993061381
-498085326 -196178274
423099327 763834875
894340670 830218736
-528321659 -512358361
444803196 244931886
711202307 357414610
-925007258 394880182
-274436993 -20485250
434415486 -284125650
-496700099 400894533
978249003 189131584
407448009 -214348848
-769097403 663182315
506769842 -3173232
-546007338 535234139
-376430639 708963570
552585235 250799913
-604952351 524394906
52391160 875320417
-193379262 -223909211
297571774 984027776
476703880 -194272862
866529895 -893507223
81494804 -626995040
919144665 949677831
121635627 -846629725
737932337 884914313
-499740450 4893581
441260397 28563661
378518073 -892678056
850682955 -293183957
-533081740 213818355
-43734332 -546101393
74637197 -134811389
-338488425 914701482
-671108101 -117276025
-45327142 257530672
660587398 -242969960
759562186 -75026220
496155302 -638219097
807489718 -157889270
-291317815 154018428
-219351203 -606506100
-338139493 -923315262
-132253433 778007333
364120468 -731953573
278153679 844395761
374663641 -923699785
-532374257 19697501
-953989474 628315986
169640748 -962478739
998683260 -169577722
-830604866 -775972009
257582575 465098501
-489490095 -807128256
-952767396 399692209
-279933682 996640920
-811747429 869469062
17749821 446810625
282739512 147707680
136002745 -467586256
-569067001 119827520
553502094 896094025
666094755 -777784760
-211344670 251944860
55991231 54897332
-210489666 398959507
108854042 -345178680
778467774 -94655694
-485469711 -828805100
-860007545 -71545234
-303333919 -312863938
-867524348 759653219
-716755658 83272654
-167521465 -161399673
127836551 -850355094
790185097 -281530143
-504667120 335725429
-837664156 376473542
-315827539 978064066
958592468 -271507830
399545326 -198448626
963826712 -638297117
-424884948 -888369171
-997912557 278408438
472436857 657862325
711366280 -625333029
-356842568 976132192
-399822370 -948115992
-358219469 654608184
-688381696 509115857
945997753 -704349203
941756889 -47853551
980717782 993170916
-55033967 463412288
-535789590 988181138
283896334 346694309
222454220 91387656
-910445334 720068250
782135257 -444401309
240051654 967809242
-28264071 869057122
-840276073 -430645115
885613483 988456028
433678178 -887583908
-56217230 779486077
-72241370 -721816810
55211069 419775180
57330114 -644715133
900802668 181271343
24273733 -229047682
243653655 -740000266
-720722400 -446348967
-872668702 227855711
-452904868 107113526
630787424 649532597
-754503830 -868145230
-321179737 734521393
-28216783 313930365
-116330274 -33567582
375704337 292831436
-162398006 -125804546
-284186329 -671506469
399408348 -895943616
-394244020 542074086
-259924504 -171765442
-31558378 -777786301
143805037 -290041879
-583899863 402798622
513576763 -177996730
680703857 -74504238
974037652 -962543835
-642967466 746764727
579185288 -709309232
241526745 589666545
339834607 142794661
-814318258 968030014
-812371565 69955841
102830058 79696301
-234127932 -380929126
-828172819 -548840047
661833208 -816064216
-486987438 -315389384
267836299 333503719
950015338 618877832
620948819 -126274566
-352351669 318577845
-721486091 204156854
-559412849 479684433
261646303 720667502
825079152 437201405
856760544 -979100772
456092872 302893355
-734796406 -380174144
734408093 -227806282
747923439 550251073
100115866 -426490042
712947636 649043589
-827481046 664598205
-703240732 -167780318
500686118 667570729
380086409 -889434803
-241483553 -733439897
-834147352 847137916
-4750783 -169710025
-436137972 -343300497
-422082114 797494763
-47163037 508931476
-942228623 -846537644
24022705 292852446
573538109 511461936
53038944 944242932
363884038 105428529
106313579 356235531
127814854 -715372787
302110711 205085952
394943738 460578656
352173753 929779472
825598203 996995341
-504475774 52117753
451595642 799544683
-117509448 923484053
663680904 -994345263
40367376 -486912536
-108662364 640686458
995927770 933359555
-154627690 -600456264
-979955110 128138123
737337575 -248239259
670406593 -626038597
-97371975 712266454
-145958154 -177046896
-524994041 -791891976
-29601926 -953297464
259952929 -807537246
-455260908 381206056
-939612073 -198740319
-385544605 -925904401
378059487 719200390
-907384470 -827717851
-768009404 714397694
679706063 -875874101
-86044511 927916548
-576945438 689007626
215638909 -449937371
-946085195 -72231113
393479369 187332884
-637580745 -913723448
571327622 -388170054
-347173377 880755186
599811812 325120442
532231972 -72931838
-742629763 -837827333
-85551260 489775301
-527798413 556329220
-914372519 935808705
579895376 834067390
772536492 55236575
-244587084 -108165906
92266137 -335936251
504662930 15543443
802513157 -384741739
236672045 -818014485
-239746654 -578225863
-164169310 611908937
-442466818 -368126618
-251318010 -646188578
-961994676 -618449042
-490270199 -872377568
47038125 -481161397
811331107 766494373
958542959 -840512858
455423265 967233944
-891963348 864804340
-87502692 -991715593
92537109 -709850885
-581524922 364109891
195666282 -408020077
-944638062 -303115958
575770719 -664369897
-504873519 -533433488
635810283 -502160295
-241969660 -289930733
283872098 -253745031
183523926 573824075
875141129 706158538
-726509819 -79601995
698931609 -560541370
956274105 -384597767
-737653534 -145485622
925540256 -367117679
186847611 693123471
471140170 620026543
576133569 -163435488
893019923 139360647
641781385 -881562082
-556715126 25975508
625279245 441149078
-227877637 -119722362
350795420 -456252435
-162815601 -419056475
866989352 -403580019
267121607 951801593
-468401483 -726743198
781210459 173911824
221292968 -323584839
-479552057 -703392942
695519245 -925092736
-740395150 -791660550
-325346295 -190245181
-502215808 -380573013
-615097832 -641354914
-698784703 412949734
-854661128 715903141
684416375 -504720709
879137796 268899182
873647180 145221118
5859989 -238800814
129035895 589833867
-355969543 -235468094
-429971058 -507359049
35098919 114312769
388199458 101788685
820495249 -149784259
942110385 693157165
594307028 -805475977
601992101 570260580
-92292525 -929393429
521554271 39152862
-990368906 46443473
694871571 -871863791
851547080 -66103871
-104624661 -466655369
643109386 -336263425
55311630 775135112
404544326 -114448545
723036907 -298929842
-919411569 -91181967
-171871261 -97640129
-383898359 -487303520
556152416 997290816
-96698256 -251978029
-702757701 -991216364
777177475 -971991208
668601604 339367669
627648430 -552488820
-59596532 374097572
871948789 -708917344
484328782 -3725058
-180327900 904717754
-29153519 296422589
-236576812 207863124
-735514776 574521464
-5586482 -409229995
-660536882 466393582
687964664 695397665
470955001 -52379250
55340451 80525719
-405701767 -101839258
-802441325 686115128
852052931 4855965
-462245171 169431358
29657376 121494276
802440599 -174678961
-543212012 645226796
695983854 -757169547
-103738286 -461116008
166456385 -870936022
-349146507 218185137
948304910 77788947
-119521394 -238188074
-220354741 -962942732
-999450697 290479135
-14964702 -84250859
657113415 -221939643
-163906030 82589901
36278820 -65221125
89164797 -348629405
-380115740 -447659784
188276129 488951976
-716566260 -957390971
-718156073 94826810
-629894071 -916539000
-481479030 -141952080
-557081107 -475931330
827090473 736193947
-504230143 -435582600
-736105136 962199670
241924733 -929807393
292972017 -423471738
-249734264 -355774569
-811202413 205237446
-359118708 612144080
-830570950 553827082
515710048 -364667552
-118285755 643979256
240264222 -322419039
-810902124 -829596803
-441925853 724271287
173084352 473097213
342535549 -554890220
-983935627 207600512
-38917437 -920744940
-652983048 774065265
-595668182 -882400732
-528254287 -75775177
-632474335 -975771537
-631096730 -568965180
718728735 -510320185
74373402 122105167
-624294756 -979004621
-281816771 346278718
-195410282 863151382
-76357961 -228590806
-952004911 670871848
-538364710 -603437974
710772959 -907764609
270992999 691393389
900015520 -258441859
981379713 -190655646
994429783 944113838
387694265 165317652
-653885466 319136668
