1500
851481935 -56114048
-759285882 106883137
396896772 676764845
289196020 -124591969
-491398984 -995667060
-800148059 -777313518
-199871410 488214135
812847353 -420894735
435417311 955201438
-720061776 165712483
-658528473 -654611160
313551540 428562901
955177417 -666357353
-571881994 65660707
248310396 -254701506
344069598 -700674890
852952832 -109462072
113478288 681215112
-665735633 -23619041
385707129 592965988
189529822 -512331251
-663699150 -314403231
31535013 -298787034
74908327 -712492006
433425951 -434015099
-817742100 -140591902
898174801 164655416
-50119803 -741307043
-901332481 822431408
307425180 979780624
209874853 629532784
99936172 -393724529
-239902508 57693786
710206886 -651447849
290316915 557910404
320366109 -889690563
-164878682 -763242780
-499642725 -349639328
553285789 -924550444
289447091 -794792317
-330139406 268326681
-342100883 616110953
-506438196 796365187
-347372591 309785255
-840566304 -921322509
54569270 -150154599
-382210626 -590035918
465575449 -575775519
526811609 -982312930
620599691 -326352783
242778281 965251487
260717727 -365393294
426176017 650403040
-111221906 937143213
651658515 955233536
-783972822 -933733856
659994372 -478549719
860115128 -303473746
-307320098 -36532121
-454885707 675733618
711470436 962081498
-302954576 -403847843
-117291144 -758031987
431901322 983117333
-498630447 252887416
-801566300 -850957535
450917358 529581155
213457209 998186363
99409736 187886164
430462511 -552986849
664784884 973912085
-355985948 -784216630
-37478888 845844241
-996799506 -588283717
-87259303 889023402
-643662451 866939308
262210195 307666730
-873329373 590868906
498339660 -681007862
387769763 396981000
600595559 -218710429
273117798 -43597844
-451012205 -546045817
342706186 -189143293
197711933 -166643871
-494510299 11559479
-22035330 -486218943
-631914933 35324400
-678650225 -875392006
777746702 809668446
-303352386 -186228639
889838705 -159057238
58056898 -880338431
-915687221 -134245637
157025003 -531383615
-311257058 -565439148
-451176482 -901660400
-279503716 -787811018
-102361106 -891165907
130936484 714144116
761228704 41585422
362514932 -695991102
455269614 316808087
382423359 217382540
-171634523 -867972822
352259006 707291761
723865921 -186663245
988679708 -138740798
-277038634 846164884
334415699 478628692
-916102244 259163814
264551564 -6846192
667941499 -322215240
-285837294 33605310
281885564 129737549
-738758086 -745208691
-694811592 690245456
-171833826 -889900808
516077821 109817244
-93596767 563589775
-471131090 159229707
712146239 825882634
187553674 -554506754
-468822214 -549805890
716958375 328236527
-236875765 374400159
-311179163 -465757489
6287727 47412051
837833604 -167720724
-692545140 455424503
913972337 404752778
921152658 -823722435
301343640 51598695
-572229154 137143787
-282796089 690200252
13237776 771298330
-736568669 -883753698
210889497 51615502
-541261417 -638439079
742574196 455340486
976444168 -241388693
-985399451 571515060
-496480214 -187378428
30274985 -333660491
-563049250 689222338
-903463879 71271120
-879848148 264747497
-573081665 86509063
-572619202 425419021
120691176 -251449879
460054034 64769921
-352426355 -794147674
-958564339 -650969502
-87715526 -629844718
756714174 159477499
613879681 -216610434
-335571711 -591316160
-820764548 -194166666
744363797 -431508277
74902242 -720402548
-491439539 -73375279
-97107079 -229568576
-454047366 749405276
-806477198 162657026
639998727 -992919501
960810116 -833499749
-133978776 635973850
-186820077 -721193987
-988925216 795098764
-963846947 814180921
-426620631 392216302
-366750325 -599845065
-814854920 -963879764
-404761775 243944104
-390611715 462663605
-899852864 -869494865
-246653218 886579488
989068802 45333971
-127699511 -22545730
-357256964 6807835
693346827 813742958
-401582061 888967348
381587503 -67615475
2310396 -614531038
656275998 366096776
135312108 -982724653
-516878902 612221394
-803260830 -22922392
-989428675 984626504
154271734 -722432448
-32634489 -748404710
775119744 -149642112
-703213869 810353389
433149407 -269937789
557141290 275070883
954159163 -107889220
390270790 683684940
444877544 443498580
26502774 -731952592
-422142783 910340755
314397426 -476854011
797420083 981428206
411369723 -668799426
-149754199 365934964
259033587 -304533124
-243650902 381311493
-729299521 775652415
573406574 -101617440
145392221 878995917
-347490977 -732850956
-897335349 182814345
-540455428 950677335
-552252848 -4869072
169404808 -403430040
778331723 -641975438
251338173 832407012
-433933149 325610315
167088502 -858506300
-772669399 -617937605
390701796 512823927
432566483 -758617343
-924290360 -811004657
1563421 -439876795
-120108222 -914119813
-661781440 -323075137
381275356 -333355377
-368346819 624716402
217259297 -834552365
-751095756 -423575074
-709751348 327924437
399375829 339183170
965825558 437308876
-371861036 -500721050
-3724563 -980702702
-946774451 -208596482
-362016451 -694346542
212671060 -905754458
876229120 -575731652
-172276160 968752147
-696747810 -586798339
644491091 -654068595
782308573 -113693050
-475914464 312236108
-750694470 -868425007
-547678245 -946375430
-623647528 885996313
950914019 -222195228
156782406 586985716
-107489979 786337227
407784720 -71796426
560355029 857669898
955810017 -434056017
210718273 274849792
725569826 -928952480
-539549515 -770583938
-218923551 -971655891
-40097436 757050894
-959460578 -760432604
-157040595 -893736109
-882576907 408182362
393954367 16809707
-376061442 -701395659
52724675 -972422452
6224473 879191883
53450717 -714017854
138573780 -562287294
636375875 -835318984
856828309 -875185965
236841743 70390138
655733526 -658582264
680651649 127416950
599094825 538611397
-467338772 -669231660
-100390674 -825404764
878331048 176284473
-415193999 -344065446
137390087 -914245598
-593283592 238865936
-126135154 -211692162
946494610 460302749
195669396 -516512818
-746922560 765061231
235869929 494517532
168576700 -580690085
374651438 349527499
-813225518 972359259
657015967 398987000
-540983522 933782366
-144394179 27317949
-824158197 988421936
-720126944 798385086
-68891666 943154084
989169919 677361581
132838805 20367772
930400981 39251373
621159542 682202519
-488268841 397903446
974748263 743997922
81499471 -698713665
787546043 -984260395
-330167112 895740222
792887600 -533919457
-870512696 761785196
-672468852 970632984
-285912837 -690524090
90625077 273756528
972147002 401022370
-443953565 797638178
432245991 -926962884
-217935071 707871868
-975841015 -374686011
-100647866 -509570774
827675677 907793859
321564087 -271497123
313722530 -437510328
89934645 -779401929
857864424 338263133
159570193 -794825492
211883061 549790047
941701012 -106602464
-855443708 696855771
-507331276 772596328
-150696687 -805647116
751241454 -177662454
-381233358 84071553
597442900 305400552
862287881 585852634
608174012 -917235385
843897742 -154645261
-905097037 790057555
843401437 -240046071
791166778 -282702788
825975954 -170968942
-32787985 436816346
230226341 -705101534
-763294519 -695377995
-546896859 485763079
-263466034 93621293
810558281 702331225
10556328 525067750
-571726295 -229532689
-711326710 -274094314
-404414531 371496694
-261901521 -162861688
378842987 810031643
576569230 -579489466
-677575822 -19054772
789247546 -873084267
374743914 119609347
-439975474 477079164
-448696991 -699700029
888514937 -487158291
689567166 418437230
214453242 411874315
-125399612 -528592771
-439449388 230857345
565017812 -58953125
29950434 -803495333
-929766953 -86590145
-4344400 916638123
817246810 583546987
838574488 -813815773
-976821435 -206358869
-256090260 -739197551
388335267 -10058646
308374031 -893100710
-528830719 463463268
-529246744 87483241
-667723572 -869526596
-58404708 507061623
521226078 448693676
255645815 -702663644
-934946607 719900016
-539077827 -363487022
-481498934 -644366074
-681601947 223352950
250226717 -863569735
-776987362 523304168
63454853 -742463572
-298732769 -257155317
789016827 596161227
-72689654 -479743074
-225319764 181759612
-950599311 -659229342
-393625921 -135845393
86182650 333539321
-459878297 214124935
-336913338 422554196
-825147492 30345892
2033054 362753735
-653161163 380485684
283145179 108840185
779080226 -86648078
841351067 -800808654
-788492185 264110277
-917124412 -528716344
-566583889 246034547
-439617995 -14234171
521944488 -476003724
740080768 361019685
465226807 -291788047
-135680352 -95316634
-757194459 154367177
-513477512 452004802
-230759524 -169318432
-820205724 104296076
521971872 -613605747
-414479317 -562039507
892230128 -607693717
-326416822 -623279952
-289465013 -880833226
-277847035 -493392724
635981101 951028603
-517708409 850287275
-210576052 -299964260
811477348 919204956
-692374731 -627324750
-356101568 647275506
118495372 683785560
195262460 -968412726
870119710 149246389
270971888 130875322
524265127 -296693918
-321758707 9484155
-197099915 407227295
156678954 448293736
918465201 246796256
-300489700 702043220
-307542446 -720430725
-24950716 738425185
-329864617 640692494
-37750131 -964794944
751530891 -670015486
456850740 -880950721
880776954 -327364307
-842004086 -253119823
424295341 600542153
156272789 732826802
-690840707 -642795615
224715704 -715727469
-339213631 28077506
-617613755 508666214
70918293 -563937453
119233049 -857445992
93785831 779417570
713126319 -729186176
-163416921 815899104
-766610254 -58646480
811517123 -514066088
629919525 229978032
56998462 732953529
-689120112 419616340
809153859 -604090818
901463949 255392039
-159172405 487917879
878370100 241888571
301500942 -513556413
228844656 -746159792
-646406357 147944039
-282029054 -675421350
435255308 -462338720
780645401 -758921656
646417482 466056133
-384468939 248259483
-16067104 153959300
-589693221 -790432602
819338368 210742662
364121107 707197992
148697463 -550267277
-700358245 966183401
282106237 -111449765
81389823 -941397152
851859246 -443599472
-623184418 711573968
-963537018 -32171127
305966426 149534153
528348284 64882794
-805833137 -678922716
98983918 613112590
-946129514 -527645485
53110779 533167792
-173510252 -481419615
-297656815 664778591
640291658 26388020
-846977700 -982664534
776661443 228673436
16032867 958093383
550779676 -909706330
-272480672 888470498
324495899 600520666
202566663 643427471
-21475839 -694039061
-844036034 660685948
385074532 737087893
276634560 -693488523
-304412011 -796584633
-778248758 259514688
-107388133 197052347
137325978 665881649
-629929659 115543239
-515471763 -147090191
-479911493 538337225
-229145679 331566767
-486890242 706237258
542877956 -353377978
266115285 444861668
637414589 -772295213
301104494 21636645
696380715 195810909
-305127319 -384841364
813395479 -623415188
521983206 -612681082
-359836679 282706985
970074200 -282098294
427589539 -84168732
786693340 -91869774
662319795 398512662
925937741 553554400
14348643 140643137
420620364 53003085
377738279 -501363429
335244072 473205104
-620384606 -677399231
892026089 418232340
917312333 -865931242
254592115 941070343
772282770 654560430
-402401776 5683260
-257543187 -480566772
-337636557 -52585900
-217950332 -641944431
317788918 -138490170
-274914701 866035173
123094421 -677187845
245960083 232020320
171372175 16387382
267499502 47299816
-119589216 297214968
-200212415 160444071
403301869 905086781
-387084495 965909491
188372358 -517421896
395891708 840903472
-633299361 13479934
-561420830 780442437
-825058719 254988086
663241905 406537496
206693704 434983234
939179283 53110712
-426016229 -26131288
901385729 943569498
-555371329 473190136
-277444623 -822745965
543136445 860685111
870817057 690337932
153517094 188719912
-269904746 -513508410
14778740 209613247
-812029645 -465737450
623888402 -504786436
-547790218 -741499578
-643936131 -552319458
-563181856 994985872
-269773857 865923742
323868919 425236236
-618158888 488654442
-249832404 -615774481
238508201 316217570
-178536349 14605432
507613368 784368741
-803407188 724496580
-978640347 472142310
443066974 410821284
-982791434 639635849
717588309 253741659
37213304 -710433002
-715697286 -802216716
990198045 -324305114
537982111 167181966
845941531 72483889
626894539 -170372659
800671511 -672487359
-494536399 -328073546
-948564039 -779968799
310638120 -907794718
296817368 -167874643
-194274065 -550707836
676220040 -98076712
292707085 -349879963
969518412 220554840
-878032821 646013422
-250593556 597882824
-311386305 754617274
681506219 -349297708
903834936 648061558
-591796617 -6276935
786343801 629065502
-968047966 -408368525
-371850739 -886695299
154171699 550700563
-806661311 900893920
85255526 185872948
912807204 892497207
53868917 960414711
513845899 606057764
117349027 996986566
218661839 -17420873
-674337238 929714556
-466810070 63892504
-359901131 -991833419
-667275003 -423351184
598287425 -626036017
906363850 236035583
501142650 -532736065
-970847802 285842394
125893787 -780838818
-873967196 -457336450
-235893060 414363863
313555405 699955905
-171555193 731247843
38535999 385601786
-901782559 529529891
329296946 624567399
388744209 557377726
253362504 997749898
-847798511 -98146846
174278932 -449727254
847187757 376903453
-449642217 -243162313
309245755 -639329406
55125098 857672519
935166284 438587325
213193438 610747231
756599436 365560793
145923309 1700530
129519371 831316328
859076534 566833988
-88349601 -745134002
-199888486 171447350
-865835722 -105898927
-765156079 859211347
-555776669 -659784880
-763550407 -742698128
455231045 -557169504
515843490 -290850346
73312915 -451852510
571502706 -660661115
553839262 2411022
-559057617 346961070
452529702 260151797
286948064 820793787
-211004901 49056587
-187723165 -22204384
886047718 225012676
162899211 209603082
991229928 -407908200
-692593463 218682910
-720786046 -415416298
-945709829 -402676784
-598513348 622365462
662454680 -860726709
-6122257 -789533606
-768049388 926131833
128725667 -614712915
178583035 -261055752
-579339784 776840651
86367981 396281875
-191575886 -919887735
-964955760 -790426391
319970728 -929596106
345989991 101156838
379613821 -140831768
730959879 -533451893
-34627006 15824142
-84647200 -457628866
757572905 -373407486
-979400679 581084583
721401373 -701496698
-542484395 212566333
310175399 -478112645
519680147 766660583
397745825 622400422
700100671 656959551
-813800579 -380229771
-520380830 -352123778
-745459178 -980484244
87921217 -176746683
423975834 63988802
-4612154 -993843054
-383146609 439962570
-518455662 43359414
240932232 -917017504
645399423 9860104
357232209 -740333790
-496329319 140174777
-483684308 -27211587
119245937 -12479786
-580289748 -293876812
-637931448 -492958673
-756163160 -622857052
120966909 550115189
767731455 -198022023
-473842553 -871884069
-534256576 -391258402
-757369802 -893507246
-338504058 -915464331
-65270665 -138032796
192633269 -208666655
419190700 977540607
-561597962 714013391
-857203965 -75818472
786637087 304391895
-645200973 37162439
570835410 -152493678
333550331 -85750575
-741298564 -229415719
707315168 106324263
-737710813 266225020
-160744287 -233542221
-774919590 -339337060
645262862 -754312537
-625934769 212230033
19842708 721862982
155034310 -201878308
-83346164 -943707187
385933061 728379299
295219904 -481631363
276278410 -103224073
-361461340 550230717
317644959 96693679
675781729 31761882
498574692 290418731
338475692 -680077150
-421545562 579276942
-282765337 -428727908
-197900550 472074200
-45130983 -269760315
957469412 -155200878
459521244 -781593272
-32063949 -178879015
-523657313 -282361978
-304558076 662720984
-314239201 977754561
929895206 -650445802
153742592 212257785
-562188859 670656034
-265888476 140309028
-32223032 304349106
-619895084 -584369018
-872047904 -474965069
-375432218 399321110
-391213775 -654650857
-221433520 -546298344
526747575 47857630
-527795615 -928073168
715624427 414462899
-535310515 -138230897
435622174 -507131026
194396703 -593613063
3433915 623526993
-371267424 -371588480
99757085 630118106
-366365213 -380404669
607008214 580924524
-836219621 903354643
-503855619 457719842
176438566 -105979516
-158204134 -714800095
628154009 -831099127
-887526719 664439469
711777629 -168385669
-805743544 326782315
-628381931 72866805
938073070 -970342758
589073107 -636191781
365216756 -324965590
652015379 -854664539
686106550 -385114335
260719977 532056324
-649112914 -153247963
150588042 -135654056
-299239393 -871416225
-943408972 -291149752
709192787 360664550
66944929 -986821723
-559515552 -847555141
811612054 898755215
-74623778 -255905016
-283487182 313690305
453116625 -181436526
130653473 -971550953
131111934 419440318
-696339053 -218586797
-893265015 -262076398
397201747 873101667
248121678 -266924751
788533286 59178645
-575329344 689524044
216968217 -421748286
496737503 -796537379
-380269702 -345679701
76323741 -887609608
452351042 -294690496
-120564295 148717729
-344049782 -717053572
-85961489 307113175
-640693139 -50763407
-44022499 827276837
355193666 449033301
-368139682 983479272
-241108213 -778654789
-288036989 -663761545
-887867603 -941875829
326340608 -852988799
944538547 -189933019
997030233 794643754
-466367855 -197248151
856421588 -92294931
933438996 -470214818
-655130276 -298367464
-43859064 -697205431
387097168 349050167
-107627241 223583573
-293886575 414593903
670925931 -447395497
-971522649 -509758176
-233522527 270770162
525429290 365118585
-477992688 -704452438
488206809 239413414
808203488 -270780619
-143830630 319429047
-298888174 498505231
86116157 -295401292
-610116125 551078122
745730752 -205055292
250564067 -262265549
-277631323 932332366
-380887965 631572814
-609184546 -536157088
-862729582 424567533
-363310017 -833383404
-633118332 648086400
-140138926 654818087
-600927264 268610346
203670057 -879030912
-814135269 -601352854
45131553 493618846
-386262357 250629582
677571158 -638613476
125802374 853856227
-991561815 100447354
-370167016 618037104
540110871 -57158571
-937432387 945190461
489684479 530372356
770505177 541137386
287140846 -606409123
215928869 -877864124
871782199 707712922
-504950377 742192745
590743208 480498954
-404541460 296432608
24858881 -208782334
669319855 338755426
-963620840 -67997472
-671446491 -938857527
431139026 263116412
-868772092 350347395
217261530 -467511460
-372104992 470873870
-846791066 687699772
-585509158 177016586
414625391 542909992
23166454 294960351
-883075275 -958128089
501431484 -293791156
289885992 241828049
-596405828 624968372
896732941 461279040
650690187 -368401929
-683720397 -692871927
502786284 697735320
-38702217 450450363
736925090 -584472901
-844275408 -246769696
615676113 754214596
42192498 71289249
-316837799 554664354
402036298 470730972
-417849157 -585813439
-5290120 -869021334
269769717 347080041
437542611 -959465931
513074060 -449468084
415282038 655027957
687694131 -882983689
370684810 774689002
-964402548 142147351
-437268510 621304202
340067925 316110355
674754380 644802871
-400056498 -182102042
-636937047 -744932422
40518347 -48688261
384111345 829990712
141207505 984423990
-568698456 736301578
853774305 -991697270
-817594701 562928927
559413892 -508532383
624986446 -380677631
-250984351 710874799
-634565744 -559571017
-936820815 928507157
-490654308 37947284
457669878 551114219
-830750073 -990225296
721865873 -465843132
39549049 278128810
-511167032 -129234629
-627323662 -970744923
48040005 -225581876
-818500116 350795131
-536025230 377522354
519465496 -847499150
-913755531 33451140
744842325 -289620405
-742826966 -329697460
-37781079 -958862512
535201613 -71457430
-800483268 791032287
-903816884 155130800
770240897 180374661
377335272 705376807
-341170009 -140618965
-557163412 -940287205
-847043485 120426016
-816441007 109092622
-102528057 670556322
-133693306 -104001190
-616529930 382344705
485696795 460912894
970440511 -873003018
-354733686 682926928
-428554448 653953556
-314009288 343919616
654085230 452689926
-21626508 109141977
770660009 -937426705
933763154 -769258276
-191514157 164711791
19052910 -174482310
-351646540 423791062
-607255623 309302574
-233701408 306100793
-572517514 -872748248
-314623734 -74321971
-493946918 907301626
-317159359 -591244174
790401856 591548889
-4098152 -710961448
458800850 -866982380
-656519724 820199398
86129407 391729858
272783758 709996576
-866108219 -667169504
486292016 468982118
425503552 -323662510
-242908309 786660269
-880672372 677717897
35541793 589472574
-167066495 -361890048
576036069 -354655707
448266842 983606197
-444741731 477254517
-901144179 531698616
417996352 595627425
-423431718 965986297
162554750 335634335
-637675098 519585265
333633188 -207331768
480341127 566928233
192377791 -815718444
-891542916 -296158691
982619960 941240899
-367603532 463588487
808126140 530312088
955564170 305838061
-940156188 -203421899
-940709011 906084582
-725942675 -556124615
-971341862 951429651
-229009081 394733366
-967343162 688802718
-1829638 -615960306
383322283 -530975568
-797499166 -342745302
459702740 431749392
-750138554 468342625
962112954 -710199305
-138105492 685458102
124722172 -854703011
593844868 -215164730
607571792 913859712
394199547 -834866581
921512300 202601902
955000164 150242634
249168050 -312643924
-490910425 -757388248
724056821 98307589
475538813 353187724
135247296 -52531053
-522457023 -204344178
349893972 970385763
-128929975 544510586
720142383 -425437240
788694739 -388240572
-640929294 -630814796
-527929662 -844935098
-676554522 872202214
194442464 -84886601
36516587 -265097659
506203753 -435778310
-563909213 -506839225
-238480057 -791743312
-967159510 -760561760
-436911297 814954648
328455486 930835791
779310745 879311053
-67866491 483082502
988742357 135091704
-207411244 -986885325
169473763 391842151
-11364334 -348186707
-967658682 325911414
277059500 735403403
-356195946 -159505362
-503554741 61354901
-291263602 -549929111
416457480 323294273
805952723 -26780057
75234311 875656568
-835123733 -3155875
-579850316 -437766271
447101530 -848172378
517300364 679288397
147182616 729597165
-854709815 -631431312
160918868 -700350148
-30099340 489014335
-54563211 361151697
281823240 537279236
90757994 879157402
-145986381 778580924
310545392 482518728
696163736 -405995110
-748073966 763037921
-987504554 -820201915
-68739786 -62574813
-384120727 -770887478
-455260743 309053025
-50679104 607582941
-642148350 -35488260
-657412189 -618377343
54296225 -170100650
701500989 -95776895
172991771 -604710915
479280401 913360864
-979010250 622095315
146949080 -655559323
-891244183 493804945
-680376717 -499084712
-566955520 320761010
327473198 -511724318
-289724418 -466805352
-154613580 -460224433
-994176481 326156922
-160810553 974550578
-513658843 520304600
-806700377 -182375352
243055944 28162910
-583898115 -85983541
-268514494 163409876
-958960856 -104096944
359627533 -417346289
-973378240 -808833275
-906226381 -669927660
-151942007 -165440932
-228025253 -20582584
850159245 -982132573
76386492 517398388
-762760274 -166870890
589334421 534022158
4359536 -307565160
-913019135 -637985164
655796049 763249925
404773026 890693687
638615796 -562117455
234106442 -384772945
-677433268 496562110
978016463 822539526
978801237 331199474
-379256227 638167027
478387389 -958177672
133812359 889823783
358559281 503120128
-848760619 262101886
746133584 -433037622
23179629 -776082265
-939199245 -959321995
225816874 584233130
725361480 803259303
133099092 235817552
-809450207 -159972998
964303340 -50883799
-874288668 350878014
539112858 -704528276
-567566389 -276948642
-73563097 -765851417
-998031569 525957767
229909590 324947340
-397458817 -380128080
161758669 -975510391
656864738 -233821737
-899163905 237861890
285500575 344819427
54129243 110377663
-276603470 -7134073
-750602911 870309770
-708262968 312276559
531046298 148342959
752297472 746445911
616727573 -883294619
-899397372 -583098435
-326508999 980800115
583296919 -84312117
-78933206 356614238
-878142315 -635029603
721140826 -171697756
-213029402 791795949
416533774 -181913060
581304790 -722478381
-645557164 874879552
-43714595 -936163458
-2861582 -641266096
115786446 -263208730
-979805884 920984970
-258667336 -435932366
284785301 -733427907
-359590974 -794213521
-61118009 657536
306979771 544936618
-74031358 480777752
-843401498 -82650190
680215249 157483355
630815809 -671059246
-359935574 711071136
-801617552 -746307226
279318453 815723975
17643350 960854110
572239120 510724543
775013998 -838468341
-528411777 -784824801
-438837571 717690671
698662468 -401085534
862384176 382113132
130948991 -175901377
467004332 705786481
254069213 -924474874
231764258 349998350
756985214 -674501718
-40749229 619491772
-42850298 -114240690
747691285 -840421946
-156215912 468403091
198987987 -762870719
-821726144 -938833167
391414876 709742204
937856509 543150533
272264837 910584275
-252484498 -528235122
753663583 -505693256
-20433039 -256590840
-50012450 528634567
991844476 -602724396
763110275 938382623
-730361896 399025401
326992372 -527393712
985910386 190247456
-998190661 -860052282
-154302683 44212381
-293768438 -292436783
-216547470 -805238929
-908764221 32883887
-407872135 673111750
-654304890 -791623660
279132913 319775806
-430950107 -52459975
683216565 755064064
701061936 -661246959
800600086 -805428578
-925679500 476945167
179404302 -137606049
-397594793 -552807999
-669369490 199697131
-26676910 -311371149
423099257 -113429145
-55937317 153921995
-281002407 -914834630
-614489955 322170614
-868021259 828532970
-186238160 129029131
852766035 910564602
200879547 -968737025
999659296 -880398535
-377352759 -108619444
-313725494 -449654587
980316717 -553507949
617759485 -598211132
-931930583 -545931883
231051789 320367304
-131960948 372624515
-784035339 -654940094
675454827 911526285
35696291 -283770375
704389099 -535167616
937323099 -211615038
-973046947 -249319295
-383015335 -760399702
629975772 -250023211
-796502872 764144657
719430372 -871292895
537932826 -775170266
-850424826 -182978384
708728316 451337972
963607106 -987150348
-960128084 867573369
944367152 -14285548
424331102 599572465
-998560254 -514733614
-871783278 -131514541
93629020 -799907263
-676167295 -644526870
363653659 202045025
-88018443 -725569940
699587 362881985
-632091703 625125138
-863679790 350042748
-510793440 382876994
-904200867 843878971
882339867 -738907385
-289010675 225341637
178197766 234641681
-568895818 206101096
906980088 678792881
-848763405 -837769334
-587433880 -521714371
548068675 -574041810
261418768 -467073364
-599610549 421706508
348281374 950068466
-481053204 973264603
-191461827 872637466
-887633118 33725157
-520677948 476628150
-175988680 510694736
-870468697 -991338844
783223150 549496355
405685323 766611085
-937493038 959222370
-634144165 13463821
700008883 421912663
681378381 624445618
567079413 61930471
115533886 -581252130
263508285 444262650
169207910 900178759
-292780195 257654543
-261981414 726296695
287745125 762496472
-192545358 -438933864
-317259961 544544309
-144637524 -841095624
-793373848 -835126836
-26138143 -571587765
-193434404 188793726
-835625265 33609255
-340932867 90149126
269254001 -982923208
549561731 444955323
-477011723 200730322
129819517 -157883306
71907621 95976307
-771787483 -174832840
-546276286 549899467
-303494146 -557568934
-766483759 588451259
468802020 -245020038
-405839562 833254376
-426045494 -224061354
404980032 472761193
952729345 911608461
-141159440 308483423
-654921030 191719806
330231359 -247670321
323456218 692909956
-641658281 537339277
388764975 -724305810
273147471 204626309
366522598 910930189
519155020 720861033
585677869 448867598
-840274050 -611778496
-451482928 744581780
-198784495 338087698
416983711 79579351
530393596 403154401
-114599297 424583917
-884597317 -429994687
-941495722 867852379
-703608140 276215230
160017727 -925386899
62021658 -829946540
-422487883 -419699718
435795542 -29538181
458620308 476189460
703501103 -57972610
-65114966 -196899686
-986680268 348958750
-572313628 -807140272
-99825074 248717967
757542140 156634453
-113164732 -612518984
575489822 834549907
873642350 -174781567
444091116 -401798376
-316252727 304621636
-264073687 -960487132
556539731 70796980
-624002258 839797709
142982215 548993144
320981183 -215064373
296120554 -157916245
17762555 26596326
660019352 -26371970
-477290203 991465651
-106832308 607070290
392786116 4331189
456572622 -255520664
-96842866 356004722
-879056416 776745509
-680162865 -270726918
332143396 877845407
-479655045 535667647
-749700335 633024084
-931113237 319533670
-559545879 -688763523
833985299 21082828
569563255 389419626
459479599 35764816
593827673 -427264779
-613028062 208739724
526548846 440127614
160907205 -341211020
387996170 -551941069
-340064325 -240316859
-264826584 -716204871
89514643 -604801933
-148742607 -244403710
391887782 -111092292
840417764 -166253263
-780290131 3662827
-138162399 -310158365
-756239647 -162393791
619065127 -557638165
608645371 -571225688
-547449477 -856123490
890322765 -21419858
-280546970 636699088
368994598 -66737209
-766853692 -835140639
-548232733 137361602
-765335522 -975995843
738456001 940700247
-471747688 111638358
-773468887 -921420361
266355386 -962911445
-713247274 372290019
870490175 -786534722
896607194 613830604
623165661 -313498938
463587535 -796294754
667832824 755333157
-975793249 546209998
-320636619 788322906
702256573 307198490
861215777 860625230
-942389336 -241210464
131463122 -314584169
785837845 -748215586
-804968699 -392111113
-593859747 540442129
-860044119 885733403
-242565532 55593459
-632308940 -977496783
95349343 -945256525
76818723 379389694
545033509 -635277171
-528033720 500033042
849245230 -783288237
484595498 -371519938
-32165679 -345164819
-457853827 325646555
-884673306 -718011905
543679314 -382869297
380968978 -435316540
-207396868 90761520
260389059 996916845
-955780211 -287586292
-657059986 -570603802
714786203 285736573
935811453 234536711
491418413 492125825
196722874 25906709
-980490540 -26740590
274426756 261611036
-57819086 -343653846
-647429711 -776580070
348012080 575325913
929184129 973475644
-120869812 -596442324
242529389 998950910
-431268144 -822616518
612568600 178763808
93035531 606121991
-605479339 -190951509
215440042 -669613026
237580918 -909537511
-501783889 428112371
852008008 106583216
470058020 -557786983
-943281393 316308732
-392094339 -245827769
-384280279 360108013
-724550115 223238817
-688471037 31962521
-858468828 631865149
-87807270 -463363973
-829281617 -268616453
714342996 -816251676
48383341 -853641046
430375554 -634094700
789233658 49121691
831237768 464672988
-568453863 -410697887
-164758289 -271579765
970681628 -498112043
-73049685 -225453499
-279540441 851722628
511992536 926181804
285601479 700129601
270085930 732310723
484445787 172966834
727743042 476009669
763683443 888517567
44288898 -944270962
76384503 942479393
-358888354 308163466
-2920124 -214683041
592719646 436206872
190855088 156475350
-138173402 -343521816
-825301646 -186415737
626707010 594202251
-266406885 374978110
13607786 90424168
-634975463 -961260701
-993037631 -584570940
-686780715 -542312924
-240804655 911514606
342050639 -198515014
292826750 644100098
143023213 -849210759
149147074 515417114
-752227749 -788352943
-233716872 628453387
977857921 -867976513
-612699152 325071777
530270373 -334880685
-171594963 602596188
-69088796 526447045
-937819465 -323135794
-794253776 784789036
-815307155 502539088
-530450931 735212086
525777388 803364712
964629617 -670098948
687625882 -444337253
-973669196 39830242
