1500
-546957355 -1000000000
-1000000000 -739069880
-744294348 538847016
1000000000 -496806989
1000000000 -403906190
565859680 -424977400
-1000000000 -228132785
621027186 1000000000
658245971 1000000000
1000000000 821458288
838549242 -1000000000
1000000000 -541799400
215040839 -753494292
173056369 1000000000
-245717212 -441808712
-760472420 1000000000
-663411524 -1000000000
-974774795 -1000000000
1000000000 -737425039
-1000000000 -555282347
647121044 -655548086
1000000000 727102213
-456645712 -1000000000
1000000000 970096450
541704018 945984939
-201944111 -1000000000
-411600424 1000000000
-1000000000 868956004
-1000000000 993426838
1000000000 277115367
447642460 -1000000000
-1000000000 406663710
-578610818 1000000000
114261684 -1000000000
868002194 334555666
1000000000 35903001
874980459 210499327
-935902035 -985025434
-508379493 -1000000000
-1000000000 427619880
-1000000000 -647301227
363719422 -341920960
-371139016 799070771
-143279790 -719520860
-1000000000 -425374546
-1000000000 -651272629
1000000000 689398394
276404517 1000000000
144901790 -1000000000
492861785 -1000000000
1000000000 -682589765
-1000000000 347223369
1000000000 509325310
206169478 -1000000000
1000000000 -525930442
-340297623 -1000000000
720913211 -1000000000
-1000000000 350276130
1000000000 190228129
796776442 -1000000000
1000000000 -259192925
553548695 998610970
-1000000000 1488466
524904532 -1000000000
-877148604 1000000000
1000000000 -478934285
839278897 -595654815
-1000000000 -771107093
854984342 -1000000000
-1000000000 388012777
-309226830 1000000000
753325478 -1000000000
-473676866 1000000000
1000000000 -425604456
-315855603 -1000000000
1000000000 954876348
814493413 -113885511
408885521 -1000000000
1000000000 401026937
-351991030 238898445
-504063240 1000000000
772248336 -1000000000
-665854924 896418919
70489328 -131817646
917425996 1000000000
1000000000 193798276
-1000000000 870815438
-1000000000 -645004472
-375822166 911713398
1000000000 -41933510
-561505509 1000000000
-584332525 -1000000000
133133731 -1000000000
-807865417 -1000000000
-148925096 1000000000
409060080 -1000000000
-805673670 1000000000
-1000000000 424049828
597259123 -1000000000
583547284 1000000000
131843034 -1000000000
883980694 -1000000000
971445099 -1000000000
-1000000000 129924917
-145332491 1000000000
-639095920 -137946692
-1000000000 746798131
-1000000000 -666345421
764901281 -1000000000
-1000000000 -723289263
1000000000 -644150495
703354471 -1000000000
1000000000 717268915
-732972954 -506891706
1000000000 -582714177
105589085 -168359207
105866398 1000000000
1000000000 857971269
366815751 -1000000000
-1000000000 963253770
717537657 1000000000
-1000000000 791603921
1000000000 -825049694
353815663 -636655685
-1000000000 651438603
664272420 -1000000000
939416800 -169619314
951899254 -1000000000
264426013 -1000000000
-720716742 -1000000000
-1000000000 -19720269
-189334031 -613456737
960606293 -1000000000
-1000000000 -281160963
857690048 -1000000000
-550496042 277169959
1000000000 91887082
1000000000 530562076
821838427 832005337
-527248432 1000000000
1000000000 363788769
1000000000 998346598
-1000000000 778988585
-1000000000 -817829413
-808446020 268660045
1000000000 -152918332
-804606902 -1000000000
422185164 -1000000000
97686209 2518187
943969303 1000000000
28292086 -1000000000
-985276155 -1000000000
268347779 1000000000
781202920 -556751571
1000000000 947274088
1000000000 952530758
-1000000000 -523672385
1000000000 -251760432
-1000000000 -988620955
393400860 -654509138
444859965 1000000000
-757864428 -1000000000
-1000000000 372845996
-1000000000 -858958729
268413591 1000000000
-1000000000 864522619
-1000000000 76216390
947670476 1000000000
-1000000000 243157293
-952566119 -1000000000
495316077 -472510573
-1000000000 -319759238
-115547562 -1000000000
-819519935 -1000000000
-486288720 342833720
1000000000 986871818
-622570685 722324696
-565745693 -1000000000
-744275390 552014572
676246849 1000000000
1000000000 -76206749
1000000000 -639163939
1000000000 831204922
-238989470 1000000000
-1000000000 764877702
1000000000 639243671
-573559067 -1000000000
-644010024 -1000000000
396073957 594445618
70851459 1000000000
1000000000 -731084576
-1000000000 -190761641
108331417 -1000000000
451348510 -592941622
-1000000000 660531538
502657451 -1000000000
243871900 1000000000
-947895655 318935846
12230962 -1000000000
-1000000000 968550035
651435853 1000000000
315486357 1000000000
-1000000000 18514926
-370884022 -640562951
1000000000 892476913
-106188237 453042230
-951590930 497748526
986286597 -28617974
-376687775 -452622220
-795720840 -1000000000
354976504 -367638799
62497262 -1000000000
1000000000 332033021
-625412288 1000000000
-205196375 30585318
572928460 1000000000
1000000000 -679844599
386716113 1000000000
-713669108 1000000000
828032896 -1000000000
-163497393 -289509126
232867771 1000000000
1000000000 86724517
-492776952 49136035
-566734498 1000000000
842785741 -357084625
-80131750 -1000000000
-1000000000 319541533
-1000000000 -808793430
1000000000 -724264086
99335508 -1000000000
-717809027 518965433
-1000000000 -54111514
-360449639 -401940260
-1000000000 -801182397
-824123682 153220191
940208937 838454465
-1000000000 -834861351
-262183693 1000000000
-519600235 1000000000
-621855405 -1000000000
261327157 323393850
778366521 -1000000000
-909046025 151839510
-87631735 379211792
-1000000000 -432729766
-996486181 -1000000000
-1000000000 -115864227
-298735698 -256256669
654504226 182656454
31727809 -1000000000
1000000000 -101421286
-1000000000 -531540300
-1000000000 488006470
-239100606 -1000000000
-944786354 -639526232
429260956 -647015404
-1000000000 -898538976
-72566956 259891541
-1000000000 923929216
-544723802 421012711
-795910336 769203214
-1000000000 886011514
-1000000000 20858293
220460982 -1000000000
-242114484 464544742
354652477 601305935
1000000000 79196846
-547907901 1000000000
574218120 -1000000000
1000000000 793748882
-1000000000 425261365
-864735158 223649775
1000000000 -984799283
1000000000 670217307
289750308 -1000000000
-646537122 -1000000000
-422503439 1000000000
718897574 1000000000
-462891954 -1000000000
78730730 863269847
-1000000000 608738858
1000000000 -799874465
882712618 -1000000000
-714323075 -1000000000
722201697 -1000000000
-491182016 1000000000
-909756981 -1000000000
209171294 726913912
-879150756 -1000000000
197625663 -955324748
-1000000000 470484076
954413947 103975200
50612201 -377670461
-1000000000 601845111
1000000000 -890126491
79105161 1000000000
-1000000000 605249882
331153266 1000000000
-1000000000 693421796
1000000000 165100177
625611427 878677276
255522459 -369224909
-90150965 -650802327
-282668670 1000000000
1000000000 94804122
-421370024 1000000000
1000000000 865550966
-1000000000 -787956542
1000000000 66050981
457363787 603256941
1000000000 731000671
821411075 -1000000000
1000000000 -204280915
1000000000 123277007
131413136 -782570218
-1000000000 508362936
-368131761 256817993
1000000000 -465224559
-1000000000 222522605
-1000000000 391692709
-415871524 1000000000
-253672534 129746115
90589379 1000000000
-1000000000 15476507
-1000000000 231890256
-375002967 1000000000
-1000000000 -211946410
-140280548 -373965410
102751048 1000000000
1000000000 -918022571
-624264593 -941260413
1000000000 172503480
-104440770 -1000000000
-51452037 1000000000
428304677 -803980579
-1000000000 -896458787
-1000000000 -763217474
1000000000 704454249
3313048 -1000000000
-848108950 -1000000000
-771412365 -512777046
-106813266 1000000000
27501318 695511027
761637108 71353359
1000000000 924998679
1000000000 -643620292
-403458002 1000000000
353318237 -799246144
278234613 581495132
841644566 1000000000
-286271734 1000000000
-1000000000 -509857655
521496760 -1000000000
-510588510 1000000000
1000000000 984872469
94015085 13922667
-589984063 -1000000000
289866411 107786563
1000000000 600354399
-317422887 -1000000000
1000000000 -338870007
1000000000 526845821
-1000000000 -4887523
846092654 -722536767
-1000000000 -303446216
103528180 -48381295
-644740655 1000000000
-1000000000 850568335
-114076205 792870786
-332380404 909585269
653562696 958173717
-894409174 1000000000
1000000000 188049393
-914337791 994829023
1000000000 -784826426
397483266 -439720440
-257936364 -1000000000
55944479 1000000000
-444682401 -1000000000
759559788 -220757995
1000000000 630475694
68496002 1000000000
-1000000000 -40610959
716225823 1000000000
95454302 1000000000
1000000000 -903542399
6756333 843555408
958072071 1000000000
-39410870 -1000000000
1000000000 374705501
1000000000 333591972
-1000000000 745675355
-226010628 161703982
-455483909 1000000000
1000000000 -327955403
1000000000 439003440
-1000000000 457106033
-58609246 1000000000
633605036 -1000000000
564303963 -1000000000
381625494 -1000000000
-228319836 1000000000
733542577 1000000000
1000000000 626831771
74907511 -1000000000
-570713924 1000000000
808992208 249571661
998988007 -172839700
-330237353 -1000000000
420922354 1000000000
-204250602 430373465
1000000000 -992781769
193116892 239824386
35095097 951453014
-865683707 1000000000
1000000000 500242141
-1000000000 -185289714
-548776768 -1000000000
397625127 1000000000
-1000000000 -856710331
12549171 -1000000000
983794321 -193195250
382088300 -839740854
473499867 1000000000
981226697 706978036
-59031518 -350438236
-918278739 345288495
-1000000000 -501507907
1000000000 -635414347
1000000000 457994535
1000000000 -233155151
-1000000000 -41388761
-485709913 -1000000000
1000000000 -139075349
1000000000 -776996522
1000000000 -939263400
-254102071 -1000000000
-891364261 1000000000
-867147002 -184148135
-904539862 -80616122
-374524274 -1000000000
1000000000 362977958
988862204 -1000000000
-38688275 1000000000
-1000000000 -49451785
1000000000 348497520
666164746 -372549637
313090696 -1000000000
855054289 -1000000000
-1000000000 563355681
751197291 -1000000000
49614108 1000000000
390741190 -972491119
1000000000 443662363
-182690081 953749821
832310778 1000000000
-627756915 -1000000000
1000000000 -582528597
504790912 348494905
-1000000000 979194216
842036117 -1000000000
-1000000000 -926381604
296840051 -1000000000
235641828 1000000000
7860347 -1000000000
1000000000 307445870
-489559478 1000000000
-704973562 -1000000000
181015658 1000000000
36767641 1000000000
-89132491 -380816374
1000000000 -619098548
1000000000 -216726338
1000000000 -925699664
324343303 -609130077
1000000000 -300823310
-1000000000 387970202
-1000000000 235577301
417023640 -1000000000
-449889818 866482985
1000000000 471146804
-1000000000 -455884668
-875731653 1000000000
-465310985 -1000000000
258856102 -847190666
890760555 -1000000000
226394353 1000000000
1000000000 -374958912
-403513231 -1000000000
737596668 1000000000
-870442467 842895088
503274531 1000000000
-1000000000 420365951
-1000000000 527554714
-1000000000 -208161640
-5911857 -209864981
293874835 421933106
-1000000000 -746544119
1000000000 -71395025
1000000000 244005893
42555893 1000000000
925568215 1000000000
1000000000 784541931
359108227 -1000000000
10021213 -1000000000
676462440 -1000000000
720100912 -275845800
-1000000000 453122160
1000000000 787294069
-1000000000 -833553814
843097931 1000000000
252618009 1000000000
-759297751 1000000000
-705759313 -128735159
-526683010 65637901
-1000000000 -453948045
535301924 1000000000
-1000000000 999365412
43519333 -366393951
-994186506 1000000000
536302742 1000000000
-583102883 1000000000
1000000000 93203689
-603107657 -1000000000
-871050637 -1000000000
1000000000 -209457244
496335028 -1000000000
-813167631 522975158
-942043302 1000000000
509108799 772335636
1000000000 923028712
-1000000000 -214003528
-849080895 -736107643
-1000000000 765255311
926984876 -1000000000
-445822501 109217701
1000000000 -292008299
-660780407 1000000000
787614345 -312792429
891139894 1000000000
-476582681 -88800609
-710314060 1000000000
157738213 -1000000000
1000000000 -343522477
881176223 436108861
96306844 354949639
-1000000000 -232644784
408569757 -602062536
1000000000 592553015
-1000000000 664971986
1000000000 117500231
672143894 -121568246
497834510 -1000000000
-1000000000 -209138144
-1000000000 -491335721
1000000000 -408244435
199470785 1000000000
-1000000000 -57923574
777400180 -1000000000
-1000000000 322859258
-1000000000 69832361
380430500 1000000000
1000000000 664961246
784851762 1000000000
-415840602 -326072565
1000000000 763731851
-1000000000 -145489671
-1000000000 374462478
-1000000000 -541625017
-1000000000 -174645898
-261879208 -781898526
887871611 1000000000
-217370050 28983137
-1000000000 821400429
1000000000 786590233
71108123 -1000000000
470910426 1000000000
-441668739 911193190
1000000000 137427675
208023070 -655285593
593451305 -741513595
687077107 1000000000
1000000000 671102074
-1000000000 188228312
-903620266 264699746
-1000000000 -429264865
398923436 -1000000000
-1000000000 -127796657
1000000000 -425366376
1000000000 781523302
-1000000000 472105448
979421331 558032440
796088084 -322555521
7822368 774245717
-1000000000 672098419
-569599328 871546800
451196216 -1000000000
-403367664 1000000000
-1000000000 -868270548
357081091 1000000000
-700173435 -1000000000
-1000000000 -168874933
294724590 1000000000
936720022 32063462
-532925661 1000000000
345736000 1000000000
-486033844 -5276679
-5845563 1000000000
-1000000000 -268438847
625698479 -1000000000
998398183 -1000000000
756348982 19710831
-1000000000 -96334871
-798523784 131907641
160618540 667230211
-1000000000 212172458
1000000000 216748867
418200633 1000000000
-212151665 1000000000
876618692 -370719553
-1000000000 506412527
382976138 653397617
-58663240 -1000000000
-1000000000 693732463
-973098666 866596876
-1000000000 376019908
43161453 -1000000000
618999879 1000000000
-634487417 360438875
660478720 -1000000000
-878449450 -1000000000
-1000000000 548662421
-254492859 -1000000000
1000000000 -435692237
46702020 944102741
-788422610 1000000000
-857010614 1000000000
-559908782 -1000000000
661661345 -1000000000
100494843 -1000000000
-1000000000 -399611425
718169782 -73526322
228377146 1000000000
129795511 881495042
912261192 -842622037
-512517572 1000000000
652199344 -1000000000
-676077496 -858540024
-926265648 1000000000
-1000000000 -847271554
-1000000000 972978586
-488569529 1000000000
1000000000 358685283
-1000000000 -815465105
-137103800 1000000000
783744236 1000000000
1000000000 -57624820
-1000000000 -578816656
788414790 7364707
-703373225 -1000000000
369363258 -901429934
491524258 1000000000
988736298 -420199356
1000000000 538952540
674036362 1000000000
-1000000000 830013507
1000000000 -690518555
1000000000 -147122098
436333851 1000000000
1000000000 -255681026
146451713 565847741
456171359 1000000000
532001046 -1000000000
890064419 167620704
-908866792 -952766503
-1000000000 698958278
-712703635 -1000000000
-501738627 -1000000000
-1000000000 -333645666
1000000000 294968437
643970467 -608644955
592655341 632070677
55247235 -1000000000
752414606 -1000000000
365027906 -510936351
320408296 1000000000
-1000000000 660238670
-789398116 -1000000000
143642747 -336482797
629537055 -258245979
-1000000000 763134827
-1000000000 412782798
-54328849 -973171559
-134913313 1000000000
-920972522 905023113
1000000000 839311037
-458287432 190786732
298358953 -1000000000
-163409399 416113264
-508711888 124897061
1000000000 -658024227
-1000000000 710885456
663479024 -324277178
-1000000000 743631913
1000000000 831009176
514649454 -1000000000
-849767108 608859386
8749471 -735900604
-1000000000 479247722
514233166 436013608
1000000000 750487696
99160050 -992941081
114061314 1000000000
1000000000 -374376614
298459572 1000000000
-1000000000 -294341314
-260132958 -267682744
-584019933 1000000000
-1000000000 290565499
778847134 360236440
-490395950 -1000000000
51606581 1000000000
506916099 876512173
264676963 1000000000
776826202 709852127
333778286 87240957
41064520 1000000000
1000000000 861371203
-1000000000 -166341539
-480264246 -834003220
-1000000000 124535863
1000000000 66314400
-66847113 397046292
1000000000 741306264
-75735173 -312747901
-1000000000 -284976191
-1000000000 439997066
-793758195 -1000000000
-1000000000 -811407064
-1000000000 -299724280
-1000000000 -34522288
-104058790 309365804
-33089512 -30824755
471506696 -1000000000
898120007 332752402
-1000000000 832266380
-373506705 -1000000000
1000000000 911282018
403201043 1000000000
1000000000 -744768284
-1000000000 -788767105
542481805 1000000000
94261685 -1000000000
-197718642 -955746544
-435907707 719707669
-580782292 -1000000000
234003957 945124403
662048114 -1000000000
402590391 -214869863
-1000000000 896457192
-261154204 -178587860
584456078 -1000000000
-951048806 460630767
305896392 -1000000000
43461941 1000000000
-1000000000 201601984
1000000000 854093389
1000000000 -879283833
-280122796 -1000000000
-1000000000 -229652747
976877495 806037857
1000000000 749685078
-761100966 -125962508
1000000000 394545318
-919583261 -1000000000
-1000000000 -832510184
-1000000000 -159854427
1000000000 -557903201
1000000000 561238792
-1000000000 891825929
-933661768 1000000000
830903965 1000000000
-457477164 1000000000
-649089955 981676238
-28943479 -1000000000
306449024 -1000000000
1000000000 -215342655
1000000000 -338523824
-1000000000 -13697215
-1000000000 -197094486
1000000000 833214135
39353811 -1000000000
-551500289 1000000000
171835230 1000000000
-181044709 -101274456
-216392317 -1000000000
217018975 -294148135
138169211 760233476
936972750 -667181286
-125462665 1000000000
-1000000000 389591615
20103429 -914329433
854026971 -1000000000
1000000000 7050984
1000000000 607575844
1000000000 807484035
-1000000000 633078584
876451091 1000000000
-984016309 546136161
1000000000 127563959
461395322 -1000000000
1000000000 23313953
-929002783 1000000000
986047683 -182584180
95430052 -1000000000
742819741 9652820
629637899 1000000000
-207613047 701268242
-735825004 1000000000
-868196817 -1000000000
796721801 -136172627
-1000000000 -910996156
-777992973 1000000000
1000000000 975833266
644437326 -980780292
-26150529 670099713
-841201558 1000000000
1000000000 -419948008
37077412 -1000000000
595510736 -963098611
1000000000 724380293
1000000000 810985595
143403559 -928436154
-222589074 -552960918
475063613 238444313
1000000000 534132924
886608607 -1000000000
-1000000000 644892788
-42954057 -1000000000
778649654 -1000000000
697737202 1000000000
-189284160 -1000000000
815502138 -540455886
885789847 -1000000000
-1000000000 150095023
198611655 -1000000000
1000000000 -659524827
1000000000 -460894743
-1000000000 462644304
1000000000 804805744
1000000000 139382720
-469804808 -1000000000
-638587004 -1000000000
200876158 1000000000
682417126 -8421948
48576573 -1000000000
998261674 -1000000000
-684614724 756349820
913693514 1000000000
810477158 -1000000000
132239042 -1000000000
1000000000 852811172
-156748674 -520997501
44806741 -1000000000
-1000000000 -691148308
832138448 1000000000
764840563 -977672470
-46437446 -321208307
166063133 1000000000
-298436518 -64244987
835271726 -1000000000
-1000000000 -992063187
1000000000 355657486
-1000000000 -983527257
-1000000000 -269885746
-125994190 1000000000
-13356224 -652428753
1000000000 253845381
-863788939 1000000000
1000000000 -188257291
-59064279 -1000000000
-986702618 1000000000
-847789720 1000000000
-498541838 1000000000
-1000000000 -661787271
1000000000 -937923389
-2121237 -513669167
1000000000 930138822
1000000000 -785036629
990310168 1000000000
1000000000 -273919740
344447451 1000000000
-74118989 1000000000
1000000000 535193331
-1000000000 12042380
-837066735 -1000000000
-1000000000 -205191097
1000000000 107113661
755490012 932792707
-455608256 -1000000000
-256186464 -1000000000
-255261543 -27215498
1000000000 -347892122
-120612749 602965984
-1000000000 446904646
-1000000000 -576958701
-871975353 1000000000
-100180537 107915158
-183981834 783651926
735284105 315395721
-293319258 1000000000
1000000000 466511506
-1000000000 236318027
-1000000000 280108630
-568221086 -1000000000
-1000000000 905941057
-255101219 1000000000
316394364 -86909355
-607921750 1000000000
-883645800 1000000000
-1000000000 -648093666
-1000000000 -526192005
698033626 -1000000000
812223226 843109124
-681065104 1000000000
1000000000 685937837
-624848481 -1000000000
-216905290 -1000000000
1000000000 -610974841
-797224219 1000000000
844380537 1000000000
1000000000 781774772
-1000000000 773944846
1000000000 17325582
-32137447 180603284
1000000000 -991778704
1000000000 88080503
-1000000000 -574746924
1000000000 -306273885
1000000000 990543405
-173146542 1000000000
945290798 412867002
-202866745 -1000000000
393637470 -1000000000
-1000000000 -815542084
841917929 996315055
1000000000 -968564077
391009345 747679202
1000000000 -788459009
-548613197 1000000000
1000000000 154924820
1000000000 560227731
397108000 -1000000000
1000000000 -54238726
-1000000000 942132425
1000000000 -33911917
-673016447 -1000000000
1000000000 941688603
898386452 880750797
-1000000000 446903661
137608105 -1000000000
1000000000 504426269
-1000000000 -844969607
-651158813 -285206496
-737858643 1000000000
1000000000 -155432699
800988259 1000000000
1000000000 84802419
-697779575 1000000000
865196355 1000000000
-914313840 1000000000
609561712 1000000000
1000000000 585382252
-36273918 1000000000
-1000000000 896027888
1000000000 868148641
173862850 1000000000
-84985180 1000000000
-562859679 -337066157
209411655 -1000000000
6276405 1000000000
1000000000 -578095892
263756229 1000000000
1000000000 -221718430
-612634846 -1000000000
466676 -867412203
-335892592 -1000000000
248449329 -1000000000
1000000000 -593392191
1000000000 105223717
198004742 1000000000
877134383 1000000000
1000000000 -48612132
-1000000000 747504197
-1000000000 259857219
307973227 -1000000000
1000000000 -271549724
-252714732 -1000000000
-203706314 -1000000000
550353417 895695434
163155187 -1000000000
740697581 1000000000
1000000000 737745121
274412452 393403345
-1000000000 -564485523
-1000000000 556897029
1000000000 964096055
194286436 1000000000
694715468 -1000000000
-1000000000 -986052228
91873143 1000000000
1000000000 701346444
-1000000000 613146956
-1000000000 -840054152
168922476 97850819
720553923 -69260091
-1000000000 652170953
367188391 -1000000000
-833107618 -1000000000
-1000000000 -999860488
-624796939 -1000000000
-309383465 514538374
975452457 1000000000
643473564 -870430701
910263498 -55021607
167229638 -1000000000
38209650 206329469
1000000000 361042659
-1000000000 503073312
-469379255 -161919332
348932139 -1000000000
-667427610 1000000000
1000000000 -449030129
-303357857 -312538185
-1000000000 -76069009
-793383417 1000000000
1000000000 845611109
-1000000000 -735097146
-566353795 -329195671
-1000000000 -313097011
-3190299 483797650
-172114543 -1000000000
358385170 -1000000000
-1000000000 -277422747
1000000000 -47537807
-780139836 118474068
402433729 1000000000
-721558666 595264804
1000000000 -655122608
823117699 -1000000000
1000000000 977746115
1000000000 -629125300
266334076 -915935075
-647501611 -1000000000
-748023511 892672762
1000000000 -320025720
-378388016 1000000000
3876043 -789831198
349150490 -521398202
900453604 -183638740
-95077979 561040987
-634380828 20695976
875182816 1000000000
1000000000 778342316
-1000000000 -613898853
869801289 1000000000
-179388755 -1000000000
-3607413 1000000000
721908985 51501147
-1000000000 -677299836
-1000000000 -144571463
278254600 1000000000
-669958377 -1000000000
-1000000000 555233371
1000000000 817785001
-281547831 889989809
-335454064 866632644
-24940461 1000000000
-1000000000 -529652877
-29546834 -1000000000
-658185922 -1000000000
1000000000 -890679928
421567626 1000000000
450420203 1000000000
936808072 1000000000
-213292651 1000000000
839572830 -864768852
784963773 253988660
-1000000000 51788349
446052101 1000000000
1000000000 -154677877
-683254810 -856790114
-103348106 837341193
931283346 -592366584
-801720341 -249873708
114627372 -1000000000
-1000000000 359717860
-1000000000 -316211228
-118393573 1000000000
-1000000000 -157347144
1000000000 557166929
-311106367 -1000000000
-1000000000 537234807
1000000000 -595469625
289029821 118070074
-1000000000 912697520
-1000000000 817751901
652948973 1000000000
551911855 824218460
-414124519 -93658441
1000000000 710868031
300766196 -416235066
1000000000 -256020312
-1000000000 -446958101
149824897 -1000000000
876287286 485977262
290081433 -553130563
1000000000 120694151
-119625457 1000000000
145716055 -1000000000
34734144 -1000000000
1000000000 580508071
-166467847 1000000000
-788715211 1000000000
-1000000000 -151721744
-732106274 237188042
319030159 -1000000000
199967276 -1000000000
1000000000 340973593
-832701269 -1000000000
1000000000 -551955544
-319550394 -140441695
-150449864 1000000000
1000000000 728042295
-1000000000 -956486830
750002016 1000000000
-105831087 1000000000
889465503 -1000000000
-303313205 1000000000
342834176 1000000000
1000000000 -955882253
-917402292 -993012261
-543616527 425052055
766361750 -1000000000
1000000000 963690416
-313198111 -1000000000
-485772668 -911324005
815590128 62465250
-889479261 592684991
153033034 1000000000
1000000000 -279716397
-166009112 1000000000
-16345294 -766426518
1000000000 853537161
1000000000 791962854
320990424 942543782
-1000000000 -633654255
1000000000 -675338802
-7005664 -1000000000
802821485 -565350591
1000000000 -779484405
836602051 -1000000000
-1000000000 -773356436
1000000000 -94501661
-796188656 197886613
759902914 1000000000
-88746077 -1000000000
-1000000000 986863618
1000000000 -250703100
-1000000000 23759676
688403479 -1000000000
1000000000 -225992378
601460253 -1000000000
1000000000 -350529383
-997706101 -618049990
-415073066 -1000000000
-844743515 308552098
964110604 -609594823
1000000000 -775988063
-1000000000 -569023190
930750466 -1000000000
-1000000000 -696732646
-620024955 -850811246
-326425674 -425385096
141395123 -488994435
1000000000 -276142495
1000000000 -777915619
1000000000 -784277688
-411825825 -536744091
-191067383 824581344
-676071445 -1000000000
-803472019 60524221
1000000000 650439886
-943171298 -886542399
879253833 1000000000
53879220 1000000000
-542123343 1000000000
-1000000000 -628051503
1000000000 -199583277
-1000000000 912612737
106299445 609894575
-199378316 -1000000000
-1000000000 -34331137
899117069 -274881690
1000000000 957228252
1000000000 69496377
589660793 -324134532
-1000000000 -546064867
-737004236 617679720
-614672031 1000000000
1000000000 -483752981
1000000000 338010502
23265263 -712997087
-1000000000 -930375552
76764900 -1000000000
799217171 -157503247
441799333 -1000000000
566098381 214944313
-1000000000 -302231218
1000000000 -942365557
-969988969 -1000000000
1000000000 227378194
-122338293 1000000000
19115172 1000000000
-304088051 -1000000000
895402561 1000000000
1000000000 -562017581
-1000000000 -726447142
-560348412 1000000000
-1000000000 144963161
745163285 133013257
-102844600 194570698
-1000000000 -187519361
-144667609 -1000000000
1000000000 225559699
-115282389 -63981736
520622274 -1000000000
836498023 -1000000000
-1000000000 211376980
-745595740 727747197
-591129772 740101075
220930242 -704301773
-1000000000 516144375
-48136658 -747175171
-971572775 1000000000
-1000000000 95551945
1000000000 6044754
-1000000000 563854804
755731814 1000000000
-1000000000 682298314
885606458 1000000000
-1000000000 -6013206
-806442344 -1000000000
255600973 -1000000000
1000000000 -959620555
-178543809 -1000000000
980277456 -888550368
875247086 439274103
-104858363 726345293
135773976 1000000000
869876382 645147681
812404739 709102668
953786733 -428678722
-140301060 -1000000000
-1000000000 477905271
-1000000000 171831062
-1000000000 -280250569
1000000000 -549144662
-1000000000 455404808
561507790 1000000000
1000000000 -982629065
-118331706 -675122823
1000000000 -592272128
-289065679 -696720199
200297924 604481598
-57327831 1000000000
-1000000000 5653193
548350966 1000000000
1000000000 -479410415
-635115889 775709430
1000000000 -845516361
1000000000 -859309379
-503935412 269419568
-1000000000 703673072
-700847770 1000000000
-876861929 68805152
-384698546 1000000000
1000000000 -897984550
-902896590 1000000000
817600731 1000000000
1000000000 -664046491
218183670 332559304
125885716 -1000000000
1000000000 689157344
-303688868 392175619
252585916 70162864
571774935 -1000000000
0 0
-1000000000 -899113108
-489077649 1000000000
216722800 -211658540
-829283813 -114602489
-198685133 -951924395
1000000000 -949867272
4861960 -1000000000
-1000000000 -682068489
-59124450 1000000000
-1000000000 -55552780
1000000000 89912280
865854595 -1000000000
-44313500 549184219
-1000000000 -591244980
197149845 148767266
371999148 1000000000
8080096 -1000000000
622778867 1000000000
-1000000000 -459224394
424052222 912083084
-1000000000 446810815
-832715287 -1000000000
-1000000000 725414594
-442890177 -1000000000
-135046674 662572082
147949983 156511899
383610716 -1000000000
1000000000 707774648
-1000000000 -699431588
908369420 531851740
439309512 -1000000000
-831595764 -1000000000
964524819 863004686
-478920493 -677363176
47135534 882659381
-1000000000 391513738
-1000000000 989983695
636727486 540926870
792790556 1000000000
415396623 -724334801
-506913367 704385670
183831401 -1000000000
1000000000 665658177
977505750 -1000000000
-1000000000 709148969
700290286 1000000000
579355069 -119671173
1000000000 -896153466
1000000000 135910032
-806794048 -1000000000
1000000000 -4494713
1000000000 564392165
316342760 -809932258
966129786 200362949
1000000000 -537990116
-454440987 1000000000
-44047492 -48248062
911080836 593162999
-825004907 1000000000
-626513131 -1000000000
-510398065 -1000000000
217709930 1000000000
1000000000 -824699750
1000000000 316598634
1000000000 493168571
-721326951 1000000000
-475253399 -1000000000
-726128046 -1000000000
1000000000 565574619
311325360 847841808
-813420849 1000000000
1000000000 36746142
1000000000 77325988
-1000000000 55350044
-1000000000 -422481265
1000000000 -693723261
757327181 -866335878
-538113964 -576278072
739705779 1000000000
1000000000 -418779359
371526622 -626974788
176416479 333627197
-74996385 -1000000000
-1000000000 -870418435
256839634 1000000000
416738559 -630064596
-1000000000 385123969
-668090982 -131182107
-320181764 1000000000
-786275638 1000000000
-956498447 -1000000000
22158822 717936014
523221506 1000000000
-1000000000 -660014080
929278735 1000000000
1000000000 -107870510
169962710 -1000000000
403621140 -88102674
-748116692 1000000000
1000000000 286756524
670265972 -343271060
-62173830 -1000000000
135110848 -1000000000
329442347 672618377
-1000000000 -187375987
-947866439 443968279
867670688 -722307530
1000000000 -41624313
-733041103 1000000000
-493860142 -243169110
-1000000000 -123880330
418090212 -372018445
-317893785 -1000000000
-932211154 594765342
-1000000000 -855961579
-1000000000 -497639095
995860978 1000000000
306593150 -1000000000
-1000000000 131057910
1000000000 -571824702
521474108 1000000000
115615444 -1000000000
1000000000 -225797704
198254735 -1000000000
-1000000000 245158587
-930330665 -1000000000
-817227676 -1000000000
-1000000000 -988134867
-207640368 -598123686
-1000000000 -332037245
248263166 -676341743
-1000000000 -527022055
338571140 -547453185
-969271917 188557400
-787757469 295243610
-853245617 1000000000
-56238312 -529507613
1000000000 -981504697
-355609072 -635189759
-1000000000 454829684
130147159 418653143
-135347602 -1000000000
-18825319 1000000000
-1000000000 648451167
-719317682 -673692202
714905162 -609320581
912611084 -1000000000
473249202 -1000000000
717359823 -972994839
-181764995 1000000000
1000000000 -8305468
-582950739 693339099
-721791255 1000000000
-438627424 -1000000000
397384656 1000000000
1000000000 -84331905
34304363 -220245939
-818649452 1000000000
-694506160 1000000000
-104162074 223203829
-953651770 1000000000
1000000000 947960390
-1000000000 -477966569
-436218303 821723764
-766433344 77085581
576581932 -1000000000
1000000000 569626120
1000000000 11176766
1000000000 552115885
1000000000 184514088
-431427530 1000000000
-458131090 1000000000
-1000000000 572102202
-657999412 -563691085
-758029399 -1000000000
-797528786 1000000000
421152986 -1000000000
140191121 1000000000
1000000000 640101294
542641232 -1000000000
-1000000000 4788698
-84374233 -1000000000
-733031439 240077528
-161996962 -1000000000
737643589 -1000000000
679225418 -1000000000
-678703461 1000000000
1000000000 812254648
21230818 -1000000000
-1000000000 366284707
-1000000000 876330169
164792075 -1000000000
991102719 -1000000000
439627910 -324759924
-696316444 1000000000
-768974647 -437943433
1000000000 269798093
-1000000000 322621240
-1000000000 -108910268
200389907 1000000000
-1000000000 27091242
