1500
8006352 1000000000
-1000000000 751540174
-1000000000 -26149737
1000000000 260722610
-823988842 1000000000
-320453457 600686219
155226399 -722622551
541585720 613150504
-1000000000 4781409
511731897 -1000000000
992625738 -234549261
-334765809 955750613
1000000000 -270370511
-1000000000 690558490
1000000000 -290266980
-625287957 1000000000
-1000000000 -803535206
908151441 -1000000000
-1000000000 -987413112
-1000000000 162548232
-122854873 -1000000000
-1000000000 -722073554
1000000000 -277700047
-944653095 1000000000
1000000000 398941637
848665102 199821920
1000000000 -780304656
1000000000 561398718
1000000000 965935460
-16183825 -577759090
1000000000 909115106
-584414549 1000000000
1000000000 -579866095
-868722660 1000000000
-388984438 -485629122
-564994883 -432987106
-1000000000 7094328
785532848 344515381
1000000000 -20726438
-1000000000 678752867
1000000000 -859356828
1000000000 -155913142
-545824305 -624736003
-615995269 1000000000
130287304 -906945925
-255918112 1000000000
971105257 -638036355
-147041730 305884975
1000000000 -742968275
347422909 931229339
1000000000 -705416666
-1000000000 223099334
506933921 1000000000
-1000000000 607633119
1000000000 809443340
1000000000 -764608797
264494127 -1000000000
-477480398 365922950
-740828077 -1000000000
-1000000000 -36603421
1000000000 -32636575
474069733 1000000000
438550542 -423859596
376138305 1000000000
-258557202 545317854
-961160085 -981918740
-284110091 -704000089
814093270 -187243937
212281019 1000000000
-1000000000 -141463262
1000000000 -786421801
-1000000000 -594452469
-267723134 127452164
206877752 1000000000
589454703 965299845
-1000000000 -34113167
779793495 613509328
1000000000 -770307453
565673577 -1000000000
924130014 -1000000000
-997813666 -1000000000
286439931 1000000000
-1000000000 858761374
435632246 393793815
1000000000 -174117094
440803203 -1000000000
-17672698 630014665
932937670 -1000000000
-783204850 -1000000000
-896370912 -1000000000
-424887804 -72577079
-1000000000 -372142549
-1000000000 844054560
-114253736 1000000000
890031076 22059255
-568654926 -1000000000
515885969 179472148
1000000000 -768928869
-1000000000 -365826514
-103222876 -1000000000
-105608555 1000000000
841324637 788639621
-1000000000 -279656392
1000000000 -325884701
-1000000000 462325817
1000000000 -372910326
14551470 -1000000000
-1000000000 -152373435
813898542 -1000000000
285550560 -1000000000
452985796 1000000000
-1000000000 -376106684
-1000000000 508949714
1320845 1000000000
-760210580 368453311
728473761 31101996
-224686199 -64855032
444071413 1000000000
-1000000000 968149434
-619653309 -671822982
-426072111 -1000000000
-48902153 762228647
-1000000000 -545221657
-869258243 -441305828
-306419855 544102549
-722032246 -1000000000
1000000000 -915952928
-210272036 1000000000
864291131 -810097043
-1000000000 -1966023
-1000000000 382821829
1000000000 -844748754
-1000000000 -571984654
-956137243 -1000000000
501353892 -1000000000
287547454 1000000000
1000000000 -10968032
-1000000000 -511769979
54037612 -1000000000
-1000000000 162166622
-595722916 1000000000
1000000000 773634272
-442601975 1000000000
-1000000000 -519013590
-777694768 -871262856
-2637733 679984854
-856111190 -1000000000
-1000000000 539370535
1000000000 -648706994
859994163 -1000000000
715531951 761654000
-1000000000 -469936803
-1000000000 866850471
-498464171 -1000000000
-137263330 -876567394
-373676445 108257426
-1000000000 831581218
423450826 -1000000000
624151727 1000000000
-1000000000 378329167
533808784 1000000000
-661438108 -1000000000
1000000000 -975792406
419596511 -746263670
127581259 369296142
-1000000000 540284671
-906913070 -1000000000
-611286371 1000000000
1000000000 -953425168
930322244 1000000000
-1000000000 879589624
1000000000 462753577
-547095401 -1000000000
-498950754 1000000000
1000000000 -546593338
-1000000000 927535173
-1000000000 905685976
-207610414 -478997712
1000000000 -421515726
109510834 -1000000000
321685802 1000000000
1000000000 700760724
441336913 515047746
967517626 -1000000000
-603273735 1000000000
357839000 1000000000
-1000000000 31853117
-262885147 -1000000000
-68386131 1000000000
1000000000 -539657219
476712111 1000000000
-1000000000 -892681549
-177714513 -270434254
-356414886 493040636
1000000000 -853032392
50850609 1000000000
329094401 -1000000000
-834718791 880374953
-970721152 -870496012
-873791983 -316704318
316156426 -315016543
-680008165 1000000000
-1000000000 -623800830
887307897 -1000000000
167180807 1000000000
-1000000000 303374249
-388146951 1000000000
998168391 -165404204
-1000000000 -814261964
-508648967 -1000000000
-502902711 1000000000
512562695 1000000000
-1000000000 452464080
1000000000 -472596259
-655730226 361961416
-1000000000 -117929219
91081229 1000000000
-1000000000 324740132
-1000000000 -891311450
1000000000 780593821
1000000000 892827531
415964306 -1000000000
-972097612 -1000000000
-303501697 669636034
-1000000000 127893813
-478284391 1000000000
-1000000000 -321397815
-715818839 320771455
-199693466 338716443
1000000000 -263334543
-324078145 -18424194
1000000000 43422996
705042215 -1000000000
56802318 -1000000000
987075498 -78887486
773954392 1000000000
-548711533 -1000000000
-513953971 1000000000
661405960 -1000000000
652199471 -1000000000
-1000000000 518432742
-1000000000 -652994555
223963938 -1000000000
1000000000 -471109903
-1000000000 -320940499
304534692 -1000000000
-1000000000 500207248
-1000000000 -668042501
936188695 1000000000
-1000000000 -150525094
191009909 -1000000000
-1000000000 88552949
-476376178 230988336
-1458954 -1000000000
-195926196 1000000000
11346149 -536701171
1000000000 -736354863
915285865 -781286182
610970016 219610811
-684330168 -1000000000
1000000000 170501249
-79929515 1000000000
558895833 36215120
-312111580 1000000000
-918316233 1000000000
1000000000 410032522
1000000000 -647160089
1000000000 -406440120
1000000000 994294450
-183740694 1000000000
902056483 471383235
477800653 -1000000000
-840454420 -237076795
494556076 -72174191
-798253837 136956277
534559598 1000000000
971939633 321124944
76384985 1000000000
1000000000 691865051
1000000000 150405703
195123640 -1000000000
1000000000 -966295045
-79350599 -1000000000
-639929165 -1000000000
-1000000000 952570815
437029583 -252182466
-422195236 309441606
-92479139 -791548139
-562857510 1000000000
79504109 -1000000000
477190225 -176439110
-437128623 -275166799
-1000000000 126281211
-1000000000 805500548
-1000000000 360604513
-957835201 -1000000000
1000000000 571436286
-1000000000 -339464956
-76700925 -942641740
-665590673 1000000000
-1000000000 858376715
-615480724 1000000000
880532107 1000000000
-1000000000 311172277
-840614437 973965416
416280275 1000000000
-1000000000 -109591218
-1000000000 -342083486
724463972 1000000000
-167579972 -1000000000
-300502121 -1000000000
378297368 -1000000000
434039726 -1000000000
-48104048 -1000000000
-733599217 1000000000
1000000000 41310857
-346514112 383602311
-802092677 -1000000000
1000000000 341084173
715383897 1000000000
233839269 -689441848
-633009976 8851082
-661911558 319965161
-1000000000 -237495055
-835833112 -1000000000
-277432925 1000000000
829153491 -627505497
1000000000 -381017968
-256300419 -308818754
469688485 932269818
-1000000000 -848659309
-138913762 892583465
1000000000 397621525
-207555315 -1000000000
-1000000000 275338418
-939331807 -319466627
457165233 -1000000000
728258304 1000000000
-1000000000 -597624559
199125765 841634440
1000000000 -499451664
1000000000 -607632717
-302924445 1000000000
758515187 -1000000000
-1000000000 308598225
1000000000 532158413
209425432 -1000000000
1000000000 141810344
-688312116 432297277
1000000000 410645121
-1000000000 -324025122
1000000000 816381910
-270362193 -1000000000
706390455 -561210187
-957192863 725449798
-273284168 810795961
-903304341 983994765
616381511 -1000000000
-216476291 678361392
1000000000 201122087
-537457853 -1000000000
1000000000 995274376
1000000000 -595278563
119724343 -1000000000
-1000000000 814012477
361892734 617620712
-1000000000 530437383
-1000000000 -464749412
-624716869 1000000000
145072458 -471799058
650312193 1000000000
-388601726 -1000000000
218622737 -1000000000
-833666928 -426688886
580491378 -1000000000
731453347 1000000000
477082161 -1000000000
-348306487 -417835125
-311294148 -556733618
-782239655 1000000000
1000000000 25614682
90691340 1000000000
908823051 1000000000
1000000000 -867472967
712896093 -911735639
593452944 1000000000
-1000000000 -744956842
-127896308 -1000000000
905645579 -887161639
-781306491 -1000000000
978518524 1000000000
-756694233 -1000000000
1000000000 -907351202
1000000000 683398358
-1822647 -1000000000
-853603234 -1000000000
1000000000 962968169
-1000000000 605294826
-685009332 1000000000
-801805579 -901835827
-193165613 947196117
-145750949 1000000000
-858544562 1000000000
1000000000 554464769
-852423056 1000000000
230130945 1000000000
-866715780 -925622155
-50665155 979736718
1000000000 87369218
1000000000 605487811
-301314705 631248737
-162056969 -1000000000
-411070745 333455826
901987553 468323710
1000000000 754818358
-577219146 1000000000
538840732 -1000000000
1000000000 439953028
-495255006 -939504674
915009498 -310192168
130208209 -1000000000
1000000000 -111345157
-321327498 145480642
-1000000000 -169244432
247640783 -1000000000
-524108872 1000000000
-465016877 -1000000000
914708954 1000000000
-1000000000 -840569016
-1000000000 -637483433
1000000000 -932931
1000000000 -240695644
1000000000 626152271
-885297282 -1000000000
1000000000 -561184772
-1000000000 -44935293
-1000000000 594061627
-76836067 -567056582
1000000000 -980564713
-1000000000 -609597792
1000000000 -111359697
113142732 -1000000000
1000000000 549887752
-1000000000 -68221877
178940030 1000000000
-998330802 238406515
488505696 -723218764
62545529 -100993327
1000000000 -703868610
381184577 559924650
1000000000 -385531168
1000000000 316874421
-745136541 -1000000000
-180449218 1000000000
113895463 -1000000000
-732613859 -85289401
-967881580 1000000000
1000000000 768263857
-70182680 1000000000
142114582 -115917981
-659227160 1000000000
-22887022 -22523868
308886986 -1000000000
-905301190 -1000000000
-1000000000 444415862
341308259 559614330
631740485 -1000000000
1000000000 9947537
-1000000000 -415109941
-1000000000 273225526
36296331 1000000000
-133948135 -1000000000
-223991380 -1000000000
-543792679 -748629210
498602582 -609611620
-1000000000 442110728
344691702 -1000000000
1000000000 -856940571
-174396434 -1000000000
90965498 1000000000
-753140266 1000000000
1000000000 -221842880
855864447 1000000000
-777592174 197545061
-235717611 -1000000000
267178126 418034737
-1000000000 -522656126
36991076 -758853869
969421340 -210696791
656922191 1000000000
-1000000000 -618863766
-666065943 -1000000000
-168062404 -891143799
-181875449 112623601
-983879567 -1000000000
1000000000 -135009690
-1000000000 150602607
-1000000000 -832299634
-522744473 -852591815
-693542744 -1000000000
-1000000000 -282082620
-8672971 1000000000
-896453214 -1000000000
1000000000 414809799
798109191 -1000000000
1000000000 -829426277
366301864 1000000000
1000000000 866840938
1000000000 825706233
-909163585 -1000000000
-1000000000 275908980
1000000000 -295824157
-475988179 -1000000000
-992739937 670462945
715526174 1000000000
-217131481 1000000000
-1000000000 -881804987
472902745 -683113480
-1000000000 -347878106
-1000000000 573107618
53739753 -1000000000
-171058438 1000000000
1000000000 -394845370
1000000000 -529208391
-499708938 -442042930
1000000000 976179439
-110685690 -1000000000
-1000000000 417430925
1000000000 377604001
484251730 -418139394
-806599234 1000000000
-807992252 903980259
135495734 -9806153
1000000000 719762807
422099764 -1000000000
-156978390 1000000000
726293933 -1000000000
787449407 -195758285
-1000000000 -674779927
-1000000000 339045874
-841628445 -1000000000
179438548 -1000000000
-592892104 1000000000
575507708 -1000000000
824717062 1000000000
-426588797 1000000000
401204979 -1000000000
-1000000000 697905148
-247273544 707206273
1000000000 -784994347
-1000000000 -107532708
-400285763 1000000000
509610024 1000000000
-1000000000 430300674
-1000000000 -426126876
1000000000 -978521148
1000000000 -50006435
-1000000000 -776905946
1000000000 194442724
391698022 1000000000
-1000000000 293858427
18093309 1000000000
-1000000000 -247703657
-1000000000 80172378
694784754 83853073
-1000000000 -622706633
961469333 161296116
1000000000 281218752
-968006323 -1000000000
-1000000000 380439397
-195785030 -364912661
-518452994 1000000000
1000000000 741433570
1000000000 -195162711
871347037 -1000000000
-1000000000 382788800
596281557 -1000000000
-1000000000 -502117081
-498160394 501275708
66799249 585692104
-558903256 -490996056
890845743 -789312538
-771633414 -1000000000
-1000000000 -64444639
-1000000000 -956052739
1000000000 -599468124
1000000000 493695859
1000000000 8968026
-1000000000 747680885
653246900 274749290
-1000000000 753636295
-1000000000 -332969227
331839506 -722223276
-461445961 1000000000
-863889738 -1000000000
786673175 1000000000
634504517 462833546
-122221781 -1000000000
936115019 -1000000000
27196121 -770910531
698134408 -1000000000
1000000000 -8657999
-1000000000 296552223
-831268695 1000000000
1000000000 -546157493
1000000000 704484992
1000000000 -439053352
498205149 782482851
-771435906 -1000000000
1000000000 503707180
-800981447 886203975
444487279 1000000000
257720599 576762174
-490915751 1000000000
1000000000 -562593059
603397015 1000000000
-658495690 119687672
724929000 1000000000
-445599633 -1000000000
1000000000 137696841
890685898 -1000000000
1000000000 -398361463
1000000000 261006146
-889093838 1000000000
101093023 -1000000000
-1000000000 -632409633
-535129245 -20335765
-785334904 242276695
1000000000 -375269410
1000000000 628399772
-1000000000 -361140711
663835201 56888178
851235989 -1000000000
-735347778 -1000000000
-303948295 1000000000
-179672632 -1000000000
-1000000000 20462811
-1000000000 238592027
-473176712 1000000000
-1000000000 231649990
1000000000 -124075873
1000000000 727590924
-546035275 1000000000
-1000000000 139132011
-425665108 920952066
48279943 797451085
-1000000000 572972648
1000000000 560802628
-1000000000 -78009479
-126227134 759840808
-1000000000 -818959731
1000000000 -161974675
935090097 -1000000000
1000000000 898413148
1000000000 478858486
-1000000000 -11403396
-702328813 -1000000000
778143965 158226833
1000000000 -621600059
-1000000000 -715312687
-1000000000 536577576
965431629 -913397905
1000000000 732663322
1000000000 118405428
-796434003 -1000000000
851328172 1000000000
390829535 -1000000000
-1000000000 612130441
-336940314 -793009373
-559890408 1000000000
326906483 -1000000000
162817237 1000000000
-1000000000 -914870575
963517457 1000000000
-1000000000 -371292885
1000000000 220339856
627544294 1000000000
415778149 1000000000
1000000000 -960375868
960725988 -1000000000
-267736964 1000000000
-1000000000 -544779011
-892706025 -645652279
845277510 359528130
-525934463 -1000000000
990664033 -448492882
-7237155 -352377887
973985768 -1000000000
1000000000 221039507
1000000000 14288157
226853533 -1000000000
-1000000000 855435210
-1000000000 -664880728
1000000000 622757306
-1000000000 37048491
235330392 -1000000000
-131481219 1000000000
-1000000000 784163883
-698633132 -1000000000
1000000000 775182335
618323413 180360902
864241942 -1000000000
57803390 34924833
-940881099 1000000000
0 0
-566780103 -721837244
-1000000000 -547601396
162518101 547882608
1000000000 773792865
54323197 -585078417
-461769722 -1000000000
-1000000000 -207308710
764057833 1000000000
-117209548 -1000000000
-389806799 316545713
105480035 1000000000
-671895991 -113245421
-1000000000 -896973794
-39976994 -1000000000
147893791 1000000000
-204348345 575351249
-794289952 1000000000
-406663728 -799925763
62870604 -470696461
1000000000 279697033
-942518974 -129094521
-578680868 -1000000000
311830983 649834286
-1000000000 451774239
-1000000000 928424617
657342062 658873132
905673610 964961889
-1000000000 453502581
1000000000 868298479
-694795143 -510742063
-711531427 -934486113
-252315274 1000000000
7498528 -275938940
860265915 1000000000
688701422 1000000000
-1000000000 -415057110
913279662 467721576
1000000000 634831544
799648248 1000000000
1000000000 625223289
1000000000 323470470
-317762299 912805816
32593432 -1000000000
450891569 -1000000000
-186803125 182661545
621861328 690500169
634667117 846520354
-475215138 1000000000
-1000000000 877404800
1000000000 523133441
1000000000 -467495623
1000000000 -818335346
1000000000 -321551998
-395069898 -477995006
496312429 94890042
151223053 -985412004
593082520 1000000000
-283193984 -1000000000
825668090 1000000000
-923110156 -1000000000
-481214550 1000000000
994067408 1000000000
229564214 1000000000
-1000000000 132379759
1000000000 -696412713
-15686643 -413878238
-376219402 1000000000
-865904097 -1000000000
266220945 1000000000
-1000000000 -334175724
-461560486 594243791
-376038010 -947001884
-576510989 636664952
-969385674 1000000000
-1000000000 -484944289
-1000000000 319535300
245072660 -1000000000
94219183 -604497785
-270421053 -1000000000
891731452 -859495159
-999279339 -41351393
966041600 1000000000
-237759 -1000000000
-560825147 -1000000000
1000000000 290465232
355256807 -926928169
-655847068 -1000000000
-848412213 53296686
-65652509 -1000000000
-538729401 1000000000
-351198327 -42771477
1000000000 -710661857
-702909292 -1000000000
-293281865 -411587008
-996892207 631495406
-6877316 61517210
457635148 -1000000000
860626000 -125495293
-1000000000 855497120
-428920511 -130496661
-249969161 -1000000000
-1000000000 930714792
-838940251 -92320346
1000000000 858905932
1000000000 -193197144
1000000000 -60329778
1000000000 218320197
602624366 -1000000000
327457392 -1000000000
17873002 -958398895
-273886839 -1000000000
610782857 -1000000000
1000000000 761995875
-1000000000 -814262025
-1000000000 -721828046
-389461424 1000000000
125402721 -347135297
-1000000000 -380089002
-834992712 -1000000000
279371131 -811783563
303157765 1000000000
-702397478 220572027
1000000000 374369599
-361724658 1000000000
1000000000 -717879920
-1000000000 -931081133
1000000000 456283142
1000000000 -964466359
350183181 1000000000
-1000000000 -604621792
1000000000 267997402
630463574 310063387
-805692251 -1000000000
-1000000000 -575990534
-909009352 -466180986
-1000000000 -209403997
1000000000 132877605
-1000000000 -424182954
1000000000 -264214965
436859172 -1000000000
1000000000 799583082
972899446 -1000000000
1000000000 -509847345
153390544 -1000000000
-1000000000 -995040946
-1000000000 265245629
868140056 1000000000
-1000000000 -120078840
535116530 575101246
1000000000 842607555
739536210 1000000000
1000000000 -164932139
64519410 -546748891
395904996 855361332
880826108 1000000000
1000000000 -33464817
-1000000000 907255445
172003446 1000000000
-757009212 226542573
1000000000 -140019918
-1000000000 -815810129
-534637299 -1000000000
396632289 35321874
82055012 -469476722
652171209 1000000000
-1000000000 832355543
-725109415 252737572
-507326492 -1000000000
-760769067 1000000000
41747579 1000000000
-193546176 1000000000
-1000000000 -750808772
1000000000 -735864687
-871504071 -1000000000
-317603476 1000000000
1000000000 779853177
-1000000000 -562493094
-1000000000 -369511581
234048462 1000000000
-1000000000 298326844
-980121171 -1000000000
4582060 -1000000000
716943208 1000000000
205849062 823358540
-1000000000 137899261
-1000000000 -38788016
-945623632 -798482141
88729950 1000000000
-1000000000 555095769
705037945 1000000000
913654001 55254882
-54163567 -1000000000
-47267765 1000000000
746688962 1000000000
-356684889 -1000000000
270873058 1000000000
1000000000 737567005
-180280687 -1000000000
609556668 407008295
-1000000000 -166290108
1000000000 596333997
923103822 1000000000
114576078 1000000000
369158968 -1000000000
1000000000 205759882
-661713696 -1000000000
-353184132 1000000000
-1000000000 459761896
-1000000000 -764667746
158508075 253322416
-1000000000 -609809187
160552583 -1000000000
1000000000 -686365493
-163146209 874629808
-1000000000 966168552
-944848678 97642042
-378734722 1000000000
-736221584 -921299668
1000000000 348008990
-1000000000 24398966
1000000000 4884293
-1000000000 -88918799
-229526253 1000000000
468749873 -963813452
1000000000 100154775
716656970 -604653171
1000000000 724512700
-1000000000 417726893
536854121 147438417
246710098 -404764999
1000000000 -942341422
510010285 597003979
1000000000 -869053118
-865673806 -1000000000
-1000000000 -519661045
399493118 -1000000000
248562027 1000000000
972868478 1000000000
-1000000000 291313907
-628889875 48360297
-1000000000 -769335071
1000000000 -306421360
-394797492 254932292
809556412 -1000000000
279131926 -1000000000
-734348072 -1000000000
1000000000 -92337434
680553210 -482905906
-497375381 960069309
-69871345 -1000000000
43989127 1000000000
574165361 -1000000000
-28229844 -1000000000
-170576389 1000000000
1000000000 718445841
1000000000 -31655255
1000000000 -959992934
-964630064 1000000000
-320279848 -1000000000
-863570796 -1000000000
-119864924 24935066
-817510069 1000000000
-839684383 160796974
-902259887 -413489317
-392186592 -1000000000
1000000000 191920943
-962904241 1000000000
-359562513 200396103
688161551 -50948428
1000000000 966521818
-1000000000 -453576510
-762207119 1000000000
-797372353 -257546128
101868638 215661076
-90542458 1000000000
794684091 -1000000000
1000000000 237909796
-1000000000 133725568
-133379030 -216186396
-671759023 -1000000000
1000000000 -762452962
-874678685 300175614
-233169467 916669882
-1000000000 619756093
1000000000 521540903
464100048 1000000000
-899980106 1000000000
-1000000000 -780855945
1000000000 -677849600
-1000000000 689082013
259437959 -551518982
1000000000 495676631
-1000000000 -903806407
205012746 -23510762
-1000000000 -280807637
388183761 1000000000
-941795944 1000000000
-447472096 -1000000000
-647062468 395378786
764540844 1000000000
-205156810 1000000000
-413161539 1000000000
-1000000000 -674813729
-404632381 113666598
-674532439 426510787
720150579 -1000000000
-1000000000 -835357005
646997567 773572106
-1000000000 -85528635
-299029585 -1000000000
1000000000 13563817
-471100720 -1000000000
-872033345 1000000000
11866763 -789346751
1000000000 899985514
-145017194 -819217450
-1000000000 -40795978
-640266260 -1000000000
-322231110 -1000000000
-310647710 -1000000000
100078764 -1000000000
613904962 39655816
476967599 217862648
821741988 1000000000
-1000000000 546492611
38767713 1000000000
726213916 605690589
536655952 -679274130
1000000000 -683758806
1000000000 -864418484
1000000000 618968415
-208573200 988840521
-1000000000 -692173422
-447776481 43688436
-373797585 1000000000
1000000000 143024148
921633547 -583776506
-333142992 -17816438
1000000000 330787089
458572492 -747146838
661174186 -1000000000
394444593 -447589747
842440098 433952445
245511311 1000000000
212387015 -1000000000
128599572 1000000000
560312795 -1000000000
-482317802 1000000000
-215596243 71799201
222476017 -1000000000
-181564167 -1000000000
37214947 1000000000
573204561 -370271176
1000000000 -394657937
-1000000000 -783184525
-1000000000 214837480
648948466 -1000000000
-225545649 1000000000
1000000000 640656397
397826705 454442514
-214738310 328164499
-1000000000 633061113
-1000000000 -604266872
-1000000000 -543027770
490525069 -1000000000
541240791 -921896144
-174308433 1000000000
-1000000000 -519237975
-967414009 -1000000000
346505366 919094448
-271271064 -1000000000
208271489 949385814
876015262 1000000000
274438819 -1000000000
-1000000000 101323795
-1000000000 814592024
-268445759 -1000000000
-638561631 1000000000
-1000000000 -113223810
620176847 -1000000000
173594291 304594430
605374183 -1000000000
-261218902 -1000000000
409010571 -1000000000
696317217 172775668
117194946 1000000000
548529786 1000000000
-93216624 1000000000
-504504237 -1000000000
-178945510 673061755
-1000000000 -26137470
-293320685 723956415
-953469131 -400999323
309237783 -1000000000
1000000000 385201577
29886831 -113325049
-1981896 1000000000
1000000000 -20610745
-1000000000 -799700712
-331433548 -597131940
-631401416 1000000000
492085133 -1000000000
1000000000 505344802
127549404 -680539955
1000000000 -303729952
-1000000000 66974941
42001343 -432238005
1000000000 -594299765
833890695 1000000000
-605531817 995924886
-165496813 1000000000
1000000000 -473080951
-769857236 1000000000
213685632 1000000000
982301985 1000000000
514920940 -103589171
1000000000 -28514295
104745491 1000000000
1000000000 557033202
-870950022 -783035578
-878295612 -1000000000
-447964567 -187845514
601076726 -591924172
507034621 1000000000
512980144 986170033
-215788659 -213822406
-259491879 469589140
634901319 -322863009
-1000000000 -729340029
-381531395 -1000000000
905286153 395422010
-27190086 1000000000
-141149675 -933964829
966472047 -1000000000
1000000000 -216218073
-440351527 1000000000
33302395 219719927
208581247 1000000000
-618163509 576447179
-163791416 -1000000000
-694302502 449014851
1000000000 960801157
720704425 -593470395
-831112668 -1000000000
112490829 18502323
-330893395 268446586
-434066253 1000000000
1000000000 235879443
1000000000 776810730
110574335 -15616426
-1000000000 216150869
-1000000000 941340082
621134919 -1000000000
-354422649 587861236
-113106005 -521020747
-1000000000 -969119304
202193998 1000000000
1000000000 380516229
-189939992 -1000000000
-1000000000 -472845328
231621494 -1000000000
821292374 -963529178
-5734115 1000000000
282211342 -878682344
1000000000 875196360
779106432 -1000000000
128713817 -1000000000
-577214237 -1000000000
566930910 -385560169
-434766818 -1000000000
90678720 -804052087
-1000000000 -67882228
509904240 -1000000000
240015211 494453857
-1000000000 680325885
-492180452 1000000000
-235971221 1000000000
925161699 1000000000
-214687061 1000000000
-1000000000 506868034
-707143826 -1000000000
-222253250 1000000000
-1000000000 -819170835
711986841 -737413259
67688788 -1000000000
-1000000000 888932197
1000000000 926754149
1000000000 946694393
-777910648 1000000000
-288835 -379743452
-1000000000 391220063
-895764745 973517465
-346045343 -1000000000
-744660417 -549243900
228819801 215818407
-778495893 1000000000
-1000000000 123163403
327950077 -1000000000
1000000000 -48759471
872382183 1000000000
-622213428 1000000000
-1000000000 -808835702
-800077432 -1000000000
318029032 299586031
-1000000000 -4849536
-330978951 -364994128
-117758746 -502227145
921240741 -1000000000
468549188 -1000000000
-899841436 261596395
-729457831 -915143585
1000000000 986611525
266257419 194621774
-842765994 1000000000
445524862 381990282
-14025662 1000000000
737876517 -1000000000
601412994 1000000000
-1000000000 71389977
-1000000000 445506494
1000000000 617216513
559938164 -917144861
-398960729 -1000000000
1000000000 944138147
422846719 -1000000000
-19926607 978041777
-791848325 1000000000
-463798350 -173528622
-1000000000 982495635
-707466710 -1000000000
1000000000 -225970788
-1000000000 899643116
-1000000000 775525979
570424572 -913744676
-90197087 -1000000000
-963309086 1000000000
1000000000 -449214595
986643840 -993483441
679910176 1000000000
-1000000000 -848850670
608302951 -236787160
-590209632 465429060
-134203843 -615449988
605847870 1000000000
-982463264 1000000000
-174257756 1000000000
-763992249 280198407
405121711 1000000000
922175192 1000000000
-203858890 -1000000000
376888585 -1000000000
-571257072 1000000000
1000000000 288989647
-1000000000 944718667
1000000000 -86880204
-1000000000 586362407
-956245478 -1000000000
477081534 1000000000
92588055 -1000000000
-990634282 1000000000
661066914 -1000000000
1000000000 -196358036
1000000000 397792180
-558224644 -1000000000
-1000000000 949127758
-357911286 -576383848
1000000000 101401843
1000000000 -498014664
339050419 -1000000000
1000000000 -250759156
-578619058 1000000000
375697445 847524086
953277901 913865034
-16711832 1000000000
225585684 -1000000000
820066874 -760799647
-782488591 1000000000
-290799098 -1000000000
-890286822 258706157
-1000000000 -466561983
-148683221 -1000000000
-154714035 1000000000
-235885621 714647594
896259222 -1000000000
-1000000000 -649764775
805863649 1000000000
372040851 -1000000000
1000000000 789038303
581741930 1000000000
829278130 1000000000
-619749762 1000000000
-469606769 513632965
-198922262 -1000000000
1000000000 -427747879
1000000000 152211653
1000000000 -971633884
-138880996 -1000000000
-1000000000 601781267
1000000000 -26541256
484473451 872126497
-214712633 1000000000
1000000000 726311234
-1000000000 -927326084
892912151 -1000000000
-1000000000 450745955
-935025313 -989545070
-713482559 937787045
1000000000 -828348106
1000000000 -384125340
-619490981 660012853
1000000000 -751415132
616008019 61389187
-1000000000 133369680
-1000000000 -855200770
1000000000 365425470
79435814 915928606
1000000000 -258007931
1000000000 -633271266
5979001 104519101
498954354 756727680
124220732 -482202167
1000000000 546781494
-692174333 1000000000
95362822 178232793
-1000000000 -284240100
-849500120 -1000000000
1000000000 -225167637
1000000000 657566065
-1000000000 -510419084
-95920149 1000000000
654474635 -878493799
1000000000 -512487410
-1000000000 835030516
1000000000 -759293711
270381955 1000000000
547653721 234343617
-118289422 1000000000
-100446545 288578307
1000000000 -552371051
1000000000 579897723
-1000000000 -606052860
-936605432 1000000000
-99153536 1000000000
-1000000000 -105653071
952850841 -53913707
44386869 877522110
-1000000000 -82220901
-736074057 -1000000000
-376594050 726662759
-676193613 895682508
870314451 -37717404
-82671558 -1000000000
968404240 1000000000
-838063476 -52397
625863167 -1000000000
1000000000 -56006694
393128213 1000000000
1000000000 -702126535
1000000000 231569975
861712239 -1000000000
-345768656 -1000000000
1000000000 -925312992
-41141877 1000000000
-827372395 1000000000
-418904897 -1000000000
-940946139 665809932
-112781761 948925482
-640580403 10835418
-1000000000 70274419
1000000000 775935986
-1000000000 517208993
-274682641 652879740
-589223334 1000000000
378390532 836948687
1000000000 593010324
-372030623 -1000000000
1000000000 742843859
1000000000 415015384
-594178047 -1000000000
587154063 1000000000
1000000000 401071703
585347919 1000000000
539760410 367956795
-1000000000 469636306
682360783 1000000000
-364713895 -1000000000
1000000000 647511834
150455121 -1000000000
-15247660 1000000000
-317150466 90025523
1000000000 -55613109
-971644247 -1000000000
604658384 -607693177
-622801033 935178473
380611145 273470545
-36550032 1000000000
1000000000 671370332
-1000000000 -683847090
612500912 1000000000
-1000000000 -964222218
-485531709 -1000000000
-86460217 -1000000000
663687111 -512110225
1000000000 -17774959
-53570320 -1000000000
-904116111 1000000000
1000000000 225649351
155464032 1000000000
799354983 -843065886
-1000000000 212363468
1000000000 170129900
-1000000000 172822738
1000000000 -540296466
-1000000000 -471748166
-467031926 -1000000000
944770786 72259731
1000000000 -931645719
1000000000 979490164
99332196 1000000000
846911761 -42356861
-1000000000 -260656267
-689459697 -1000000000
-630503834 1000000000
-1000000000 -351606975
-56269284 -1000000000
338379495 1000000000
-1000000000 967990959
685399405 974434308
306405057 1000000000
-1000000000 -253005905
-56909806 366008267
-467304030 -1000000000
-1000000000 830807263
44270052 1000000000
-589738362 -1000000000
1000000000 -273111266
-807937153 1000000000
575756526 -1000000000
-380816423 -1000000000
1000000000 192626118
-644242699 236896480
-264104029 -1000000000
237024979 -1000000000
-1000000000 379412985
-474314765 776540389
249768530 1000000000
428576502 -887820909
-1000000000 -611930224
834707013 -1000000000
685458099 -1000000000
1000000000 850939637
340526677 -1000000000
279312918 1000000000
-1000000000 227412881
469137618 1000000000
506211650 -760275705
-1000000000 602141290
-255936734 2182739
-691771661 -102842612
1000000000 351960815
-78266980 1000000000
1000000000 -953851317
357712570 -588831508
-605635270 977239778
1000000000 -171477119
-1000000000 609894437
-281661946 -145003146
-967349653 1000000000
1000000000 -239177518
-1000000000 -646611359
-389495317 1000000000
-240953608 -1000000000
171274311 -1000000000
545919593 1000000000
145342109 809945623
44665275 -1000000000
1000000000 664583395
1000000000 -492129814
-431992076 1000000000
-966310800 -1000000000
551440845 1000000000
-482495233 30669473
1000000000 -839740549
-904267163 -131932401
-720507491 659083126
-1000000000 696685479
-1000000000 882296149
-1000000000 430302830
-102424300 761333274
765525452 -635424596
111786723 -1000000000
1000000000 -687502966
1000000000 -934368109
366403217 1000000000
1000000000 285326504
