1500
1000000000 981657811
896243310 1000000000
-459867608 1000000000
-558595752 1000000000
1000000000 -165727420
268048873 -1000000000
-1000000000 752423573
-1000000000 -489743832
404131121 -833973620
598418908 -1000000000
-1000000000 -642686755
1000000000 882122558
1000000000 -743483088
491990050 -689506802
-397564085 1000000000
-740958333 935342016
-1000000000 515488273
502641556 1000000000
-785371000 -643061456
-1000000000 -629140592
428368046 219637667
-737307440 1000000000
1000000000 725987320
-711551833 -1000000000
1000000000 -785973550
-1000000000 154314596
-1000000000 -367184725
107874693 616038303
27805879 674925339
1000000000 786151567
-1000000000 314981993
-1000000000 623217020
428419197 285483354
1000000000 957634732
-974350951 1000000000
36295860 1000000000
-270328616 851692507
-402880101 1000000000
1000000000 -851411302
1000000000 -85730461
-1000000000 -529606012
-1000000000 292251421
-394524944 1000000000
-1000000000 -718312261
-1000000000 423793870
-1000000000 -362161690
-66058061 1000000000
1000000000 386163948
830502000 154206207
-1000000000 504298017
799270003 -1000000000
1000000000 -731953832
-1000000000 -927172439
-1000000000 -498603419
930932506 -1000000000
-1000000000 553870223
883687499 1000000000
-1000000000 -869299912
-581565003 -1000000000
740318561 -1000000000
-1000000000 -406494652
-1000000000 -447591678
-1000000000 624097075
1000000000 -476853210
-613189804 -1000000000
-1000000000 -507397458
-811484881 -1000000000
1000000000 281510982
315226479 -1000000000
1000000000 -604334510
675447744 819299317
-536717878 508926499
174658090 1000000000
875544553 -1000000000
108199241 -1000000000
160742410 -1000000000
-472784338 -1000000000
-40084970 917714291
-545062367 -313552090
-117219083 1000000000
1000000000 -321005414
1000000000 -909451453
362348218 1000000000
-52103557 -1000000000
1000000000 -453758282
-1000000000 -307455019
-97849934 -1000000000
700846754 -1000000000
935497541 -1000000000
1000000000 -858182020
126202526 136516439
-262714966 -651199911
-254294922 28106803
-1000000000 -101653579
-874259042 -1000000000
698484399 805210116
217712380 267392206
-1000000000 6408636
639341304 1000000000
-67994822 -72687398
-1000000000 469004212
-306295952 -1000000000
-655041330 50970027
-607945241 905222410
-186318614 -1000000000
505330296 192028570
768725269 1000000000
-850617014 -1000000000
-300528386 151784960
-1000000000 -503513889
-885444573 -1000000000
844521153 -454452087
799131460 -808452944
-1000000000 476911183
-579398228 1000000000
1000000000 -915952715
582633881 -244876463
291164140 683449824
649103497 -1000000000
67174823 -1000000000
529183690 659546764
414342479 31139041
579911477 -496500287
1000000000 265453123
-715580262 20179783
206829459 978347848
-1000000000 -92850420
-836460092 -617513091
-1000000000 351077799
954097353 1000000000
-1000000000 421805905
881518782 -1000000000
549514168 -772417139
1000000000 -502283514
286365631 1000000000
-1000000000 -279639569
-845910701 1000000000
-1000000000 725799577
-271387938 1000000000
1000000000 -570510460
1000000000 561825727
-1000000000 270819494
-139185943 -412690845
-1000000000 991154723
1000000000 -973899722
1000000000 -588419870
1000000000 -125662452
-1000000000 607502286
-823812898 -1000000000
865002034 -1000000000
1000000000 -937266540
-524772881 1000000000
-1000000000 547486063
-84477280 970834295
894896336 718587491
-1000000000 908447159
-100540758 1000000000
-1000000000 500504618
-514029832 800548794
4700282 -1000000000
832398527 168341175
610307496 -169778887
-448211335 -248329474
1000000000 297751935
-191880821 -1000000000
-226740107 -1000000000
594090395 1000000000
953218111 591627389
635352638 -594269498
178972837 1000000000
282470941 -825357433
-1000000000 855494945
378529181 1000000000
1000000000 -329021279
-188489321 299954386
1000000000 -259785894
139981184 -22896056
1000000000 -36427089
-1000000000 83719054
332095684 1000000000
-1000000000 -901419263
372199123 1000000000
123385561 1000000000
-557276681 -422023117
140166860 -1000000000
361590790 -1000000000
-1000000000 112948887
715230703 410026022
-1000000000 183454248
-172517407 -919708105
867589393 -906220187
896036164 -1000000000
-868769003 1000000000
-1000000000 -563159699
-113578195 605629671
620571732 1000000000
762214271 -1000000000
-1000000000 197180130
978918359 767696652
-324837928 -449121142
1000000000 -650776197
885145003 370510753
-268596135 726019743
-44617379 -1000000000
-906234459 -1000000000
-666512497 1000000000
1000000000 546720702
-193544564 1000000000
253247560 1000000000
-971230073 -753675223
-1000000000 244220618
-649129472 876797708
-194379836 -332750971
1000000000 471646211
12601792 -222643149
1000000000 -504859858
-127009832 -575210105
1000000000 -325726758
600123789 -102490876
126602860 218357475
-429147726 1000000000
1000000000 -309471694
453977249 -630813112
-1000000000 -469428310
1000000000 296404235
16914469 -942505449
-147905001 1000000000
1000000000 29769655
-551814689 -159494059
-1000000000 609530901
-90676688 462890363
977229547 -1000000000
-198513345 1000000000
1000000000 -162010625
-1000000000 -592947015
-552675958 -1000000000
-244614592 1000000000
-1000000000 916738694
-992206106 1000000000
-118381949 -1000000000
-185756199 226249671
303943441 -1000000000
-617796746 -1000000000
-651248013 -1000000000
201344462 -167981327
-967873018 -1000000000
509301399 -1000000000
997671738 20247414
-596665080 -375303031
-1000000000 -385419889
1000000000 757770399
1000000000 78950043
-1000000000 -152669108
-396956094 31874145
-301108486 -942131800
-1000000000 -837197382
-730315191 -389238269
-216942860 1000000000
1000000000 -940843191
53534815 377634470
60394595 937927539
542757367 936742888
-223813866 1000000000
499250585 929745072
-420999352 895851408
-1000000000 489738993
-1000000000 872574165
-177766994 97891348
455475038 427064100
-1000000000 148686685
-531865253 -1000000000
-1000000000 -808507056
-378483779 -497874900
-1000000000 860893258
-58054023 -1000000000
-684382310 513867308
865478055 1000000000
-684826458 -340929333
-841946778 708952062
835283262 -1000000000
595634586 1000000000
1000000000 882130379
-757324157 1000000000
-1000000000 800085732
-203081315 -505652757
539666172 -718173386
56238522 1000000000
48263983 -827057311
1000000000 -331363955
927215474 -882290874
-266955098 -857743374
1000000000 -248132279
208020192 1000000000
-722205168 -1000000000
-1000000000 -29355934
655194943 1000000000
-1000000000 -501825902
-868745687 -842395514
87977156 475006363
-302221055 1000000000
-539925778 -708077251
-56578352 1000000000
731733182 -1000000000
857269740 721502906
-1000000000 -577902608
-1000000000 853563841
636251036 323490204
1000000000 -264712058
-1000000000 -932567419
-540619338 -1000000000
-1000000000 287131607
-1000000000 -17663645
37537298 1000000000
-337982554 -1000000000
338645388 -1000000000
-627944617 291476276
158066366 -620292522
-1000000000 -592161272
446651124 729094179
1000000000 151823403
1000000000 -931014078
-1000000000 511641332
-543629097 -1000000000
696500941 1000000000
90032125 1000000000
1000000000 -679986898
-63777438 -1000000000
376089393 444795775
-413075214 258924810
-1000000000 -581420510
-1000000000 990812320
-953322369 286459864
-94360432 -1000000000
147755617 1000000000
-545740061 -1000000000
1000000000 -740520910
736405296 1000000000
-240187164 -1000000000
929811108 1000000000
-1000000000 -279355437
-599440715 -647364534
699732760 1000000000
497656676 1000000000
-123079561 -1000000000
944224935 485949747
-419915534 -842580174
1000000000 566801013
1000000000 -8069267
941637671 -1000000000
-1000000000 -323507838
1000000000 -774454297
150888736 568073728
312973534 1000000000
1000000000 -443849675
409137853 -1000000000
966058972 -269791715
698850335 -1000000000
1000000000 943436371
-935451660 1000000000
-220520630 1000000000
446885391 409499152
-1000000000 120470137
-1000000000 605734772
-189355762 1000000000
-629113746 1000000000
1000000000 -606345452
195236024 -1000000000
902915660 1000000000
726257222 929498303
1000000000 -462834610
-674767722 597022492
-465012732 274511309
712745048 -1000000000
1000000000 522109619
-80652216 744092836
599355767 -1000000000
-220913234 -178494301
-1000000000 -982379494
322702917 -1000000000
-1000000000 125679206
-912422142 1000000000
22617175 1000000000
-391662160 -1000000000
-106288103 913440219
-1000000000 -950754148
214320017 58486244
-573039568 -442971617
1000000000 823708572
-713148978 1000000000
-148961886 1000000000
1000000000 -802127531
-1000000000 505406356
-771142869 -1000000000
-1000000000 819228949
1000000000 310991349
-237880637 435812050
-414054607 -1000000000
719922883 954648777
546387961 -1000000000
-312113210 1000000000
697787892 -1000000000
-1000000000 -925435055
-1000000000 324592964
-700964727 -1000000000
834526427 791056498
-834791547 -600679599
-590747651 1000000000
1000000000 27845222
-1000000000 -340197093
-500440730 -1000000000
618244983 537528561
-263395379 -911075555
-273916469 -1000000000
-1000000000 -573961271
-310974677 -1000000000
-20095632 -798906832
1000000000 464426558
297586780 1000000000
-907408979 1000000000
-1000000000 -859740173
1000000000 407172825
1000000000 -717912801
-106481931 1000000000
104628632 -1000000000
1000000000 -625822077
245306693 1000000000
1000000000 439399669
-1000000000 -855616011
508619241 -774067165
-1000000000 316568883
-354375198 494438088
194986071 1000000000
-980075975 867347639
1000000000 318098545
697415981 -1000000000
1000000000 281378201
1000000000 -625795178
559282824 1000000000
-700026193 783048631
-125631638 -1000000000
737332532 923546979
-128935009 -643438631
-1000000000 -911203982
707702475 -499786743
526390935 -1000000000
1000000000 654334424
-345908120 984564507
-615485964 -1000000000
1000000000 198610383
71159292 378517224
-19839206 1000000000
1000000000 132250798
-781975980 777916074
1000000000 832783785
15731879 1000000000
-365093994 379379403
-231390984 1000000000
-1000000000 729843328
-327830952 1000000000
1000000000 171057683
-1000000000 -170420748
-226966013 -1000000000
342620223 1000000000
-292372520 -1000000000
1000000000 169337600
-855608125 -1000000000
18372172 -1000000000
-465208702 1000000000
919329700 -504580935
-683236165 1000000000
1000000000 -875377845
341134761 225401279
-634855345 1000000000
345485632 -1000000000
-520346574 -1000000000
-1000000000 247302032
1000000000 674413669
-355903760 592700058
1000000000 39318310
1000000000 427001616
474153718 -1000000000
-1000000000 3379245
1000000000 -973834907
135705545 1000000000
942850284 286786
16540305 -1000000000
-897893679 -379550020
139943388 563267854
1000000000 -889767359
315382146 320499241
-214599037 -1000000000
373682229 -1000000000
753739706 -1000000000
-1000000000 132484059
979862880 -558861203
-793390366 -1000000000
-1000000000 193314255
-220776523 -1000000000
-1000000000 -87189161
789640836 1000000000
116199867 1000000000
-1000000000 802197757
413675578 -151467301
479200182 1000000000
-76615387 -1000000000
-1000000000 -183012699
976503299 1000000000
-860840684 -723514919
-515750117 141391143
1000000000 849654291
-1000000000 256891428
-974785153 -1000000000
-1000000000 4975803
-250862897 281369865
704932265 -1000000000
1000000000 343531834
1000000000 -593039179
-75860737 -899849464
1000000000 32624244
-353612810 1000000000
-1000000000 963444350
-818764344 1000000000
-63551347 -977383059
997466128 -1000000000
-683927557 -660791306
-997051815 -1000000000
1000000000 161081994
-1000000000 -954134892
1000000000 725671497
1000000000 367703822
1000000000 120816570
1000000000 -678196387
-680581299 1000000000
-816689722 -1000000000
-513105832 -525335906
72273377 1000000000
1000000000 794585027
746206908 1000000000
182373751 550961665
890339875 -1000000000
-77087783 1000000000
-16447410 380618107
229218084 1000000000
1000000000 366887484
1000000000 -233810308
-1000000000 -94628388
450702200 1000000000
1000000000 416459388
354446298 1000000000
1000000000 -479716204
-1000000000 -603873383
-557881616 795864199
1000000000 773722609
-1000000000 -229167554
-930395298 -108877888
933255817 -1000000000
-1000000000 -419261700
-520803620 -92735443
749846771 1000000000
409947318 666525484
-1000000000 -149475287
258635638 83268082
1000000000 360370723
-1000000000 454264443
-830648883 -586390134
-672577727 919489325
-330309107 -789928014
-1000000000 382216796
-1000000000 -460573463
591067683 1000000000
-1000000000 313682408
-852780479 -1000000000
1000000000 -714092015
-375616135 1000000000
-891400208 190440438
-1000000000 142811200
-1000000000 -174165104
-1000000000 703223475
-193339324 583291722
375559927 1000000000
1000000000 389203174
615845215 -1000000000
1000000000 997359785
-1000000000 -91384742
-1000000000 918604004
1000000000 516810728
-286954073 1000000000
-1000000000 -268936080
584724493 -979856092
-1000000000 -239092846
1000000000 -107748873
624896908 378853704
518697828 -305326936
10142930 -1000000000
162587296 -1000000000
-253302380 -1000000000
999478739 1000000000
1000000000 -428321952
-648960205 -1000000000
-1000000000 -655632909
1000000000 616732631
-1000000000 279812726
-518234068 -1000000000
-934379905 280288320
-1000000000 -29624970
-562051692 1000000000
-514844009 1000000000
788469690 -845770734
-784140129 844491673
-552203418 351878280
-839884378 1000000000
-1000000000 -28961942
-1000000000 110608037
931647747 671093116
-210846266 -1000000000
189460993 1000000000
-1000000000 870214690
1000000000 -297402746
1000000000 -954393157
-1000000000 597820503
-589570228 -89589216
-697808106 -1000000000
-1000000000 304120548
-256355906 -1000000000
820154505 1000000000
-1000000000 853631369
242017726 -1000000000
-222709646 1000000000
-358392384 -1000000000
979289982 644925258
1000000000 444014141
-1000000000 -636046183
-355369429 -768350673
300080249 -1000000000
-465152286 -1000000000
460802146 947714877
625169858 961535921
506065503 404799994
1000000000 -159977283
1000000000 33418281
214785272 -1000000000
593329790 -244764541
-53318244 992297387
-1000000000 -397689153
445907819 -418749084
-457911815 -1000000000
1000000000 583907207
-1000000000 -3328202
-737316183 -1000000000
-649848295 -1000000000
-1000000000 316643450
-393357383 1000000000
-609605502 470617161
-740745677 1000000000
33371879 -1000000000
-708942464 -1000000000
-864127273 -1000000000
-647420340 -50533717
-701936178 278704695
-716725192 874146413
-790837799 210164659
-1000000000 -107784632
-1000000000 16731325
-240270992 -451471736
-17694565 52849672
796068579 -1000000000
-1000000000 424505295
-1000000000 344110580
-286425117 -1000000000
1000000000 170339465
249892681 -1000000000
-1000000000 -228432327
-1000000000 304498711
-1000000000 191069608
-996211501 -1000000000
1000000000 19760909
-1000000000 66887938
-1000000000 462292185
-969186447 1000000000
1000000000 26905007
1000000000 -456397134
829622132 1000000000
-1000000000 330317660
1000000000 -743254142
-86093595 -411327257
1000000000 -168632394
757280187 -657413319
39162755 415043588
-603217056 -477186503
-112689984 -1000000000
-279059587 354068522
363555195 1000000000
-1000000000 413847174
-959924661 354871769
-1000000000 -489920472
1000000000 -181769157
-865757074 1000000000
-392405269 -1000000000
-1000000000 33912386
109268305 1000000000
-797427591 -1000000000
1000000000 -689515700
597172035 -1000000000
-1000000000 -7131650
1000000000 755395158
-1000000000 -925769996
-1000000000 872005291
1000000000 690489579
-83289712 -118787228
547590809 1000000000
102365929 1000000000
1000000000 -446734481
-600913115 120956849
-717969386 -646256981
1000000000 982841064
848711292 -761607382
786360940 1000000000
-1000000000 304088567
299226612 -1000000000
68761524 265131418
-1000000000 387217012
1000000000 -953209789
-1000000000 -319552411
-1000000000 83923830
911767377 1000000000
-1000000000 244915125
-773832108 354551531
-298590231 -194113282
-1000000000 -54941467
844773902 -1000000000
-1000000000 -45004137
1000000000 -841865657
828164686 630179669
-831770994 -1000000000
1000000000 -944113182
572231496 -1000000000
1000000000 -980696715
-695540933 -1000000000
1000000000 927116946
-1000000000 687808789
-326670185 -106660068
1000000000 -864472705
-1000000000 869681052
822790363 676809327
-1000000000 -565686460
1000000000 -464707333
-1000000000 98240940
-1000000000 -334840507
249067465 -1000000000
915528004 577423476
164035606 -1000000000
-7110323 -935911523
-19750345 -1000000000
-229844547 -970604860
-293869110 430280096
3081525 817945311
-333485257 1000000000
-25128707 109274022
1000000000 989927318
-693582728 -203400743
-1000000000 -911991428
-1000000000 892506176
-683865864 -1000000000
662216829 1000000000
-1000000000 211762863
870212987 -1000000000
-418779777 -108517731
-796737951 -1000000000
-611104334 259478960
1000000000 -437901580
-1000000000 624285508
412762501 1000000000
1000000000 66408904
72454357 1000000000
340759943 1000000000
352031086 152820170
270485745 -1000000000
-31147114 1000000000
-1000000000 103871127
-978135717 470503204
1000000000 242164889
-680501227 1000000000
-1000000000 -82269979
-629213276 702159652
714838947 -1000000000
454623796 -294169684
-1000000000 -636189035
854705288 -1000000000
-133777470 -1000000000
743740435 -977814222
-890804143 -1000000000
-469505846 560407826
809624954 -1000000000
-726302584 -466064618
268958510 -778926896
124094577 1000000000
1000000000 -695313977
473022008 1000000000
-487430019 -791797304
439248034 -112065300
688059049 1000000000
-1000000000 -468838773
-1000000000 -914769922
-1000000000 -884540821
-1000000000 -499789195
-1000000000 -361516795
-773676910 1000000000
-885049770 1000000000
-518696604 -1000000000
797250062 -1000000000
-1000000000 223877137
818607393 647361325
1000000000 -966266647
-175232721 -1000000000
-984927255 -1000000000
-1000000000 -837464734
1000000000 708450589
-947247099 1000000000
-1000000000 -6303741
-308253135 1000000000
1000000000 -871974866
-990169967 981749488
361302890 -1000000000
-148912261 1000000000
-717416904 1000000000
123230106 -868616818
-703741571 683528735
-1000000000 538449675
1000000000 -833216270
1000000000 685401153
928391381 1000000000
-257753588 -674553576
809064303 1000000000
-1000000000 -587308780
348222474 -349709478
111542707 -1000000000
276159823 -1000000000
251775474 -1000000000
849014899 -1000000000
-435171357 1000000000
-289322229 309441196
331966706 861121054
-516675093 1000000000
-333694536 1000000000
-1000000000 -9748046
-614777574 531829496
-323423068 -1000000000
-127416081 -1000000000
259337564 -1000000000
1000000000 -725422901
442431785 -1000000000
-1000000000 86043821
-86035430 -1000000000
1000000000 144012358
-958696050 333569518
-1000000000 588996633
66843584 1000000000
296749329 -8784733
514131772 -1000000000
-176168334 -1000000000
-443648298 -1000000000
384289036 -1000000000
-1000000000 757280308
-613497079 -531918479
403660544 -1000000000
1000000000 -562407467
1000000000 44057049
78287970 1000000000
988381093 -1000000000
998599711 -1000000000
-775217014 668133076
-665451138 -696002566
-1000000000 536777591
-683678486 1000000000
1000000000 720859836
-480431307 1000000000
-952980430 -267910258
-100484833 -335092816
1000000000 52772218
-643693991 -842958852
-761768321 1000000000
-1000000000 -107893836
1000000000 -752421834
-386919809 -325281158
-707543999 -1000000000
-1000000000 76343796
684125969 929381565
-710037958 -1000000000
110334888 -1000000000
1000000000 197319503
-549370195 1000000000
1000000000 939931728
-1000000000 781044443
560300299 -1000000000
-421300290 1000000000
-1000000000 114006059
-77493838 1000000000
-1000000000 506402
-66722876 1000000000
-198286642 -43413695
-99996127 1000000000
374061436 1000000000
-1000000000 -374264183
-883988870 -1000000000
-1000000000 191221601
945511733 629836300
-1000000000 -383115205
1000000000 299467605
-491734046 -1000000000
-1000000000 -197311301
168128347 1000000000
-131890105 -1000000000
-1000000000 384868218
1000000000 -147852383
-419481479 -436227934
-78931360 -133146471
567569813 -50769251
1000000000 -386542858
-1000000000 831321305
-83017430 1000000000
-411574498 -1000000000
-565108604 242463185
303984219 1000000000
-459474538 213113077
818400089 1000000000
1000000000 -143088949
-312908831 1000000000
-926300516 -1000000000
-158132635 820171668
316801616 -1000000000
1000000000 681287188
-133202558 -1000000000
-890031459 -537597871
-346022474 1000000000
61187961 1000000000
1000000000 -895792329
-482422786 -1000000000
-440899477 59332873
-1000000000 772943595
-455778985 821797158
883620705 1000000000
598309812 562463367
370152410 -147290971
-290331046 131949792
57727962 688948064
353021872 387169992
-1000000000 51469343
101978619 -546704992
-484404681 -684121415
651081102 191443032
-206454470 211150452
-1000000000 -40563109
-345160064 1000000000
-22100654 -1000000000
-115722528 -277950340
-565100698 -493878056
-1000000000 515945149
-1000000000 -189500620
1000000000 -476310471
-1000000000 -125197359
1000000000 398626354
-354729112 -770177207
-1000000000 305121408
-1000000000 87805150
-28251590 260161330
-57822842 -761663054
-455676038 -120150689
1000000000 167581094
1000000000 -964177716
-411305403 704288245
445581135 1000000000
-1000000000 -984002878
-1000000000 -792469172
-67566777 -1000000000
-1000000000 945721173
-765068730 -842128970
746581325 -575954155
-1000000000 -567693578
-1000000000 985211335
1000000000 783194966
1000000000 540271247
1000000000 -249272122
-1000000000 551556026
-962021877 -1000000000
-1000000000 -284402018
392683885 217617308
204814621 980473641
-569152829 -1000000000
-300062782 1000000000
-1000000000 -143976570
937343357 312388059
-163076153 -1000000000
1000000000 957919954
156590015 911333000
1000000000 -724519436
1000000000 -635812183
-1000000000 595533986
-452863363 1000000000
1000000000 -169480053
-759424800 -1000000000
-1000000000 -767156874
-1000000000 610245552
264851811 -1000000000
1000000000 383949482
1000000000 391012169
-827373872 1000000000
0 0
-1000000000 484999179
-1000000000 -137981725
-233229230 -1000000000
-25751730 -576955400
-1000000000 -971250741
-1000000000 316034593
670109940 1000000000
-629570607 1000000000
222350411 1000000000
1000000000 915940726
-33645311 767743461
-225327014 1000000000
54129806 -1000000000
-993120605 1000000000
452893560 -866658216
870773983 -1000000000
293808429 -1000000000
-1000000000 329942963
387586803 370180001
-1000000000 -493534567
-1000000000 850561964
781163375 1000000000
90174251 1000000000
18625389 1000000000
-399549710 -294266195
-344049142 1000000000
-191364047 -502079003
26666324 -141270127
1697709 704797306
-1000000000 -168385158
1000000000 863662059
-91455464 930913121
-297791924 -988260199
-420974704 1000000000
-799926311 -1000000000
776461066 177540821
-1000000000 509071536
-1000000000 839393381
-970062890 -96517673
-1000000000 -912257053
322924506 1000000000
1000000000 492810951
1000000000 -354473112
-900888184 -1000000000
-1000000000 818403854
1000000000 -726347098
413819362 -134581048
1000000000 949597500
966707089 347560694
-79042801 1000000000
588072150 -1000000000
-247655775 1000000000
1000000000 -854363799
-373166880 -1000000000
827815478 -1000000000
-1000000000 -275564492
571121910 658891644
1000000000 388485237
1000000000 -59149832
677140945 -1000000000
-353703768 -1000000000
548897348 -1000000000
-303586398 824195768
-61609360 185598669
-109710358 -67686865
-440306458 341482221
-545019157 1000000000
1000000000 -112077127
268760487 351985158
-962854033 -1000000000
-113173197 -818176717
551704038 1000000000
-96834102 460525245
577304838 -1000000000
897560900 -1000000000
42515732 -1000000000
-1000000000 779212800
-339485656 -697125025
-152208512 1000000000
340048073 1000000000
1000000000 818681051
-883333493 -1000000000
-720417395 1000000000
-935852841 -1000000000
-68796592 -1000000000
-1000000000 292143792
420901140 1000000000
-207342160 1000000000
1000000000 -87862965
1000000000 994383290
-1000000000 841318778
-1000000000 -576704588
-101640334 1000000000
655131437 -1000000000
548870750 1000000000
-875846220 28685879
513546629 -122850485
-1000000000 396755850
1000000000 -930376294
-21372147 1000000000
928729249 1000000000
286095340 -219157118
-787898335 -1000000000
290872173 519165674
611320718 1000000000
1000000000 748730189
1000000000 733140495
-307563681 1000000000
-1000000000 792359782
-673414632 -515128076
381421603 846617408
-1000000000 496434581
-152298143 -1000000000
1000000000 321248968
199564576 47396530
1000000000 -392505319
-1000000000 389399916
-1000000000 -594610205
409767692 696551771
-1000000000 52316192
-323843017 -1000000000
-1000000000 -428807091
-652516088 453363403
-1000000000 748476244
-70649895 -1000000000
710473774 342233187
-1000000000 -204385616
-1000000000 934599135
666908344 1000000000
-663466699 -1000000000
-931952213 -1000000000
371054206 -1000000000
1000000000 -275456892
-162902110 184323115
399946176 1000000000
1000000000 -771894101
-504726041 -109417795
859710618 1000000000
625015506 -395723444
1000000000 943766311
1000000000 145394856
751916707 -1000000000
449484880 -711301159
481759052 -1000000000
1000000000 530244592
-564884086 1000000000
-1000000000 -430358305
407663909 381468962
-187898634 1000000000
1000000000 510453757
-1000000000 935986154
-1000000000 494499988
-958911753 -1000000000
-1000000000 2857056
354534855 1000000000
-77609893 1000000000
-1000000000 -276310656
-861492882 -1000000000
-293517787 1000000000
-866626439 1000000000
-231384793 1000000000
811751999 -1000000000
-470474539 -1000000000
-1000000000 373884344
148101251 -570630564
772558375 -368466775
-751296962 120357419
-1000000000 -759669031
1000000000 656541845
228958162 302874229
-1000000000 872708422
1000000000 -297053115
-1000000000 453256442
-499908721 -1000000000
936758172 700539348
294885944 1000000000
1000000000 139511082
835888107 1000000000
616110280 -1000000000
-1000000000 -207700860
-771211227 -1000000000
-562463128 -896543040
753175832 -435967049
359282794 1000000000
-708583570 -1000000000
1000000000 -208436369
-1000000000 -136199282
251906503 -1000000000
779778998 -1000000000
860944484 1000000000
46536111 -425133357
997762193 428467340
650338060 1000000000
-1000000000 961188051
415287928 1000000000
914023817 264096619
1000000000 -260669547
-1000000000 -796403110
-640935993 -20212815
-910535469 -1000000000
-1000000000 -521103015
433747520 -554007104
-943480718 -1000000000
-753937287 -442541107
612608384 858643181
-477043400 1000000000
541136089 48209625
-317347825 -848308651
588511583 -1000000000
339606936 -1000000000
-1000000000 237798134
-1000000000 627383369
-156995274 1000000000
-1000000000 539912472
-224021026 -1000000000
138017758 -283131628
1000000000 846248324
-1000000000 905782159
1000000000 242962109
-1000000000 -741603041
-1000000000 -642481854
1000000000 508334188
1000000000 811088027
-332313466 -1000000000
250481524 1000000000
157095529 139040044
730670247 -1000000000
-380462194 1000000000
434056802 -137458737
1000000000 603113001
-1000000000 -892874409
-276470964 373493364
1000000000 212675355
-803008072 765535560
-996984673 -1000000000
497685783 1000000000
-1000000000 391489911
1000000000 102668517
-1000000000 -500508876
-592881663 874686753
-751672959 1000000000
-125195955 -1000000000
1000000000 -961959667
1000000000 33286097
-1000000000 -542545745
-1000000000 -263200629
864188610 -1000000000
-1000000000 155322526
570391039 1000000000
-110399156 -1000000000
-247144694 1000000000
-1000000000 -297486921
900697252 -1000000000
1000000000 50429344
-1000000000 123532951
1000000000 199704078
-285685362 1000000000
-169823651 -665848343
1000000000 -920287646
447253175 673183770
165232274 -1000000000
-617137405 -1000000000
731353592 1000000000
-396524938 -873959507
338641700 449189934
28046348 1000000000
823685530 -1000000000
3751153 -1000000000
1000000000 -653801294
-163808586 1000000000
-1000000000 497905405
-3119653 -385775772
-133352885 1000000000
-1000000000 241944921
-1000000000 623165648
600596325 265797829
-247389559 1000000000
-1000000000 -915721814
-1000000000 -291361452
-1000000000 -44787463
-1000000000 601972744
-1000000000 -76145732
-147516003 -445047840
-131987989 1000000000
1000000000 -346198107
-278503940 -1000000000
240954571 1000000000
1000000000 -481354756
747696112 6666868
421808290 1000000000
627105989 1000000000
-1000000000 -115388568
-970913725 -803351653
-1000000000 -757551603
758201252 -1000000000
1000000000 712616628
-1000000000 -519189227
-236639235 -1000000000
-556060845 547781221
215643766 -194254701
1000000000 837781635
611775852 1000000000
773235368 5474993
-150879414 793962919
-1000000000 52702442
-1000000000 984020308
1000000000 564949693
-525322912 1000000000
-926921852 -1000000000
81903350 -1000000000
1000000000 58040590
299536847 1000000000
1000000000 303518079
467616008 110091784
-757839457 1000000000
-1000000000 798380193
656257924 1000000000
-1000000000 984550872
150726126 -1000000000
-1000000000 386781882
-107005325 1000000000
738404610 1000000000
1000000000 509453433
-1000000000 914884499
-167208019 1000000000
231663347 1000000000
-707856161 -759216603
-16878874 -1000000000
-1000000000 430575776
1000000000 -923891619
1000000000 -545546398
-1000000000 199334957
-1000000000 -235444978
-1000000000 -625717230
-874720052 1000000000
-832984176 -1000000000
227798931 -643083537
-472595121 90948346
844007074 -793563626
638402312 -1000000000
1000000000 100001602
1000000000 766977349
-1000000000 553599795
97066611 1000000000
881909196 -1000000000
-571017517 -64179135
-403333342 -1000000000
-103064339 -600054417
629608279 -242131752
-740146889 774137711
418407244 66581859
1000000000 208350700
-1000000000 -851656639
-601846606 -453072683
989001810 -1000000000
549947005 -265902350
939973373 1000000000
584835514 1000000000
300626353 507505374
-763707331 1000000000
-207039295 1000000000
593636467 -1000000000
-1000000000 233805628
-46498434 1000000000
-1000000000 675634321
-1000000000 -629652446
-1000000000 829928224
-216975161 -1000000000
672730554 1000000000
-1000000000 -784728589
1000000000 -482509031
1000000000 -789839331
-317308122 1000000000
734120071 -1000000000
-788418237 -613610368
-964015702 -1000000000
-657054062 -1000000000
-796824733 196464515
-1000000000 794488028
1000000000 -771764335
27990019 -1000000000
1000000000 -544779936
1000000000 331826641
-1000000000 638925839
-500010999 1000000000
1000000000 -604217839
-1000000000 648282130
-248438788 711653346
695554576 -1000000000
-1000000000 -401626936
1000000000 458869676
-946866223 -1000000000
504458757 -1000000000
-1000000000 -266565868
1000000000 829272042
-874563061 -1000000000
1000000000 -585071456
1000000000 -143563229
45138234 830961082
1000000000 -435129471
-1000000000 -567697861
-549476231 1000000000
-987669740 -225480838
400163328 -1000000000
1000000000 -661252225
1000000000 836724160
944602287 1000000000
-685129227 956359716
-641520066 734726786
-243921377 1000000000
-425113657 1000000000
-482758530 1000000000
1000000000 -504725959
-1000000000 -939112216
-493093898 1000000000
174191880 -540534388
1000000000 562458369
-1000000000 -181624234
-998051797 1000000000
-1000000000 597920573
717167309 1000000000
954548226 -1000000000
-399657989 -1000000000
-1000000000 846668312
-1000000000 -540393876
206793554 242244367
-1000000000 640611412
1000000000 -3758688
1000000000 766349919
44709715 -1000000000
466451993 830092316
-1000000000 -646203508
123077324 -1000000000
-5735056 -1000000000
150580141 321646030
557222112 1000000000
855164897 -1000000000
-1000000000 797181388
278392879 -808821523
-134731337 1000000000
321928545 -400166499
295399165 -298039190
836975478 -1000000000
-121843833 933122438
1000000000 136315269
418973961 906448766
-552889716 1000000000
1000000000 -634962663
539700293 1000000000
401051735 351564922
-543751750 272141305
-696097218 -68365552
668494571 1000000000
1000000000 -497014003
-520471931 1000000000
531908933 1000000000
646358951 814455775
69535919 -1000000000
256810321 1000000000
-477570143 -603350452
293168438 1000000000
504349990 -515815047
745111885 -1000000000
1000000000 477029322
352430046 -1000000000
-530616773 -1000000000
-1000000000 109951054
-1000000000 518144451
439717790 1000000000
-975192671 1000000000
1000000000 21996715
-241000825 1000000000
-576222140 -1000000000
-1000000000 -262933862
-1000000000 759552020
-394323511 -1000000000
592089084 -1000000000
-351841235 -396874657
-1000000000 -363546652
-1000000000 197046621
1000000000 727431885
611950191 -1000000000
-1000000000 -573820616
-21886936 1000000000
1000000000 575301649
850702433 701923821
-1000000000 -6951825
1000000000 -797963098
507275608 1000000000
-541573062 1000000000
1000000000 590154544
-1000000000 -293877114
-85815568 -467486553
