1500
-511652888 -1000000000
815126597 -696230974
1000000000 -993111567
320159406 -36935443
-1000000000 969734311
-574971522 275672837
1000000000 526420734
-1000000000 -438520666
449781742 999541332
-1000000000 -859862308
653969785 -1000000000
306028592 -1000000000
-174465244 759281387
-178213930 -1000000000
1000000000 -168138668
1000000000 136777552
859807647 -1000000000
115072029 -743506827
1000000000 -577839199
-732049811 1000000000
-208445600 1000000000
-621999117 214247382
174495936 -422570466
-327297296 1000000000
366125059 1000000000
1000000000 710713625
-1000000000 79578086
-1000000000 -937176266
657922466 321597960
-345611740 -271392760
-483544992 -1000000000
111627835 766568645
-981374412 -1000000000
-1000000000 -591305245
-122492110 -1000000000
-888857435 1000000000
-1000000000 -780418755
1000000000 955241396
-1000000000 839127246
-451996624 1000000000
186347579 1000000000
-1000000000 -117915747
-889064746 1000000000
1000000000 -462038837
-978064940 -471164574
-1000000000 541501962
864641911 115424012
264277641 1000000000
-1000000000 -361324385
981078119 1000000000
-1000000000 -702272151
-837534525 1000000000
448889682 669301141
1000000000 531043632
873966052 961094806
507617965 1000000000
-1000000000 -444841023
-471126714 1000000000
-1000000000 -17805239
1000000000 291381932
915846911 712976662
-989636833 -1000000000
654875348 -1000000000
-1000000000 418157190
538108729 -1000000000
-13195711 1000000000
286529475 -766494495
1000000000 -70693546
-1000000000 -40899002
1000000000 601980716
-1000000000 -488226714
1000000000 -558025468
816977426 687374210
-1000000000 601619181
210240994 1000000000
1000000000 73264096
999219577 1000000000
-650697608 1000000000
-176721984 1000000000
275488377 -1000000000
907796981 -1000000000
-647525329 -1000000000
-1000000000 362020927
783254611 1000000000
457416240 50690295
-540172598 1000000000
971093967 929869462
-93830740 -1000000000
1000000000 -322743090
50164499 1000000000
-1000000000 962093153
376619178 -1000000000
1000000000 -578177790
-886449483 1000000000
-1000000000 -633082874
1000000000 253428311
1000000000 415346526
-265556818 1000000000
182574979 -884614117
-531004416 -1000000000
1000000000 -682708072
-503721713 1000000000
1000000000 -111999126
-1000000000 577029646
1000000000 -656664428
580893849 491898286
971427140 -63160534
-1000000000 -929139969
-1000000000 143408776
-1000000000 -88870542
-1000000000 313235330
-1000000000 106979583
-334132926 1000000000
1000000000 440759783
349349616 -1000000000
885243511 1000000000
1000000000 532203641
1000000000 325876137
-768706587 -1000000000
-560845565 -1000000000
-493658546 1000000000
652128390 1000000000
223857914 -77024437
-1000000000 170960413
-1000000000 899608976
-1000000000 -697016941
677732127 467338920
-300892798 444404617
-688891397 -1000000000
744201743 -261015021
-769511773 1000000000
1000000000 -771422902
-195269819 -1000000000
-1000000000 -345625168
-619834153 1000000000
220319355 210719990
1000000000 83580614
29949555 1000000000
-740074645 -1000000000
-685121009 -1000000000
-1000000000 -440502076
-628295661 -1000000000
-1000000000 -33645965
1000000000 -525220711
-1000000000 850372468
441045481 -1000000000
1000000000 -803904402
-638635199 -1000000000
-1000000000 683421940
177300691 -43128157
-47592531 1000000000
962636835 -1000000000
870275341 -191134494
-439387981 1000000000
-156061913 -1000000000
-641997102 -1000000000
1000000000 -305050399
203300024 448652645
-149898419 540287577
-318914905 -1000000000
1000000000 -674406674
1000000000 804403428
1000000000 -467140289
616495124 416464771
-772786300 1000000000
486988112 -1000000000
1000000000 856947001
-1000000000 137018469
767677251 1000000000
-761734313 -339082913
810204764 13865491
110618218 1000000000
91990065 -1000000000
-1000000000 -935299831
857916030 -725726880
1000000000 81003447
-515651282 8715253
118858416 -310112094
1000000000 708380983
178393854 -618884469
1000000000 71933061
491883733 156048846
-613353358 1000000000
594467469 539663873
-878842027 622444840
-303567455 1000000000
1000000000 470743775
570670636 -1000000000
-924374590 -704739407
394879033 1000000000
-1000000000 -243110552
1000000000 -803103126
-260718706 957036537
572363776 1000000000
1000000000 273306767
634535512 -1000000000
-827905711 -1000000000
124022308 -1000000000
1000000000 -77530943
-993782913 -1000000000
-1000000000 -276187002
-801793079 420876851
-219849894 -716360111
-1000000000 149541851
-1000000000 296950148
-1000000000 -112512659
-1000000000 -142205405
1000000000 -511200501
135044857 1000000000
1000000000 556043650
149588253 1000000000
-49918204 -1000000000
-859009152 -1000000000
707656484 1000000000
724308322 -1000000000
429880869 683566167
467730382 -1000000000
-1000000000 -15487937
158111606 -1000000000
1000000000 941418645
399805657 -255801054
1000000000 -763834012
1000000000 -545525943
-807216635 -551393837
1000000000 793126407
88866053 -877611186
654490639 -1000000000
-1000000000 28656374
1000000000 828456998
1000000000 879126197
1000000000 -291315417
-1000000000 -8527820
-126445765 -1000000000
-1000000000 590032997
730183918 1000000000
437590925 211650156
-1000000000 -850423979
-215394933 1000000000
709859377 -88091853
1000000000 758744278
-1000000000 379125097
-235085309 1000000000
1000000000 681955538
586494848 498400344
1000000000 -761477037
-1000000000 93361756
1000000000 -647405136
106490358 -1000000000
-72076578 -1000000000
-849341358 1000000000
985018911 653289574
-1000000000 92923619
-1000000000 -679078095
-1000000000 697959962
484079064 421056346
-1000000000 -56303849
838281214 -1000000000
-824513374 -1000000000
126040634 -1000000000
111320132 -695777366
-963642722 1000000000
175163139 -765574066
-507390463 1000000000
1000000000 -504221992
-719244299 1000000000
-1000000000 -191496342
1000000000 924309798
555901839 -165804954
-754054089 -1000000000
489865339 -1000000000
191216472 1000000000
-321554411 -1000000000
1000000000 899820269
-379353247 -1000000000
-1000000000 255273524
527791775 322320543
535316800 698103354
-880398893 169009380
-618262385 -1000000000
952288490 1000000000
-566287261 1000000000
-771250550 90010815
613711471 442951977
-1000000000 -202416995
1000000000 973631064
-485429426 1000000000
1000000000 915159441
-530842935 433261710
926670411 118603988
1000000000 -277905344
-1000000000 -151306148
711928360 -1000000000
-627468975 -1000000000
1000000000 392860268
670937444 -1000000000
-1000000000 -859417070
614519346 1000000000
329711398 1000000000
-1000000000 -717418276
240937691 206984890
529546431 1000000000
1000000000 975722593
590378967 -1000000000
477972947 -1000000000
224408506 107683724
-1000000000 -594612663
-73257914 1000000000
829028149 -1000000000
610770760 259058799
-263790787 -200116895
-1000000000 35782831
625069141 -965601779
1000000000 86086112
522275773 113481800
-1000000000 316011708
-1000000000 -866435392
704062889 1000000000
-351007355 1000000000
736692555 583269591
254650477 1000000000
-113910435 -1000000000
1000000000 -783164043
-624398950 1000000000
-1000000000 924254020
-69279815 634912567
-1000000000 -118767526
-1000000000 -906584679
1000000000 -489198112
-1000000000 -947169231
235975721 -598712006
-460447106 -336212274
1000000000 -358650391
10717664 -1000000000
-997296995 -1000000000
693438174 1000000000
-831519386 -635742459
-63028578 775126940
-512251065 -1000000000
296067773 1000000000
996517497 611415137
-340684825 -1000000000
787284727 891150151
814214575 818402367
1000000000 925296767
1000000000 153507358
234348699 -739343854
-631428124 960440989
-1000000000 -475640760
-332533988 1000000000
1000000000 -294631974
167768754 1000000000
1000000000 -951713533
849053132 312422487
1000000000 655053373
802088490 -1000000000
-890053903 1000000000
-1000000000 50735627
116691052 1000000000
872744222 510106839
-817896349 -1000000000
-380773380 1000000000
60756310 -388920798
-453021266 1000000000
-998103324 -1000000000
1000000000 -811538537
1000000000 -809464679
-1000000000 -461542963
-1000000000 -421946255
-163992722 -1000000000
-791179866 -1000000000
954430741 1000000000
424143240 238259341
-263117591 1000000000
192103614 1000000000
-1000000000 629955948
916509959 1000000000
495787290 -806833329
-533102236 1000000000
-1000000000 350460699
453924781 -1000000000
-1000000000 207934156
-1000000000 379972397
-655987858 -334254149
641542941 -92716886
-386040187 -771855051
659282795 1000000000
-43380099 157030833
843090770 441917689
928469272 -1000000000
1000000000 -223271205
562952647 -1000000000
1000000000 272417365
77771727 -1000000000
-284437946 -1000000000
507218861 97832799
-917007954 385842859
-877961402 -445218244
-1000000000 -425288639
-393646874 1000000000
1000000000 -422864878
1000000000 329554922
379149711 -506094773
-1000000000 308234344
1000000000 -412474826
1000000000 406898300
1000000000 441444092
-1000000000 617555446
212020998 -1000000000
157622674 1000000000
64515259 1000000000
1000000000 586499706
507910654 -1000000000
-788114084 156827797
118989993 1000000000
1000000000 -768052590
-775497885 -1000000000
-162014807 -1000000000
-486370172 1000000000
928241988 1000000000
1000000000 623466442
-1000000000 -109111589
-32456794 -1000000000
735968480 -1000000000
863606800 -1000000000
-1000000000 -981564768
1000000000 990624499
-161816673 80196756
-233892224 1000000000
-1000000000 -283232835
976413368 -1000000000
-379931880 1000000000
1000000000 225133679
800366911 1000000000
-222014090 -1000000000
450650277 24757672
-249151575 -1000000000
180369390 -1000000000
-1000000000 -475331323
813207396 -1000000000
46739151 -1000000000
-415597249 127745976
-28830734 1000000000
1000000000 302774632
-537388254 -726929585
-1000000000 -322457741
217716974 -1000000000
174968127 618263935
285192101 1000000000
-708579097 -740632057
-1000000000 -682634817
1000000000 995292833
-1000000000 894453642
-404301929 861568025
-1000000000 -222049838
531806626 -1000000000
1000000000 519211692
-164285936 1000000000
197147910 -283396426
998322491 1000000000
1000000000 814125381
821112516 1000000000
1000000000 -433755257
1000000000 -820767259
1000000000 297302980
299115788 1000000000
-1000000000 838810033
-1000000000 941549161
-720038693 1000000000
-907093284 665892337
832878684 1000000000
-1000000000 -345522324
558657866 601300395
-89634102 -1000000000
-821415917 1000000000
-385652763 1000000000
-330483288 -1000000000
-1000000000 823534929
-301864738 -437937050
733927477 -1000000000
1000000000 514023237
1000000000 -367242679
569861188 144401204
-694366512 -865766346
-88573623 -855484178
1000000000 617495014
597191778 -1000000000
-904465413 1000000000
905836082 660810253
360390410 -471457265
1000000000 -880655195
579040979 1000000000
-297275202 -1000000000
-884669771 -1000000000
-1000000000 -83037115
943848975 1000000000
481793953 -285310015
83749545 932072957
-890555748 -232936563
-20958117 -712569859
396144672 -263150123
274663007 -178507005
1000000000 -746104309
44224542 1000000000
1000000000 -41736424
-1000000000 266056034
1000000000 -643150737
-88920394 138929759
-1000000000 -539140361
339015781 834779687
1000000000 51098738
1000000000 187926876
-1000000000 165733385
-1000000000 -790349658
1000000000 914792339
-693011574 89995186
637859274 -1000000000
657496313 -1000000000
1000000000 831808496
938552457 1000000000
-1000000000 446286709
1000000000 414927943
-664024138 593974310
-274636952 278204950
1000000000 355032566
1000000000 -149965106
1000000000 -557991252
-591693359 1000000000
-164870815 1000000000
871154177 -73655816
-399878828 -1000000000
-1000000000 84965544
388583739 -1000000000
160083865 -731544906
1000000000 -398634887
110293973 1000000000
1000000000 874617326
-1000000000 175463295
-159301194 -1000000000
-34521662 49426142
-266334102 1000000000
-635058879 -876266770
-874628650 1000000000
724011008 -1000000000
-325797665 1000000000
1000000000 577087182
-538695490 1000000000
-202907402 1000000000
43493148 -760746201
-1000000000 -23250266
669816319 -1000000000
-477440838 13797970
-640174186 -822386236
-675842997 1000000000
1000000000 173935966
-1000000000 -934259127
659609688 -733887966
1000000000 -987719969
-1000000000 -573886175
932787428 958294734
-850864714 1000000000
-800177781 -1000000000
681497568 330560467
-649590284 -71133676
-80618995 -1000000000
-493028357 -636028239
1000000000 416650864
740715965 210522819
1000000000 -912205439
987271451 1000000000
730088224 1000000000
-1000000000 272434187
-385869402 -1000000000
-1000000000 -923628776
-1000000000 -252330111
-22685007 518018013
-314970066 -1000000000
531002939 -195019572
47847737 -1000000000
-399592334 -1000000000
288380021 -506630167
-1000000000 188738694
978503608 1000000000
1000000000 119387479
-78500727 -524597803
-1000000000 -606730791
-212053346 289600271
-880484391 -1000000000
-717859367 -479352170
997477171 -1000000000
961382817 -1000000000
-1000000000 953893808
-510908992 1000000000
-1000000000 173492597
-1000000000 767500794
663549234 1000000000
191411654 -528825741
-1000000000 429457042
868718435 915775542
-169180471 -254416427
740364339 -1000000000
253049505 1000000000
486343551 -1000000000
1000000000 -271397078
-1000000000 540973378
-529752877 1000000000
102586346 -1000000000
-1000000000 613051549
662074781 1000000000
-645072240 -320774822
-584151815 632724965
991548318 -1000000000
-891406329 639640706
-1000000000 -72241283
-1000000000 352753511
1000000000 -370915881
731739109 -1000000000
-782670466 914467440
-131324375 -1000000000
-1000000000 -762921452
-609985078 1000000000
-134596530 216425748
-534049867 1000000000
1000000000 161529665
241091430 -825588529
-407026690 1000000000
251204332 1000000000
1000000000 876463690
-568315853 248743035
854298382 14996784
-351169156 -168734429
586768308 332920598
-316099472 1000000000
907679477 218546551
474169252 1000000000
1000000000 -295819765
-1000000000 -20625460
-125898340 1000000000
1000000000 -921795103
1000000000 -25496661
415686764 -1000000000
-344016867 -883995856
868592601 377820441
-110373236 -231959678
1000000000 -361407728
-1000000000 579932185
-1000000000 -638443922
180912191 -1000000000
1000000000 199539057
-623706739 -71511879
-746211208 -1000000000
1000000000 -874798964
-1000000000 497763919
1000000000 -605770369
-934100194 366882347
-574976667 -1376710
-1000000000 417587820
-882456770 107227124
1000000000 -710906575
-1000000000 365554047
381244556 1000000000
412327177 -624090011
648829296 1000000000
566372536 425184319
-1000000000 -20041803
337273704 -210178882
1000000000 -309361284
-217602058 1000000000
-1000000000 -278554958
958089666 -1000000000
958204150 1000000000
-162071462 -1000000000
-109992066 1000000000
728781297 -1000000000
906790212 -1000000000
-484074456 -162173112
497788287 1000000000
-808478014 1000000000
451854764 308655141
568434793 1000000000
-1000000000 777914226
-1000000000 -381633463
1000000000 -298742289
282118120 -32720633
960463376 716041827
1000000000 489255895
-1000000000 -653896849
-548112905 1000000000
150822888 -1000000000
794618608 1000000000
-1000000000 -69207617
1000000000 -492419369
756953123 -1000000000
1000000000 375207550
816010036 1000000000
-626318805 900531761
733243999 1000000000
186911793 -327446251
-539729494 1000000000
396777307 -1000000000
-1000000000 80960738
-1000000000 285335863
-1000000000 749713284
-1000000000 670051943
-132497302 1000000000
-1000000000 -769823820
1000000000 157655816
-826736386 -1000000000
-674316236 762797898
850340316 2229321
79734401 -1000000000
-526162136 -1000000000
666050423 -1000000000
-875920426 -1000000000
-432635254 -1000000000
-1000000000 -624023208
1000000000 475970478
-219308839 1000000000
283350660 604357995
562697512 1000000000
522357360 -892428792
551340691 1000000000
-1000000000 -945652948
1000000000 -313115208
-1000000000 906699740
749102072 1000000000
227668956 1000000000
1000000000 -524691903
-1000000000 -375850496
989436961 -1000000000
1000000000 369660645
837987696 -414490333
119001368 -376022165
942160409 -222240942
595506788 1000000000
-1000000000 322972531
131289900 -1000000000
892429936 916598451
534967395 1000000000
-760041197 -95180586
-1000000000 789444092
-36710490 1000000000
1000000000 -760348747
392309588 627957743
432316067 -1000000000
-1000000000 750048938
593677323 -807645324
-407710607 131652026
-1000000000 -752381776
-1000000000 243462701
9345387 -1000000000
-1000000000 -340351770
1000000000 -590530331
-771613636 -879844949
-131817682 -1000000000
-71665635 -1000000000
-426570524 -1000000000
344320126 933595460
-187496452 -625316398
-1000000000 227762092
-1000000000 250455838
-648977093 -254464030
-541127834 -1000000000
-1000000000 -172531399
-278015577 -209954992
-1000000000 -605405194
1000000000 -754481476
1000000000 -624367534
-465769787 -1000000000
-78857976 -1000000000
-128373158 1000000000
1000000000 553718920
645969847 -1000000000
1000000000 659361185
-900246515 1000000000
449691875 261788780
-42831333 -1000000000
-989789114 -1000000000
-134972546 -615994976
-149627986 1000000000
628392041 1000000000
-259441504 1000000000
960243327 -961951926
-887124879 480540674
542803653 1000000000
-1000000000 -526395804
-421331739 1000000000
688418204 -1000000000
-1000000000 217347812
989511164 -1000000000
470285465 1000000000
-467085667 382304502
1000000000 -644483221
1000000000 44562347
522311411 -1000000000
-908216497 1000000000
1000000000 -460190470
-225843398 327589654
231436455 959407708
621718017 -1000000000
1000000000 -971952203
2886502 1000000000
-1000000000 -601216560
470785789 -114530766
376458052 892059784
-1000000000 838266099
-907899441 551443441
1000000000 267691313
-598436387 944977123
-265665214 1000000000
809016739 1000000000
-283018907 -1000000000
-1000000000 -573126730
197308097 1000000000
273622375 -1000000000
928926550 1000000000
-1000000000 -256530428
-156717004 -1000000000
1000000000 -403806568
-342614347 1000000000
-405216833 61265786
-1000000000 933023640
-797395123 446576268
711140026 -1000000000
-538696184 -382822021
-1000000000 -291490754
-783194299 -695057878
-1000000000 -169666598
-953859613 1000000000
1000000000 -354965615
677526637 -1000000000
-994495269 860615587
865221083 -521315702
1000000000 -189712294
584929160 -537771151
-688769010 -1000000000
441623070 -1000000000
-1000000000 -230330430
1000000000 -685449303
1000000000 -468036112
-839288393 -652725521
-1000000000 -11795960
1000000000 99169026
1000000000 -386273123
615098209 1000000000
-1000000000 -354850564
511486864 98443328
990582018 -863374837
795669827 1000000000
-863531995 1000000000
1000000000 -413140942
1000000000 -290869915
658815743 -1000000000
949418643 1000000000
112217245 581327895
-1000000000 -697433911
1000000000 178714964
-1000000000 50070657
755934862 -1000000000
1000000000 -826193421
-815815610 -1000000000
-1000000000 88621113
842985461 -1000000000
-780581922 1000000000
-656802860 -1000000000
-1000000000 779147273
-1000000000 58834642
-485400679 1000000000
-635451292 -1000000000
1000000000 9534858
116972153 58511899
437174421 -857328547
-1000000000 -14144742
-243695194 -1000000000
81700290 -969369090
-241411846 1000000000
-507958209 -185462604
-1000000000 885553171
-673474760 1000000000
752706940 -1000000000
1000000000 335132094
1000000000 512853133
1000000000 -954692006
-407331471 1000000000
-349503096 1000000000
-985133309 -1000000000
1000000000 -699742106
-1000000000 -841795815
-918553402 -1000000000
349969333 -1000000000
-1000000000 -103994542
574825546 -1000000000
-1000000000 -617338056
-217851140 133099612
-43187009 547267786
186750121 96911751
643523252 1000000000
-1000000000 -268763529
-1000000000 971480648
-1000000000 -488745088
-242539273 -1000000000
680118494 -1000000000
1000000000 -246355094
-840609567 351710217
1000000000 -842505021
66644608 41282553
-1000000000 -125826558
541238511 1000000000
943957090 749456208
979504463 -1000000000
745126712 -1000000000
1000000000 -64097784
417904543 896046599
708884224 1000000000
1000000000 -219169980
-1000000000 -69979071
-69087647 1000000000
-1000000000 554898956
-347908002 -1000000000
301939995 1000000000
-491558166 -853241750
-324248650 -1000000000
1000000000 462752419
-1000000000 -743350207
-818717301 1000000000
1000000000 386901201
-134858672 -1000000000
31567411 -285958931
-1000000000 861531975
43297825 -1000000000
-384801760 -1000000000
1000000000 344700526
1000000000 872228773
-1000000000 576048700
1000000000 511401878
392472087 -1000000000
-1000000000 107123642
-153745497 1000000000
-380718237 -317844480
134337042 1000000000
-1000000000 599468911
-1000000000 -798722002
-1000000000 227497440
180078894 260651706
-819172523 621307211
-1000000000 -723390083
779620324 -1000000000
-908518113 990871846
1000000000 -322168616
-1000000000 -421360720
-153265507 1000000000
-860511046 -581157721
-1000000000 -217089799
-1000000000 981931498
-1000000000 -319533355
245974604 -1000000000
618318925 -280016328
-1000000000 898660187
-584990504 -201457023
731023260 -546770925
-434222329 1000000000
980949337 1000000000
-1000000000 157767570
-1000000000 -517190988
946706412 1000000000
885062872 -1000000000
-783648401 542787090
1000000000 -510701552
-1000000000 -784196927
-182444783 1000000000
1000000000 670834337
1000000000 967467996
81117832 -1000000000
1000000000 218669976
-646368415 -81131264
1000000000 184725342
131664702 -700200198
-477795903 500159425
373543318 -901551556
398491925 918148586
903161742 -254474932
-351948325 -1000000000
-908703485 405529113
775678622 -653902154
1000000000 -966112742
1000000000 -440420287
1000000000 -807933655
285478913 108156989
-1000000000 359081545
-727091123 1000000000
562466454 -1000000000
-96781345 1000000000
1000000000 111027140
792737862 -52610394
-256692770 1000000000
366464183 -528396186
79736569 848169494
-146578805 1000000000
869842256 410892219
-843241293 -1000000000
-147382989 -853781886
-152478280 889910056
-770883730 -736780913
1000000000 701965590
-1000000000 296947056
397310751 213247383
-1000000000 -756311730
-1000000000 -821026809
639908995 -1000000000
738386937 -1000000000
-911019290 525397130
1000000000 -905322934
966356614 1000000000
-347698827 1000000000
-1000000000 502732886
-195091097 1000000000
261355614 1000000000
1000000000 470800130
-967600577 -1000000000
-1000000000 -660099947
1000000000 424940600
-682539317 -1000000000
1000000000 -129287632
466598629 -1000000000
-1000000000 587685731
-1000000000 582052365
541927189 1000000000
1000000000 -917089860
-1000000000 756222975
-817655562 -385956265
1000000000 912989194
-1000000000 -426132323
917130227 1000000000
1000000000 536007829
-65684247 -1000000000
-66173369 42898055
-1000000000 353231955
101005162 -1000000000
924229536 993576048
140470772 1000000000
-1000000000 977044909
-896573370 -1000000000
-843835323 944881184
-1000000000 -85256587
-1000000000 767344367
321386873 105190777
-462073590 -58776080
1000000000 -345789147
282318637 738400300
-725380822 1000000000
227470613 -1000000000
-759883326 1000000000
-219877195 1000000000
1000000000 -352171277
-1000000000 251883378
-1000000000 427730837
-255041471 -1000000000
-1000000000 770064670
584744460 -135812148
307425404 -18641302
370505399 -371762754
1000000000 694777217
275525746 1000000000
-326013941 -1000000000
-1000000000 -363601670
887814377 -487204673
-157561947 611195211
-11651299 1000000000
-389236265 1000000000
1000000000 455216380
-983811665 1000000000
-1000000000 162097623
1000000000 -807409658
-662276794 -652068834
-435220918 1000000000
-1000000000 -122448016
-515110151 -1000000000
-1000000000 -904676516
-581920905 728192943
1000000000 -435310188
-843825371 -664386672
-672544339 850068792
-900993217 -529221756
1000000000 -90000756
51132559 1000000000
1000000000 172793788
-1000000000 -65013435
213358556 -1000000000
-577103716 1000000000
-1000000000 -687158728
164508977 -386475984
1000000000 -514099715
-336642263 -1000000000
-411016548 -1000000000
1000000000 46763719
1000000000 698407883
-1000000000 -690823144
-1000000000 -903275178
64049526 1000000000
-1000000000 -13737219
-41469766 390573874
1000000000 -612751241
1000000000 262138506
429514432 -433000150
1000000000 170282733
-471186000 -531134011
-795160877 1000000000
703195932 -937394850
-97770228 218491145
-580761984 894649390
1000000000 -522231697
-8323245 -1000000000
1000000000 -450730581
-269587451 1000000000
-1000000000 734048143
1000000000 -779518113
490910174 154988129
915052193 820707455
323089313 1000000000
-889075043 744725784
997731741 -975627535
512162059 -1000000000
247650922 1000000000
63007394 -207526682
1000000000 584826305
-1000000000 556154393
-368242377 364358595
-571839099 -710825730
-1000000000 -746027259
-915902655 746857018
-610186618 728566834
318648296 96856285
20566511 402983605
-307697154 -1000000000
-194620011 1000000000
1000000000 -874574515
-1000000000 -288211252
288916164 1000000000
-1000000000 -623393475
-833501722 509622092
165156021 -289357898
593606998 -1000000000
-701222316 -1000000000
-1000000000 -223589923
1000000000 955912889
-808155396 1000000000
1000000000 292993524
-31672378 1000000000
1000000000 930720309
712167631 -1000000000
-133655270 -1000000000
610384277 -1000000000
854913653 -1000000000
901841688 -629926726
-587605345 -1000000000
-373291044 1000000000
1000000000 -736540187
1000000000 859560186
-1000000000 -787544857
453298314 -1000000000
1000000000 -849657046
-1000000000 311497056
-787775951 -1000000000
-1000000000 -633323764
-605486161 1000000000
807696445 -1000000000
-1000000000 402323989
1000000000 -803978239
-1000000000 32016736
733047426 868452370
-734232658 -1000000000
-242316775 -1000000000
585054916 -1000000000
-401982723 -674451300
-117595708 -1000000000
158195802 1000000000
751216356 216293784
1000000000 690060055
-1000000000 532048620
-743953873 -1000000000
-682982626 266729056
-1000000000 -928057837
1000000000 402750671
423392685 1000000000
-441215585 1000000000
1000000000 105549728
239985322 -1000000000
752692230 1000000000
177239105 176845618
-980256467 -847687552
1000000000 -768023475
207078266 477470969
714342144 1000000000
1000000000 905502375
-276815258 -949821920
-133792139 -1000000000
-1000000000 -755406564
414127341 96456949
403998503 -1000000000
-1000000000 557186148
147043169 -772858286
-448000255 -1000000000
-307527460 644353674
1000000000 -750419395
-993989821 125461363
-138531332 -481243554
-190536901 66168586
791246268 -2935481
-793173558 -1000000000
0 0
899438079 -740138319
-1000000000 378176531
-771992414 1000000000
-602433857 219729666
604839513 -1000000000
714733235 -1000000000
1000000000 -95059343
604359023 -567778626
-834743032 -799411509
-1000000000 -534288076
-953055162 323653180
-338293326 1000000000
-16543828 -828344889
1000000000 -65341318
344810883 -172338868
-1000000000 365248814
-7762107 1000000000
17043331 1000000000
1000000000 -66738733
1000000000 536971821
-1000000000 -859407918
851433372 -335093911
-714349768 -345300324
15956664 -1000000000
-161862713 786359356
-957389469 1000000000
1000000000 560947443
1000000000 642399787
-274119660 -1000000000
482401122 1000000000
-976513660 -1000000000
-1000000000 -686921367
-1000000000 478604774
665797098 1000000000
758149896 1000000000
1000000000 -176451344
-812072681 -1000000000
578352814 -1000000000
451269120 477688961
-1000000000 185688585
379989380 -690436582
60825086 -1000000000
952826785 274661759
600413916 1000000000
-495747557 1000000000
-313207837 -1000000000
853638998 1000000000
1000000000 -41031770
-1000000000 -422539588
1000000000 36202251
1000000000 160682545
-555465425 -1000000000
-12189893 -1000000000
-1000000000 325958323
155051192 -672241329
-214896161 -1000000000
751190462 -51515146
942981108 -1000000000
-271743660 -329970595
38119619 -1000000000
1000000000 709864476
468467522 621229195
-78931278 1000000000
1000000000 -183010347
-493539326 -1000000000
-153311885 -1000000000
-907256167 1000000000
-1000000000 -523910725
-1000000000 -505619459
-1000000000 611950848
-700793156 -1000000000
517720967 1000000000
389362281 -1000000000
188507393 644359652
362193552 339319588
-559715573 1000000000
433991358 1000000000
664137400 -1000000000
-917599717 1000000000
-702543485 -483703279
-711971684 541880831
-1000000000 -558896544
221661400 -388458770
563022583 -707294246
1000000000 -423472470
-474757261 -786322450
-771326950 1000000000
-818830056 -837721302
-938927532 1000000000
831230801 1000000000
291799229 -1000000000
-665299476 994935619
358724007 -1000000000
1000000000 -547877986
269183672 1000000000
-229066767 -1000000000
1000000000 290368409
-1000000000 -892918777
451743992 529423360
930990281 1000000000
1000000000 -338516494
-583158737 -1000000000
-789065975 121764998
-399642545 -1000000000
923402202 -620858064
-375207102 1000000000
699760501 -353924915
1000000000 -92990205
596942108 -1000000000
-241018 -997029059
-1000000000 -305410808
-1000000000 -677962658
1000000000 853477237
145196295 -1000000000
-524933995 -988498643
485286516 1000000000
-949889144 1000000000
-1000000000 116728218
-1000000000 918725038
-1000000000 655880688
-1000000000 543186622
1000000000 198867234
1000000000 -116253324
1000000000 897819397
-110878557 -136252791
-11965584 635251990
416267075 1000000000
-1000000000 -739795714
-778269079 -1000000000
-1000000000 819059668
-682825074 -48553864
714020102 -149988375
1000000000 -130075386
1000000000 580213144
1000000000 -21998222
261734689 1000000000
-793039773 -20428783
-130418175 -1000000000
1000000000 -547489214
-1000000000 425771676
-990037036 366740392
817015906 1000000000
1000000000 497777522
1000000000 -150013603
-1000000000 -374513796
326822368 -797553342
55831682 -1000000000
1000000000 -131137869
1000000000 -123751475
-460469992 -1000000000
1000000000 -211109420
1000000000 363423422
-146116133 1000000000
-882631363 211323685
77182782 -334543057
1000000000 -295318551
-997284812 -1000000000
62646798 -782791128
444135709 1000000000
799117833 1000000000
-537257996 -1000000000
-435118228 1000000000
-354371365 1000000000
111715989 916071341
352170988 392553783
-184894071 -1000000000
-677054191 209049098
-1000000000 340382602
-606008371 -1000000000
727660570 160488435
578511976 -1000000000
1000000000 495613752
-243887094 -1000000000
1000000000 -77651555
62899964 -784169061
-333455478 -309438608
-1000000000 670905462
1000000000 -2408088
-1000000000 617890462
590988450 1000000000
-141516923 1000000000
1000000000 -698669209
-948541540 1751329
1000000000 620735257
-327874953 1000000000
-1000000000 584763439
-1000000000 766261597
1000000000 243324156
-1000000000 -673551003
122160559 -1000000000
-43108216 1000000000
-578475361 -688755417
183841373 1000000000
-877008756 1000000000
1000000000 709594286
1000000000 -42543079
-637211632 -1000000000
-238904332 -453040342
-9617781 -1000000000
-1000000000 -680616007
593748079 -388744881
-629015952 1000000000
1000000000 -395179663
-880902670 -1000000000
59737499 -1000000000
-413338562 -1000000000
-1000000000 -443248128
1000000000 703746778
651996535 176789895
-188137952 1000000000
220271023 -1000000000
144156499 -67052774
-156908427 1000000000
1000000000 -25214790
-1000000000 -939775111
-94623768 -820250631
-1000000000 -443741962
-1000000000 547631396
400835508 -1000000000
-770747362 144130432
711895996 -1000000000
-26229036 1000000000
-1000000000 413511719
-889065879 -1000000000
493526561 961167536
-703083171 117071538
-379653512 796355432
-1000000000 988577864
475747832 -1000000000
-1000000000 -578511137
652330260 -1000000000
-256682584 -362103880
936666534 1000000000
-489924498 -757173533
-772936167 -1000000000
1000000000 191963997
475592853 -773725835
-366864151 1000000000
-321258737 1000000000
-1000000000 702420021
1000000000 578286352
472270188 469539756
841479819 687531414
1000000000 -807050795
-193901942 -783548013
42552565 -1000000000
-662590888 1000000000
-580722895 1000000000
544372855 414338298
-1000000000 -366134675
240224301 195828677
-1000000000 -206511694
-1000000000 -13390098
277111674 1000000000
163113120 1000000000
725297953 -1000000000
-1000000000 126408001
1000000000 202075182
785445261 708323155
-1000000000 44937566
761544805 1000000000
1000000000 407810451
-358206205 1000000000
-1000000000 -583982351
1000000000 -215224398
-1000000000 -895857678
71020932 -1000000000
-222334146 317807440
582788390 1000000000
-1000000000 426754684
-605432500 -911972499
-1000000000 341535805
944948085 786077114
1000000000 -96326040
-271190244 1000000000
-1000000000 849279203
1000000000 -5245920
-945771561 -828135827
809828059 -382063360
-23686738 -305477955
-1000000000 129966059
716823729 -1000000000
1000000000 75184536
-946628096 825639694
-180209898 373770585
-1000000000 -579607834
108040781 -1000000000
151449592 -901852263
-55473061 1000000000
120252642 1000000000
388716259 948427769
