1500
-538957969 1000000000
1000000000 -248102718
824996007 -1000000000
-261362785 -1000000000
1000000000 -468327164
529102852 -1000000000
-769843334 460326695
1000000000 185243408
-773701259 1000000000
293630219 -200244079
1000000000 243718324
612933355 -2439472
55098463 1000000000
199169061 -159396268
469497003 494294388
-1000000000 -140300361
1000000000 689480635
-998541000 1000000000
-1000000000 -199115030
-1000000000 -742945538
-1000000000 767454467
933439703 516171617
-1000000000 -271977425
1000000000 305880098
31006823 1000000000
-727398844 -372719508
82199685 1000000000
-691312575 -1000000000
1000000000 -119954355
451382226 1000000000
-1000000000 -468327727
-55741175 381925080
-646097966 -1000000000
930976861 -1000000000
888633641 -1000000000
-1000000000 -202945314
1000000000 -435596736
1000000000 -53971238
-825828141 1000000000
-882770080 -1000000000
123760312 801460207
13025443 -1000000000
1000000000 912168682
-432796819 81849728
663309784 -1000000000
346790702 874958310
-737401004 -518903781
1000000000 -47578025
-1000000000 -781858629
-437432474 1000000000
-1000000000 -635006458
1000000000 -257533274
-639358095 -1000000000
633977789 860468722
141412155 -1000000000
-806009777 -1000000000
566187973 -612155920
1000000000 -809840042
-737491475 356793709
-134205335 1000000000
-106523198 1000000000
-850539858 -715084936
-802860285 -1000000000
-703057839 -1000000000
998491451 1000000000
-31195030 1000000000
113042389 1000000000
-1000000000 -36971490
1000000000 -659060414
-65876911 -1000000000
-47867475 -1000000000
-1000000000 -878789081
183244178 986065027
-716961268 -1000000000
-844745930 -1000000000
140476586 -214612210
-1000000000 385542448
1000000000 778468712
654992422 -1000000000
266582649 1000000000
-117064402 -1000000000
628260081 1000000000
1000000000 -523221467
-600399941 -1000000000
-407637266 1000000000
-1000000000 -487274493
-1000000000 -334243077
-1000000000 286612401
-296439421 -1000000000
-153981277 -1000000000
803908708 -1000000000
-160984254 974203760
-231025123 -1000000000
-1000000000 319836274
1000000000 -64154277
-1000000000 -702199996
-261601085 -783723632
1000000000 -842990865
1000000000 -972418880
-1000000000 -63653533
-80159922 -1000000000
522673503 932547309
-1000000000 -866646239
601002923 -1000000000
483575938 1000000000
-1000000000 201260240
-191330201 -1000000000
982620290 90844168
549857494 1000000000
997147234 1000000000
1000000000 -463392225
529116429 -1000000000
903088686 -1000000000
1000000000 -123911582
324888350 -1000000000
-147745536 -1000000000
-1000000000 139673348
-544722204 122160701
1000000000 -592664453
-79406945 -339011513
666924872 1000000000
522143272 -1000000000
-176874748 -296735974
1000000000 23530461
249757607 1000000000
-63678840 -582437618
-1000000000 -88688019
-723982133 -1000000000
1000000000 -229814461
-1000000000 -183237947
-1000000000 -777518854
-394330633 1000000000
27653981 512219147
1000000000 -363219501
1000000000 306374183
572574279 -1000000000
1000000000 -980663550
88084009 1000000000
1000000000 547678358
459220799 -273529144
1000000000 -538295254
-28178870 -1000000000
-956143514 -1000000000
-566487195 253594831
-885196020 -1000000000
-596736382 -1000000000
762952186 1000000000
-1000000000 -972626747
103777186 1000000000
1000000000 348192407
1000000000 -351710162
-752763495 -1000000000
907885166 -430723908
926314775 -626334623
-330514063 614557298
-987811373 1000000000
-500328047 695263391
-77888366 -1000000000
1000000000 -17813128
-1000000000 -455730100
265682050 -346623175
1000000000 432872731
801943408 -653320906
925815894 1000000000
857071645 1000000000
284323198 -1000000000
-835385420 -18051459
1000000000 572885403
-1000000000 -731768364
-97147893 -1000000000
-1000000000 816108034
1000000000 -733718101
232559679 -1000000000
484800790 -1000000000
-1000000000 141620446
-1000000000 -387574770
-553399106 -746769508
-562814481 1000000000
-458916450 -978733914
1000000000 153316509
267515016 1000000000
1000000000 -263790271
420902718 -311165866
-1000000000 -641275420
-404106708 1000000000
-834998787 879005282
-343947723 836048885
-904376242 -1000000000
250429999 -1000000000
-237657736 -1000000000
-1000000000 -229357697
810588748 -685165742
800299219 -513201335
833460638 -1000000000
1000000000 -640125768
-256554513 -548233672
-483762397 1000000000
-630452475 1000000000
746523941 141812751
-97966424 -1000000000
279788505 -104732000
-1000000000 -519840180
-608460535 909726965
746415633 -1000000000
884330864 75444960
-1000000000 -58197043
-128966996 139357395
1000000000 689530419
1000000000 436100406
-1000000000 91279311
422750611 -360990287
168542570 -192525841
405277549 -809424950
846661143 1000000000
-1000000000 -338640795
425145824 -613884234
-228459071 272403796
-741024990 1000000000
-1000000000 124207067
-140278190 1000000000
1000000000 -654678567
-505071229 1000000000
1000000000 -662555861
-1000000000 949305628
1000000000 783648874
162858645 -354411176
-521222934 1000000000
357687145 1000000000
516052197 1000000000
-627462381 -755040612
-1000000000 515782974
-635600096 -1000000000
-911448999 -1000000000
709136660 -1000000000
-771286251 -554914738
722333728 1000000000
-347665506 1000000000
-1000000000 221312349
1000000000 -769183535
-97347412 806731824
72377657 -104865406
-1000000000 -788612413
-931471242 -553333911
-835928519 -1000000000
-1000000000 -103733930
-1000000000 -777160090
-945811050 1000000000
-1000000000 -30214346
1000000000 -389695451
1000000000 -341161559
168204309 1000000000
-496626162 -536005767
-70471948 704224269
1000000000 697501759
427680411 -809375860
-1000000000 507873435
344898604 1000000000
-393539684 -1000000000
1000000000 -437560178
948147244 -1000000000
-757068445 -688310497
1000000000 -962329533
-359708802 -160478526
642056750 618427792
-1000000000 765741952
-1000000000 406107097
758215133 -1000000000
-1000000000 450572261
-556247843 1000000000
1000000000 -952240280
-787246252 502740361
-708228661 1000000000
-1000000000 408327241
-1000000000 -721816645
453459757 -1000000000
-1000000000 -339095474
278168042 1000000000
176455920 -32010803
-663225684 1000000000
1000000000 310296572
733838992 -1000000000
427016242 550847909
72107670 -1000000000
-1000000000 -240990101
-1000000000 -878505058
840912893 -1000000000
-225597574 471919186
-1000000000 -438152467
-1000000000 -662780469
0 0
932227024 1000000000
350000238 -1000000000
133979146 1000000000
-447896648 1000000000
-1000000000 -572861910
-1000000000 -437000620
-1000000000 787475791
-1000000000 -679541724
-1000000000 -961697313
274485882 -1000000000
526554742 -647024638
316305082 1000000000
-817782385 506872343
-401188470 -1000000000
-175666437 1000000000
127501553 -373044860
235913511 1000000000
-828440898 -749764413
-577058480 -369888596
898614561 -573724264
461050423 -1000000000
1000000000 160348589
440363339 654834281
-493725732 -269827333
350334334 -1000000000
-343104100 1000000000
-160838362 1000000000
-848944180 902933265
-345213066 -963224035
1000000000 389921762
79555045 677946287
343058319 -1000000000
471333875 -1000000000
547993889 -801281195
417311647 1000000000
1000000000 620547543
-427617046 -881568186
-952667298 -1000000000
397729626 -1000000000
-548896760 -1000000000
1000000000 908484443
252452984 -1000000000
254815915 1000000000
-321551820 -1000000000
-1000000000 -518833507
1000000000 -454374359
336644853 1000000000
581233284 -1000000000
-1000000000 710320903
1000000000 294197655
-91886923 -1000000000
966113579 -340686358
379680107 -1000000000
-775420181 1000000000
-1000000000 -23688512
190559706 -1000000000
227631118 11340977
-1000000000 -276994044
669705739 -1000000000
-288429762 788342274
1000000000 197141428
1000000000 251184941
982301357 -126187442
576465312 297255666
961047673 -5728588
1000000000 354069769
-1000000000 615532316
867313628 -815198327
-853316207 -572275694
446323495 1000000000
-745708761 872767300
260149821 -1000000000
1000000000 644556420
-335778403 1000000000
841946366 1000000000
-231759282 360105319
-49576235 1000000000
-107557747 584577356
1000000000 -630031483
67845783 -1000000000
686384600 1000000000
766988790 1000000000
-1000000000 830729552
1000000000 -227555548
-1000000000 -427150461
347199222 -1000000000
720940520 1000000000
187942746 591395845
-584735723 997039155
-92821549 -276894884
1000000000 106470047
614922592 1000000000
-1000000000 563040914
208064049 -332270117
1000000000 834178673
338708750 -1000000000
1000000000 511574174
-493734599 1000000000
1000000000 -982480149
-551965457 -421644933
1000000000 -712551303
-171360357 -1000000000
1000000000 -973676102
-111086986 -1000000000
620035371 298948776
247864076 -1000000000
455194003 -116997219
1000000000 123696666
943506144 163165406
212680343 -1000000000
839144819 -71488121
525571957 1000000000
-265891688 -1000000000
-913889982 -1000000000
1000000000 -339769320
-1000000000 -551172827
-448042493 1000000000
1000000000 887238160
1000000000 734616781
1000000000 -9219790
-606405862 -99964055
-1000000000 -594623585
139932571 328993469
766732568 -259400729
530035228 -324710007
-1000000000 597785511
-1000000000 -780972266
-749242938 -1000000000
-1000000000 -712491016
1000000000 -398063040
104041207 -1000000000
-1000000000 -489520645
-1000000000 -466762278
-261377029 1000000000
-1000000000 300242892
-1000000000 585308530
176159997 -736917730
-468712961 -484395948
1000000000 -888653018
-534592453 -190499851
-674925382 465834586
92005226 -1000000000
1000000000 859427552
1000000000 716104281
16153802 352789690
-1000000000 499930133
-219634918 -1000000000
413662255 1000000000
1000000000 -709382898
792083288 -293934704
-135322193 -976309783
1000000000 587586962
885756750 -1000000000
-326622473 -1000000000
1000000000 922884238
-69084527 218741049
-7838141 1000000000
1000000000 -416378403
17238037 1000000000
1000000000 -598280873
-625723416 736166260
531893006 1000000000
-751579919 894444301
-230056273 -1000000000
-407534590 1000000000
-1000000000 410355513
-1000000000 -61722428
1000000000 210331102
-1000000000 672725411
1000000000 -417846500
-852117783 -857866889
718917160 1000000000
278875003 1000000000
1000000000 -471054178
-301455976 578144130
-1000000000 -858710596
251842574 1000000000
-578239554 -1000000000
-240835568 -1000000000
987479775 1000000000
1000000000 -628012025
907360000 1000000000
-884817291 841179432
-774550329 -1000000000
888009787 -779305594
-429051833 -788676836
-322824071 1000000000
1000000000 -790796558
384094754 -466074446
-1000000000 -256565877
1000000000 429962401
-217648953 1000000000
-1000000000 -496758904
188059864 1000000000
-1000000000 -492533913
839592421 -1000000000
1000000000 -778001287
-267304052 -611203836
-341270894 1000000000
-1000000000 14056959
1000000000 -409735752
422852818 -1000000000
-739206699 695172070
-1000000000 -404698841
-1000000000 -482558266
-837877494 1000000000
752113412 -1000000000
-653991088 1000000000
-230777829 1000000000
432482485 1000000000
-958490571 -812116846
376934587 691728925
676313609 1000000000
285515854 -1000000000
-783974734 1000000000
-727721252 842609544
1000000000 195941907
395348457 359762121
-1000000000 917693326
448032557 -544094566
-236551609 -1000000000
474153296 -1000000000
477785858 1000000000
971818295 1000000000
1000000000 18844145
783865665 -1000000000
127511515 683422067
109765197 8807300
88727444 1000000000
274385494 1000000000
-372139080 1000000000
-29052905 1000000000
-990899227 -1000000000
1000000000 546662120
67299405 -209634798
263656110 -1000000000
833665758 -282917475
-17015174 1000000000
321856317 -1000000000
1000000000 -666540516
-465606021 1000000000
-522418452 -1000000000
1000000000 590938940
185893829 -1000000000
1000000000 64662173
-242821039 279296485
1000000000 -746358377
-901401224 -1000000000
938235522 1000000000
-1000000000 426906054
1000000000 253434850
-1000000000 -676298640
-565366213 -1000000000
-575260822 -1000000000
-156164705 -829937292
-400013761 1000000000
1000000000 -89525583
-628503208 -1000000000
-825749672 913231416
-669399866 1000000000
1000000000 358124079
-1000000000 841588505
-1000000000 421145769
-142419501 352136257
-1000000000 500411334
586464211 -1000000000
-1000000000 41896944
-1000000000 180912844
970895632 1000000000
-1000000000 250544890
396630113 1000000000
910921790 -1000000000
-617681180 -78355439
-1000000000 -208516688
976842642 -763709017
264802887 -559802881
741612612 -1000000000
-1000000000 818813754
843674861 579277411
939581160 287281356
680595715 173920417
1000000000 889822135
-1000000000 418666292
1000000000 -391170940
-672953389 1000000000
8717723 1000000000
-1000000000 75986983
-374682099 1000000000
-1000000000 -276303770
-1000000000 286082744
-725179467 -1000000000
-993652136 209221643
871958641 -413301968
-1000000000 462578521
-776138247 221213888
878104912 236153600
-1000000000 353441264
250333303 1000000000
1000000000 597449570
-661000466 1000000000
-441047679 731918095
-1000000000 990168041
203492391 1000000000
418123379 861952685
-1000000000 405129164
-848540900 1000000000
1000000000 -554917596
644852114 -1000000000
-432218173 368151086
65906573 985001625
-815086992 -711047380
-479539228 861580158
1000000000 494353966
-1000000000 583158622
703259198 -1000000000
-1000000000 205419154
1000000000 149108907
-1000000000 867715870
-1000000000 883185760
1000000000 -25950652
-1000000000 129909869
-1000000000 -613989096
-1000000000 -713505852
-1000000000 -467174999
630512520 -127445755
1000000000 205962087
492201869 -1000000000
-1000000000 515306263
172836909 1000000000
513750239 -1000000000
-1000000000 -287499966
-421852145 852569290
998711216 296126301
-114185740 1000000000
-1000000000 -803775917
-362377360 1000000000
-746426680 1000000000
-274812924 181272785
-82110531 324945571
-1000000000 269763054
399955223 528287121
-469220798 964686816
-593978450 -1000000000
1000000000 456748850
38153545 -997329091
1000000000 708081289
96223250 1000000000
-250356958 1000000000
-753681888 781605806
945589693 395875181
943074751 305476122
-156323188 -464005616
-1000000000 310770946
360648467 -893946227
-558413352 1000000000
145175713 1000000000
-246935974 1000000000
-76314975 -1000000000
406212809 -1000000000
261501132 471872697
403950340 1000000000
1000000000 -545758668
1000000000 254253902
945393777 1000000000
1000000000 -912185919
1000000000 343949278
341910015 -861180451
652028847 1000000000
1000000000 -672081357
61139026 161196517
-411029755 1000000000
-1000000000 374293276
891206569 136186554
723282694 -599008729
-493937160 1000000000
-317900185 165022745
1000000000 76178328
1000000000 -179620517
-943569182 -221047258
-10437867 -1000000000
1000000000 761431383
1000000000 982705662
1000000000 872637391
-1000000000 115162736
-1000000000 197058780
-874102104 1000000000
-40386780 817182218
-470385840 -1000000000
-527674137 -1000000000
1000000000 -762505364
-1000000000 -642760828
-988874560 -1000000000
920907910 -206454453
-364641049 -1000000000
-338359412 992752851
1000000000 -745578012
-71842157 -1000000000
-768657568 -1000000000
321641567 1000000000
-1000000000 -922567644
-442730143 -741712491
277396825 1000000000
1000000000 54609654
252713661 -563360953
877273562 1000000000
-1000000000 6902760
-194173045 -1000000000
-1000000000 85482735
42916676 1000000000
1000000000 190698803
-223468970 1000000000
1000000000 -589091374
1000000000 695472711
-265783127 320879983
499766078 909059039
435250761 -1000000000
1000000000 250201781
287313597 309347492
967021266 -1000000000
-515632777 549053213
-440377903 921504169
-944332067 1000000000
799106643 -573579218
469245025 -1000000000
-69930757 -1000000000
-1000000000 -872668831
688472913 -489561089
1000000000 -149236302
284352127 1000000000
-1000000000 492964303
-402949969 1000000000
-1000000000 -231085187
-1000000000 234075619
865469954 493092757
1000000000 -82154689
-1000000000 784982451
312861330 219571268
95749218 -1000000000
-1000000000 406185852
439990672 -173554612
1000000000 37049069
5872760 -956288251
1000000000 -30613429
927077203 1000000000
-746554804 -343393228
939228408 -739997165
679464423 847873089
676840639 -1000000000
-527836410 1000000000
1000000000 214499719
-1000000000 295937269
1000000000 132844086
462224124 -1000000000
224166650 -162288779
-204866439 1000000000
-655266778 -1000000000
1000000000 -436239808
-302595485 -1000000000
1000000000 -763847059
-1000000000 770333938
-469877857 -294885330
1000000000 43546482
-611605940 738361853
108536445 -1000000000
113864798 -521814377
-1000000000 -845458919
184130507 1000000000
-369563433 -1000000000
-459104182 510592757
894649863 760734717
83195854 -728561605
534792667 244507071
-1000000000 -756427739
-526287017 196955013
-1000000000 -157437849
-1000000000 -3928451
1000000000 206973773
-427869908 1000000000
1000000000 -557697392
-200193995 -435393788
-767525755 -1000000000
1000000000 -4039570
140401371 452181323
722829277 -1000000000
-1000000000 323848124
-1000000000 514451429
-567743636 1000000000
-63169742 317449110
507166048 -1000000000
398112444 1000000000
-1000000000 142130973
-783431190 1000000000
-253085006 1000000000
1000000000 598430754
1000000000 150898578
-204406775 1000000000
646741529 904716897
816610758 -853917215
-1000000000 -558198545
-336198398 481219959
-1000000000 185192028
521666971 -1000000000
-1000000000 471102055
986408317 -1000000000
-463162639 629808626
1000000000 -876012310
-1000000000 360926854
-991598411 903094343
1000000000 -874313018
-596564548 1000000000
-441396468 1000000000
-694464239 275469026
1000000000 -60692938
-1000000000 -378451605
296753719 -1000000000
1000000000 558683362
1000000000 -772843149
-1000000000 640843133
658698756 -1000000000
503406953 1000000000
-1000000000 183630226
-997536825 -807765754
353043246 1000000000
697922165 -1000000000
288794331 -809260886
1000000000 749980509
-642993947 -1000000000
-1000000000 -292241781
1000000000 235120241
-537105147 1000000000
669236054 660318513
-138651310 1000000000
-1000000000 -799780594
1000000000 -723751017
-1000000000 -935366018
-856273553 1000000000
1000000000 -97478517
-368496078 217665595
1000000000 -303940069
922417504 -444296504
212400599 -1000000000
251952877 439547481
350628262 -1000000000
661120719 -312632252
1000000000 -752167802
25079467 260955119
910325149 1000000000
-1000000000 -896629242
1000000000 683224370
-1000000000 -442027218
-660484852 278551547
1000000000 -548413390
-1000000000 849242875
1000000000 14482705
-372242847 -682756259
-1000000000 893530962
-226809884 229561710
1000000000 -568339286
-1000000000 -543959488
-170927227 1000000000
-146730164 -1000000000
561775929 -1000000000
-72482625 -152837190
-765915934 785356143
1000000000 -52597255
37850872 357960558
-771638808 -451935349
-1000000000 404966685
-704021441 312369538
-566553990 1000000000
-987942176 -1000000000
128734507 181997768
-1000000000 -927248102
305470186 518562961
-215693574 1000000000
585690704 -1000000000
543104738 213973735
-995196511 -1000000000
623284045 -1000000000
-559520483 -1000000000
-160530759 597813917
562880413 989365305
1000000000 264008304
-1000000000 -704472561
1000000000 -793438185
-79381723 -1000000000
-287457728 1000000000
1000000000 912122293
-1000000000 -724530988
324494393 -839440643
561852372 1000000000
751691696 1000000000
1000000000 83827662
-441252585 -1000000000
1000000000 -447287290
-355715553 1000000000
1000000000 885916699
194112169 -1000000000
166804285 1000000000
-138147860 1000000000
-935937398 100179844
-718796391 -1000000000
-627010946 706888890
1000000000 -23343280
904324252 1000000000
-46714126 -1000000000
766242224 1000000000
-677969541 1000000000
1000000000 -528170581
-513746077 -550976384
-1000000000 325322808
-1000000000 497760270
3769760 265061217
1000000000 -134742698
-80792024 441509395
620292041 1000000000
465454069 1000000000
-1000000000 588477967
-951437530 1000000000
-489937396 -1000000000
-1000000000 374745577
368660621 1000000000
-783353736 -1000000000
-971460993 881950662
513476069 804410767
693212084 93040799
-1000000000 -594604330
1000000000 -503488790
-505323437 -849826452
834593277 1000000000
1000000000 -210121265
-491670355 221100053
375069467 -378922313
630435065 -307740921
-1000000000 -227767117
1000000000 140650915
1000000000 -999230960
172302038 -284054138
419319948 -1000000000
1000000000 -478507989
-1000000000 941714494
-1000000000 -141756712
637676435 -1000000000
1000000000 -802001090
526780751 -28056802
397603572 -1000000000
-1000000000 46974323
1000000000 380657988
1000000000 -585426084
938262105 -1000000000
-558761795 -1000000000
1000000000 -763502213
493166568 720366266
-924588522 867208760
882759337 -794942874
-589085495 99249851
60755985 1000000000
1000000000 -519868093
-733545478 1000000000
226130079 -1000000000
-749390892 -1000000000
1000000000 469927966
-750233499 225473591
-172050008 1000000000
-206637152 1000000000
-1000000000 855118644
-850379845 109140893
523869983 -1000000000
-808011228 965407776
1000000000 433026188
1000000000 -997660664
9788636 1000000000
-34411830 1000000000
1000000000 105521645
-280780836 1000000000
471458946 364083382
-849632213 1000000000
-563733741 -192517041
107172074 1000000000
-496269336 888324309
-130739189 -949672482
-923444833 -1000000000
1000000000 -329577007
-847946019 -898143813
-562787582 -1000000000
79513990 261979637
-1000000000 -516595424
1000000000 -205779603
729671153 1000000000
1000000000 -689039823
289635379 -1000000000
501037479 -689034223
-1000000000 -497809602
-1000000000 -361293834
-371649795 -876006766
-1000000000 167306861
572806207 -1000000000
31135624 176634645
1000000000 -302744446
355290499 -1000000000
-872838216 997994300
1000000000 -979121585
1000000000 615908775
-1000000000 -953587929
-764567068 1000000000
-763672258 -1000000000
1000000000 540060982
1000000000 -410063683
-488316746 -1000000000
-637488616 418511310
-965452782 -1000000000
276739424 -317928325
-466094855 -1000000000
478168255 -1000000000
614555709 -1000000000
-850730048 739286498
1000000000 590045719
-1000000000 -987955221
-121748870 191417800
-1000000000 514582269
-531862983 1000000000
1000000000 -741541146
-998801616 1000000000
-1000000000 110546563
586506998 1000000000
-1000000000 361468335
-1000000000 393548099
258897789 1000000000
-22708271 -1000000000
519712969 -1000000000
-398555084 1000000000
-585295544 -1000000000
1000000000 300001136
-363712091 1000000000
-873112926 -722664977
-192227424 984466810
-306519811 -1000000000
-655494811 1000000000
-62393094 160030738
711623215 -1000000000
1000000000 -924883581
-409579188 1000000000
-497236767 367707340
621452278 1000000000
-268640989 -1000000000
-1000000000 810790880
-201269549 111541713
-1000000000 -622953029
-310867269 -1000000000
-1000000000 -157661380
-1000000000 89392054
939924628 1000000000
440700057 -1000000000
1000000000 -822128639
-312147526 251062336
-1000000000 -217921709
-849190958 -1000000000
-1000000000 -941747111
-1000000000 -266041851
-1000000000 387408905
-1000000000 -323086621
181544749 -1000000000
-1000000000 696851013
-1000000000 -476095432
-336469008 1000000000
910236276 1000000000
-32063664 1000000000
395649460 -550923683
1000000000 -493207662
1000000000 -481670796
703396943 -1000000000
-651783958 -1000000000
-1000000000 287433916
1000000000 -717951102
492357574 -381648178
154022521 1000000000
806370454 -1000000000
-1000000000 -720730617
705570444 -1000000000
-63708671 -1000000000
734093252 1000000000
651187978 -1000000000
49751416 530438325
-20166611 1000000000
306362672 -1000000000
698697195 1000000000
-888914040 -1000000000
-1000000000 -757222678
-86598289 1000000000
-978751087 1000000000
-417838764 -905127348
567897254 -212555738
1000000000 134568202
-1000000000 955967917
-754520992 560906835
-167342257 -1000000000
730969755 -543534192
-1000000000 654654435
900417385 1000000000
1000000000 873155068
-407390747 1000000000
-1000000000 617799898
581368859 522798651
-98204432 -1000000000
230102146 -290108149
110717847 1000000000
-104777373 -30497923
-1000000000 -40308895
-1000000000 159667414
365002422 1000000000
329026135 1000000000
359189992 -1000000000
-781699389 1000000000
-685957757 -1000000000
-1000000000 796576936
361419193 -1000000000
826038996 965756896
375245088 1000000000
1000000000 -628874907
858706777 675408059
1000000000 122133242
-1000000000 572036051
424586627 568453423
-400564786 1000000000
-1000000000 -677543762
1000000000 -977144435
1000000000 58910215
-613048533 1000000000
1000000000 -48645731
1000000000 -673509301
-206100172 1000000000
-848611281 -442331163
-142086358 -1000000000
1000000000 684995842
-578311158 -1000000000
272229612 785357420
1556494 -1000000000
902057522 -86890560
-1000000000 514698008
-8109091 -104263561
1000000000 -42273494
790663836 -426392269
-1000000000 275644974
-904071974 1000000000
213659599 -777141742
205128857 77162777
887019568 -1000000000
267603656 -1000000000
1000000000 -47326373
1000000000 828490400
-1000000000 -962469961
324729412 903527763
504563829 1000000000
1000000000 232273761
369161193 -901530881
335295865 -1000000000
437677848 1000000000
-369590092 -1000000000
-645940597 1000000000
1000000000 702097751
601263907 -1000000000
-727466055 -1000000000
281083944 -1000000000
388253777 475912245
855323578 -1000000000
1000000000 -130750014
745021925 -541603998
1000000000 589345671
1000000000 -722713343
-696738622 1000000000
1000000000 -877932545
1000000000 920559339
1000000000 -283763343
222139756 -794052093
945455536 1000000000
-1000000000 -93955018
-711298668 1000000000
730105795 1000000000
1000000000 -386339815
-694990266 1000000000
517386841 1000000000
700281861 1000000000
138412722 -11604542
647378989 1000000000
1000000000 541907260
582106656 -1000000000
-162883363 1000000000
585259363 -1000000000
-1000000000 -502260377
-462083066 1000000000
28521383 -1000000000
744205026 -384491994
738435638 1000000000
-888032727 -1000000000
-599350342 1000000000
209109255 1000000000
-531278217 1000000000
1000000000 -331348057
-468695783 -1000000000
831289247 461728717
-1000000000 -513105252
-1000000000 -399384208
-816598479 621485529
-523591907 -895492970
815126879 1000000000
-4385609 1000000000
-242608472 -228735296
270519894 -1000000000
-1000000000 285718112
899184889 3658555
1000000000 695799889
190365539 -1000000000
-127458424 1000000000
1000000000 497105392
-785898298 1000000000
-1000000000 967184569
370770477 1000000000
369854792 1000000000
300463091 725940701
-62096764 1000000000
718982223 1000000000
-109351716 1000000000
1000000000 -580243893
65903245 1000000000
596881075 -1000000000
-361608973 -1000000000
1000000000 -317746574
1000000000 711995039
-1000000000 -32486140
922010026 1000000000
1000000000 51875403
-1000000000 -938619805
-1000000000 807821666
953957042 1000000000
-694278712 -1000000000
-951836769 -1000000000
-550827961 425218484
-555441667 698600628
1000000000 -465953943
-567942978 94789866
171634301 319979558
-940808935 1000000000
-1000000000 -230934613
1000000000 -716408281
-204108497 -477777477
1000000000 654698422
224662269 -369145235
1000000000 -10770832
554424155 1000000000
1000000000 112405723
738262346 -565384339
-1000000000 -11891117
814814890 509222791
791580650 -1000000000
-1000000000 690516197
647833795 343762941
-847896666 1000000000
731472347 143235543
-459026711 453671780
-242595345 1000000000
638861201 1000000000
1000000000 -731493038
869683567 -1000000000
1000000000 971176304
522655072 1000000000
-59426082 1000000000
-783858244 1000000000
-372583623 1000000000
-740970659 1000000000
-1000000000 -158361818
307593723 1000000000
324024225 -916858939
781965010 1000000000
1000000000 711234337
1000000000 -785664200
-1000000000 408774981
457416420 -1000000000
107387172 1000000000
626273559 -836908844
880809181 1000000000
-210489948 579972420
645810569 1000000000
-905592852 -921345095
500606682 -967569434
-305942136 -1000000000
-33213146 1000000000
937878875 -414621599
937830967 221881003
-9637283 -380826207
-494998206 1000000000
1000000000 775442753
1000000000 104530712
220995646 -1000000000
-1000000000 -182462137
1000000000 59882901
679681788 311289113
-1000000000 388566296
1000000000 628013365
-1000000000 151217526
-59156015 1000000000
345099198 364089359
-729685858 941863479
-479264661 1000000000
-590526807 -1000000000
1000000000 -565809604
-1000000000 100597418
663185317 -1000000000
1000000000 487799309
176875465 773522620
-564654524 -1000000000
-575372740 -152717753
-766737924 -496622717
747494911 -1000000000
-456202824 -1000000000
-36652577 1000000000
687491613 690784874
995175893 -1000000000
-1000000000 -713174777
226008816 1000000000
1000000000 -851349762
312895071 -565260394
577382567 1000000000
564695554 1000000000
-60226027 -1000000000
81908513 -654299685
396930545 96842479
631520221 -1000000000
-186687366 -472255184
495364264 1000000000
426791728 -1000000000
1000000000 10474330
-1000000000 -621827303
1000000000 895493914
-1000000000 -867098592
487051699 705246728
918266035 448811383
847144360 -752342350
562809598 1000000000
1000000000 -370319039
-926067614 1000000000
-638719224 -1000000000
-1000000000 -281551821
476425596 447877436
-523343457 -1000000000
1000000000 659696760
1000000000 -457374425
1000000000 -412766464
-1000000000 -705552350
857765290 1000000000
-875703181 -1000000000
973882432 1000000000
1000000000 968591207
788640502 -1000000000
905851867 -589426119
499821509 -324073097
-823867330 -1000000000
-1000000000 870715005
-1000000000 -773013394
-196514242 1000000000
1000000000 -709168494
1000000000 940875968
701198142 -675304766
-764776435 157298996
-1000000000 -82729481
1000000000 492699170
420559923 -363501120
-657706582 -391996410
-1000000000 12010118
450797960 1000000000
-962737430 435037930
-1000000000 661331639
672022641 -182850575
497922699 -778445799
-1000000000 -103290597
-553105099 547230350
-1000000000 -723290836
86125501 406406933
68724071 1000000000
1000000000 609638879
513506129 951284958
-614412453 1000000000
526276737 757717250
-29873352 -807859842
-275368461 859980556
-45904804 -489673609
-285833143 1000000000
-1000000000 -163404999
1000000000 66336134
-1000000000 -608260287
1000000000 -177462300
-1000000000 158009002
-744046034 -1000000000
875176789 -1000000000
-1000000000 933483822
-1000000000 -224021154
-70381816 1000000000
-1000000000 -432160696
440724185 -1000000000
-362732257 981335458
-1000000000 -748320994
-809947363 -1000000000
1000000000 -541089102
497803338 -909648001
-1000000000 90001409
1000000000 771265995
531620149 -1000000000
-387000371 881997492
-1000000000 744148725
-1000000000 -523520373
1000000000 -14617165
1000000000 510409173
254866748 -261385092
900569362 -1000000000
383140206 1000000000
-575670153 -1000000000
1000000000 -85464519
794430161 1000000000
224743828 78414793
1000000000 -76999634
1000000000 795868902
1000000000 299642132
-251118424 -1000000000
371557900 -1000000000
-1000000000 -483572215
-1000000000 282382582
-926604576 126765727
-1000000000 648660471
-875190448 1000000000
-1000000000 3422528
1000000000 905755438
-488023622 -338634405
-1000000000 -816974475
1000000000 -43055872
-188853221 2656496
1000000000 779297578
-631113750 297854020
1000000000 -40259701
1000000000 -143706237
-38479153 -1000000000
675696728 471972095
479934252 1000000000
-1000000000 507788243
1000000000 -789482557
248181770 -1000000000
1000000000 -266445591
-900143330 -329506306
-756627466 1000000000
-752459342 -1000000000
335429657 -1000000000
-6810663 -658105349
-1000000000 -122206430
1000000000 449293918
-29332416 -935490151
-1000000000 407603490
342339040 -431431734
-1000000000 -965006652
749433265 1000000000
120734564 -1000000000
79619243 1000000000
1000000000 688844546
289011545 -309159984
1000000000 910365943
165890561 722988193
402325032 1000000000
1000000000 -277684538
283240225 -1000000000
1000000000 204624279
-770486055 -1000000000
-621190204 1000000000
575942900 1000000000
-396969379 1000000000
6229812 -1000000000
153550705 -1000000000
68149879 -1000000000
-173785549 -1000000000
-629567343 1000000000
1000000000 -204253473
279427663 367512673
-29994717 -473186290
-734390126 -1000000000
-267867363 1000000000
-161335126 -1000000000
-556467784 1000000000
146527339 -494536983
1000000000 -349333711
415504921 -1000000000
639154855 -803373542
-112124587 1000000000
148619327 -626897422
-1000000000 -262183153
-424115876 -1000000000
-1000000000 392881311
-624017918 1000000000
785620940 914510279
-602558852 1000000000
-603269823 1000000000
-466120391 -1000000000
868130111 1000000000
-901910636 -998061245
-1000000000 -974992057
-1000000000 776587966
599985589 445347617
-841083606 1000000000
-971169537 147639399
-102019764 -1000000000
-77602417 -448004630
-1000000000 -794310654
-380719619 -1000000000
839775490 1000000000
-1000000000 -982629130
