250 895
75 189
67 188
118 161
234 109
142 190
107 122
49 239
46 113
22 69
131 220
174 136
131 75
146 41
60 17
13 28
213 66
169 249
212 24
156 64
62 79
94 144
238 18
229 194
181 93
200 89
1 44
218 204
47 174
138 141
78 246
147 237
82 199
70 182
178 80
171 27
65 250
14 205
91 156
186 216
170 147
49 207
121 207
227 87
2 245
245 220
184 188
25 238
187 191
21 60
188 127
129 21
99 75
88 84
5 196
35 165
239 202
120 202
155 25
173 133
147 241
77 117
169 190
159 59
144 214
119 232
247 96
206 125
157 4
181 24
53 72
36 147
203 53
49 129
140 215
12 173
44 140
4 145
17 2
90 1
160 55
148 32
34 151
110 93
219 233
99 26
219 220
60 116
188 91
242 162
240 228
93 234
186 232
219 32
203 199
137 124
146 110
74 231
151 20
193 51
221 8
136 192
62 119
208 234
120 159
82 161
122 195
174 238
175 136
200 192
71 217
125 158
75 54
208 157
133 92
143 55
162 236
94 125
124 6
100 191
165 170
114 60
202 226
122 60
222 136
82 40
114 132
218 70
245 127
181 102
196 110
222 33
90 101
54 191
92 241
178 99
123 175
239 16
110 80
219 124
185 209
23 195
200 181
203 102
128 158
210 126
12 170
152 69
184 82
215 46
242 126
82 108
201 61
172 117
70 101
50 179
229 150
49 62
151 16
84 129
170 197
128 85
236 6
226 172
88 90
161 171
207 102
81 99
177 133
106 217
49 60
70 71
195 11
43 10
142 230
21 42
213 78
21 229
228 22
154 142
36 241
112 128
96 24
173 202
14 65
53 60
194 91
231 49
229 31
176 64
234 134
84 219
46 242
73 32
175 188
16 87
26 249
64 4
244 134
145 185
222 250
104 249
183 120
243 153
249 177
38 194
58 74
199 182
70 219
22 201
44 162
140 63
69 23
157 70
87 163
193 35
9 41
129 170
203 230
217 39
58 161
208 118
152 120
78 34
38 140
250 76
214 102
121 17
102 195
33 130
214 119
195 47
149 17
183 230
158 220
21 80
110 239
77 153
24 211
232 121
117 134
205 133
173 57
177 168
151 45
38 233
49 75
205 159
162 136
175 250
120 91
75 51
207 76
95 214
100 210
45 72
216 86
22 127
159 160
11 90
139 102
81 147
219 60
38 47
136 2
60 172
249 18
57 122
58 92
249 98
238 171
220 205
148 15
217 78
183 213
13 33
167 157
182 110
197 7
89 226
229 16
138 72
44 106
71 83
231 148
247 142
152 114
104 227
238 53
125 136
208 205
130 132
21 171
148 69
244 22
244 127
22 81
27 47
124 161
59 230
163 92
23 227
9 73
60 161
248 122
46 41
50 235
141 164
161 231
201 41
169 136
112 201
204 212
45 98
81 112
63 130
59 42
161 244
70 188
197 19
44 229
16 227
32 197
233 148
115 17
221 85
79 215
189 47
205 10
191 229
205 181
8 69
191 125
242 87
153 85
23 6
177 242
160 138
152 65
20 180
42 65
167 205
33 42
158 197
167 238
176 210
221 206
124 115
235 232
50 138
214 243
157 214
194 108
95 104
137 18
193 108
60 40
239 215
185 135
193 170
179 157
239 199
206 12
57 167
43 217
48 57
213 42
144 16
6 50
176 224
155 207
64 127
10 85
133 126
146 231
25 26
70 161
21 93
37 166
78 62
113 158
32 185
87 137
35 42
217 14
182 21
41 69
211 200
163 72
28 219
210 74
199 110
91 196
168 249
84 29
36 167
100 45
195 111
125 162
217 162
124 30
80 240
69 234
64 146
120 214
115 122
197 181
25 187
22 148
157 241
182 198
31 96
131 86
21 216
234 85
246 87
91 222
216 29
194 154
10 217
66 182
161 5
118 98
210 82
63 55
244 166
124 157
164 162
18 97
113 15
41 27
24 145
184 156
148 97
223 231
66 244
70 33
229 38
163 47
139 227
171 153
221 210
177 20
137 35
155 212
156 81
138 18
220 72
43 152
43 140
153 226
179 66
207 56
16 136
171 3
155 125
166 115
69 246
40 195
46 85
233 180
122 97
246 33
126 163
80 137
142 163
105 83
66 222
43 135
93 163
220 84
19 40
209 28
101 236
53 52
237 84
148 33
184 86
96 150
199 238
185 153
162 21
25 52
180 53
39 91
206 151
2 139
107 210
197 195
10 220
42 78
231 15
226 167
36 213
10 82
178 163
249 69
35 23
207 183
178 205
22 78
36 249
14 114
108 61
249 4
244 202
70 234
34 3
209 247
189 42
178 58
114 119
72 110
127 149
54 37
77 181
42 226
185 108
76 226
190 130
235 40
28 248
195 145
152 88
120 18
24 37
147 102
169 72
39 168
221 65
151 48
113 41
157 77
189 198
98 56
101 202
120 15
134 183
181 167
58 165
246 237
196 143
89 158
95 81
168 184
65 103
91 141
229 247
193 178
131 51
113 100
218 141
184 139
158 208
102 111
242 206
216 192
162 179
138 161
180 186
122 222
155 95
167 149
22 112
98 81
67 224
4 187
167 148
228 10
68 219
238 70
43 233
241 41
161 192
250 134
42 4
134 96
115 198
214 83
26 2
76 47
123 139
217 137
102 21
187 162
116 234
43 89
10 55
146 90
98 215
128 184
214 56
148 96
73 38
35 205
237 233
217 239
214 75
52 155
213 101
61 18
143 214
222 144
227 11
139 188
111 184
139 17
3 63
143 228
163 18
126 250
136 247
185 60
57 117
233 45
36 6
231 156
33 156
116 245
224 38
230 129
187 49
245 236
112 87
164 146
166 75
196 8
1 219
221 173
136 183
173 18
199 200
156 136
162 123
117 213
74 239
84 37
136 240
17 191
83 189
4 158
204 205
89 39
30 200
104 106
62 99
116 14
78 241
124 86
204 207
88 13
29 245
207 163
239 38
159 32
173 127
4 232
109 64
85 227
234 156
31 57
94 38
130 211
120 25
46 161
45 25
110 135
173 186
61 34
65 43
162 94
11 148
208 235
24 216
116 124
15 140
73 61
181 41
119 75
172 114
222 11
13 178
141 20
196 136
23 124
121 160
148 129
216 148
95 128
146 199
240 191
113 146
80 163
63 97
184 64
191 224
204 59
10 187
97 2
186 207
135 78
246 17
85 133
184 40
203 234
234 133
245 221
48 205
218 160
130 79
147 214
51 189
1 96
20 131
192 120
170 194
12 62
28 23
234 230
99 171
14 102
214 182
199 149
37 182
143 211
171 133
101 132
181 75
234 8
147 138
245 231
23 7
103 210
168 171
196 240
171 47
95 110
224 209
133 210
28 75
220 210
171 183
221 43
192 35
48 202
171 67
157 230
26 126
128 232
156 79
245 201
178 106
70 23
33 206
189 203
95 3
101 18
172 176
219 248
32 228
117 35
106 175
74 34
141 247
31 24
133 72
86 183
163 186
98 151
202 200
202 248
180 151
55 134
29 73
70 8
34 2
40 165
178 62
182 215
220 208
38 161
180 86
12 113
247 168
131 148
120 246
86 156
97 200
171 5
110 125
174 139
207 249
8 166
133 60
114 2
225 93
179 125
56 171
166 92
126 38
28 172
133 132
53 18
20 123
16 184
196 17
169 36
53 121
123 147
2 66
76 239
3 40
105 106
223 63
186 233
111 54
4 170
248 92
192 86
193 74
146 184
237 211
107 191
142 36
249 61
155 23
33 188
78 82
166 71
30 245
171 229
32 162
210 121
141 200
235 201
50 248
112 154
142 16
216 144
211 154
243 93
3 89
52 232
182 105
222 29
184 165
21 82
106 2
188 168
32 5
159 158
159 184
122 20
110 154
128 141
25 219
140 166
184 230
89 10
93 161
69 157
154 24
63 178
169 50
198 141
200 95
18 31
200 107
170 90
238 229
106 204
203 245
194 158
38 214
131 182
156 68
61 224
228 171
151 144
197 143
41 101
183 232
192 43
34 191
28 228
148 234
38 190
108 97
159 77
37 41
227 186
164 59
77 129
249 44
173 27
232 178
